4 0.776520 0.304650 0.073430 0.167180
1 0.784340 0.379670 0.081210 0.192170
0 0.803110 0.509360 0.064040 0.139020
0 0.749970 0.215610 0.054660 0.129690
2 0.739020 0.134360 0.059330 0.118750
2 0.817170 0.629660 0.078100 0.124970
5 0.831220 0.762460 0.076540 0.134360
5 0.737470 0.065600 0.051540 0.099980
3 0.653100 0.064040 0.042160 0.095310
3 0.657770 0.143740 0.042160 0.095310
3 0.668710 0.229660 0.045270 0.098420
3 0.674980 0.312470 0.042160 0.098420
3 0.685920 0.410890 0.049990 0.099980
3 0.696860 0.523410 0.054660 0.107800
3 0.710920 0.637490 0.051540 0.112470
3 0.723410 0.762460 0.054660 0.112470
10 0.157790 0.270270 0.064040 0.174960
7 0.143740 0.359350 0.071870 0.201560
6 0.164020 0.190620 0.051540 0.139020
6 0.126530 0.489040 0.056210 0.135910
8 0.182790 0.112470 0.054660 0.131240
8 0.131240 0.607780 0.067150 0.145300
11 0.099980 0.757790 0.071870 0.139020
11 0.184340 0.048430 0.049990 0.085920
9 0.260930 0.128080 0.045270 0.099980
9 0.264040 0.049990 0.042160 0.087480
9 0.257770 0.215610 0.042160 0.098420
9 0.249990 0.304650 0.046880 0.104650
9 0.246880 0.409340 0.046880 0.103090
9 0.235930 0.518750 0.049990 0.098420
9 0.231220 0.621840 0.051540 0.107800
9 0.215610 0.748410 0.064040 0.114030
