9 0.234380 0.159350 0.067150 0.117190
6 0.403110 0.445270 0.068710 0.149970
7 0.110920 0.303090 0.087480 0.220280
10 0.309360 0.143740 0.073430 0.192170
11 0.398400 0.349970 0.068710 0.139020
8 0.403110 0.678100 0.076540 0.167180
9 0.209340 0.337470 0.064040 0.126530
9 0.301530 0.581230 0.067150 0.131240
5 0.231220 0.065600 0.067150 0.114030
2 0.182790 0.667150 0.078100 0.170290
1 0.756240 0.318750 0.103090 0.223440
3 0.498420 0.699980 0.064040 0.129690
3 0.560910 0.367180 0.056210 0.121860
3 0.571850 0.568730 0.064040 0.134360
