9 0.731240 0.153120 0.062490 0.112470
6 0.568730 0.429660 0.064040 0.143740
7 0.851540 0.295310 0.082760 0.210890
10 0.659370 0.137470 0.068710 0.181230
11 0.573400 0.335910 0.067150 0.131240
8 0.567180 0.653100 0.071870 0.160910
9 0.754680 0.328080 0.059330 0.121860
9 0.664040 0.559350 0.064040 0.124970
5 0.735910 0.059330 0.062490 0.118750
2 0.778120 0.645270 0.073430 0.162460
1 0.229660 0.299980 0.098420 0.212500
3 0.474980 0.668710 0.062490 0.121860
3 0.417170 0.349970 0.051540 0.117190
3 0.403110 0.543740 0.062490 0.129690
