11 0.196840 0.090590 0.062490 0.126530
7 0.168730 0.307800 0.078100 0.203110
10 0.343740 0.143740 0.068710 0.193730
6 0.357790 0.426550 0.059330 0.148410
6 0.185900 0.153120 0.064040 0.148410
8 0.234380 0.787460 0.081210 0.162460
9 0.273430 0.167180 0.051540 0.117190
9 0.257770 0.334360 0.049990 0.104650
9 0.262490 0.435930 0.064040 0.114030
9 0.356240 0.564020 0.051540 0.117190
1 0.768730 0.301530 0.082760 0.210890
0 0.601560 0.159350 0.059330 0.148410
5 0.571850 0.074980 0.059330 0.131240
5 0.506250 0.165580 0.062490 0.129690
2 0.242160 0.637490 0.087480 0.162460
2 0.440600 0.248430 0.062490 0.129690
3 0.740580 0.776520 0.068710 0.134360
3 0.418720 0.178120 0.054660 0.109360
3 0.682760 0.343740 0.049990 0.112470
3 0.606230 0.543740 0.059330 0.121860
3 0.543740 0.668710 0.064040 0.121860
