9 0.434380 0.587460 0.034380 0.043720
9 0.562460 0.501530 0.031220 0.042160
9 0.665600 0.460930 0.029660 0.037490
9 0.645270 0.437490 0.031220 0.037490
9 0.571850 0.415610 0.028110 0.035930
9 0.578120 0.362460 0.026550 0.032780
9 0.562460 0.346850 0.024990 0.032780
9 0.549970 0.326530 0.021840 0.031220
8 0.587460 0.434380 0.035930 0.049990
8 0.528080 0.365580 0.032780 0.045270
6 0.693710 0.481210 0.035930 0.054660
6 0.618720 0.403110 0.031220 0.048430
11 0.753120 0.473430 0.042160 0.046880
10 0.662490 0.390620 0.039050 0.059330
11 0.624990 0.357790 0.031220 0.039050
7 0.609340 0.328080 0.035930 0.060930
3 0.490590 0.290590 0.021840 0.029660
3 0.368730 0.531240 0.034380 0.042160
3 0.349970 0.496860 0.029660 0.040600
3 0.451540 0.424990 0.026550 0.037490
3 0.434380 0.403110 0.024990 0.037490
5 0.290590 0.529690 0.043720 0.051540
0 0.282760 0.468710 0.039050 0.056210
2 0.403110 0.453100 0.039050 0.051540
4 0.274980 0.434380 0.039050 0.062490
