7 0.298420 0.423440 0.039050 0.099980
9 0.292150 0.482760 0.032780 0.060930
9 0.335910 0.464040 0.034380 0.057770
11 0.392170 0.421840 0.032780 0.065600
9 0.389060 0.454660 0.035930 0.051540
10 0.446880 0.396840 0.032780 0.081210
6 0.484370 0.448430 0.032780 0.074980
9 0.523410 0.417170 0.023440 0.048430
6 0.529690 0.435930 0.029660 0.073430
9 0.539020 0.476540 0.026550 0.056210
9 0.549970 0.414050 0.018720 0.043720
11 0.554680 0.382790 0.023440 0.046880
8 0.578120 0.429660 0.039050 0.059330
9 0.589060 0.398400 0.024990 0.048430
3 0.562460 0.632780 0.051540 0.082760
2 0.592170 0.542180 0.046880 0.087480
3 0.618720 0.609340 0.046880 0.076540
1 0.681210 0.610890 0.082760 0.173400
5 0.751520 0.601560 0.054660 0.095310
3 0.664040 0.582790 0.040600 0.071870
0 0.643720 0.517190 0.043720 0.089040
3 0.659370 0.470270 0.032780 0.059330
3 0.685920 0.510920 0.034380 0.059330
0 0.717190 0.540630 0.031220 0.112470
3 0.779670 0.518750 0.042160 0.062490
3 0.832780 0.484370 0.043720 0.054660
