6 0.554680 0.426550 0.064040 0.156240
11 0.559350 0.328080 0.068710 0.143740
10 0.651540 0.129690 0.071870 0.189060
8 0.542180 0.653100 0.078100 0.156240
9 0.645270 0.564020 0.056210 0.135910
9 0.726530 0.156240 0.051540 0.112470
9 0.746850 0.331240 0.064040 0.118750
7 0.845270 0.299980 0.085920 0.223440
5 0.729690 0.068710 0.059330 0.104650
2 0.771850 0.649990 0.085920 0.171850
1 0.209340 0.279650 0.090590 0.210890
3 0.399950 0.334360 0.056210 0.118750
3 0.570290 0.539020 0.059330 0.124970
3 0.449990 0.670270 0.062490 0.121860
