9 0.328080 0.067150 0.046880 0.070270
9 0.310920 0.221840 0.049990 0.054660
9 0.326530 0.314030 0.045270 0.054660
9 0.329690 0.403110 0.051540 0.045270
9 0.493710 0.482760 0.049990 0.040600
9 0.323410 0.664040 0.045270 0.048430
9 0.332800 0.746850 0.045270 0.054660
9 0.335910 0.839050 0.045270 0.059330
9 0.476540 0.584340 0.049990 0.043720
11 0.224990 0.043720 0.057770 0.087480
8 0.423440 0.659370 0.062490 0.060930
8 0.237490 0.312470 0.064040 0.067150
6 0.232780 0.403110 0.062490 0.049990
6 0.224990 0.690590 0.056210 0.064040
10 0.234380 0.498420 0.065600 0.062490
7 0.218720 0.584340 0.068710 0.064040
11 0.224990 0.201560 0.060930 0.081210
11 0.237490 0.862490 0.062490 0.082760
3 0.695310 0.115590 0.060930 0.054660
3 0.701530 0.271870 0.057770 0.054660
3 0.695310 0.348410 0.056210 0.046880
3 0.692150 0.414050 0.054660 0.039050
3 0.579670 0.579670 0.060930 0.043720
3 0.703090 0.718750 0.060930 0.048430
3 0.701530 0.640600 0.059330 0.037490
3 0.701530 0.485920 0.059330 0.037490
3 0.706250 0.784340 0.062490 0.049990
3 0.699980 0.040600 0.056210 0.062490
5 0.771850 0.118750 0.074980 0.067150
5 0.762460 0.260930 0.074980 0.056210
5 0.781230 0.764020 0.074980 0.059330
2 0.778120 0.698420 0.082760 0.049990
2 0.635930 0.409340 0.078100 0.049990
0 0.770290 0.417170 0.082760 0.046880
0 0.773400 0.635930 0.090590 0.046880
1 0.782790 0.564020 0.110920 0.059330
4 0.773400 0.482760 0.103090 0.054660
