1 0.318750 0.518750 0.142180 0.174960
1 0.124970 0.231220 0.126530 0.184340
3 0.637490 0.854660 0.093710 0.103090
5 0.531240 0.882760 0.112470 0.132800
3 0.537470 0.726530 0.089040 0.110920
3 0.503090 0.639050 0.090590 0.101530
5 0.187460 0.345300 0.095310 0.128080
3 0.215610 0.246880 0.076540 0.093710
3 0.160910 0.159350 0.074980 0.096860
3 0.265600 0.326530 0.079650 0.098420
3 0.621840 0.362460 0.071870 0.092150
3 0.515590 0.503090 0.079650 0.098420
9 0.699980 0.456210 0.078100 0.093710
9 0.737470 0.253100 0.071870 0.087480
9 0.678100 0.173400 0.073430 0.092150
9 0.606230 0.096860 0.067150 0.090590
10 0.874980 0.515590 0.132800 0.159350
9 0.939020 0.512470 0.081210 0.089040
11 0.818720 0.231220 0.098420 0.110920
7 0.765580 0.118750 0.114030 0.157790
2 0.332800 0.414050 0.093710 0.128080
