8 0.115590 0.160910 0.120300 0.098420
8 0.120300 0.648430 0.106250 0.090590
8 0.339020 0.353120 0.084370 0.093710
8 0.731240 0.224990 0.090590 0.115590
8 0.623440 0.562460 0.079650 0.087480
8 0.435930 0.559350 0.090590 0.079650
8 0.321860 0.656210 0.103090 0.087480
7 0.520300 0.767180 0.084370 0.121860
7 0.735910 0.454660 0.106250 0.082760
10 0.331240 0.140580 0.110920 0.132800
2 0.531240 0.454660 0.087480 0.089040
2 0.845270 0.665600 0.103090 0.093710
1 0.528080 0.132800 0.099980 0.140580
1 0.851540 0.901530 0.121860 0.149970
1 0.314030 0.868710 0.114030 0.146850
