8 0.345300 0.162460 0.076540 0.101530
8 0.339020 0.357790 0.082760 0.079650
8 0.637490 0.365580 0.087480 0.073430
8 0.442160 0.471870 0.082760 0.078100
8 0.439050 0.645270 0.084370 0.084370
8 0.753120 0.740580 0.098420 0.085920
8 0.815610 0.157790 0.106250 0.112470
7 0.243720 0.559350 0.115590 0.092150
7 0.542180 0.753120 0.087480 0.110920
10 0.835930 0.360910 0.123410 0.099980
2 0.539020 0.557790 0.087480 0.082760
2 0.349970 0.851540 0.087480 0.098420
1 0.137470 0.359350 0.134360 0.095310
1 0.845270 0.548410 0.123410 0.093710
1 0.126530 0.865600 0.129690 0.129690
