10 0.518750 0.696860 0.076540 0.095310
8 0.603110 0.784340 0.082760 0.092150
8 0.789060 0.801560 0.081210 0.093710
8 0.785900 0.621840 0.101530 0.087480
8 0.431220 0.618720 0.087480 0.078100
8 0.524970 0.439050 0.079650 0.085920
8 0.690590 0.354680 0.076540 0.076540
8 0.604670 0.176520 0.068710 0.095310
7 0.339020 0.793730 0.110920 0.110920
7 0.793730 0.526530 0.090590 0.074980
2 0.267150 0.440600 0.074980 0.065600
2 0.271870 0.693710 0.081210 0.085920
1 0.257770 0.176520 0.109360 0.106250
1 0.170290 0.271870 0.120300 0.098420
1 0.348410 0.351520 0.090590 0.090590
