8 0.660930 0.379670 0.070270 0.084370
8 0.665600 0.556240 0.081210 0.078100
8 0.662490 0.728080 0.076540 0.087480
8 0.756240 0.828110 0.073430 0.103090
8 0.209340 0.832780 0.093710 0.092150
8 0.209340 0.379670 0.073430 0.070270
8 0.390620 0.290590 0.074980 0.089040
1 0.856210 0.462490 0.120300 0.085920
1 0.474980 0.839050 0.082760 0.117190
1 0.295310 0.281210 0.085920 0.096860
2 0.745300 0.284370 0.065600 0.092150
2 0.304650 0.556240 0.084370 0.078100
10 0.306250 0.737470 0.089040 0.101530
7 0.481210 0.378120 0.073430 0.087480
7 0.489040 0.649990 0.081210 0.087480
