8 0.176520 0.384340 0.090590 0.082760
8 0.179670 0.549970 0.085920 0.073430
8 0.371850 0.553080 0.071870 0.084370
8 0.462490 0.642160 0.073430 0.079650
8 0.631220 0.543740 0.089040 0.073430
8 0.717190 0.289040 0.081210 0.078100
8 0.179670 0.742180 0.079650 0.092150
7 0.365580 0.839050 0.084370 0.123410
7 0.637490 0.826550 0.087480 0.117190
10 0.818720 0.187460 0.120300 0.112470
2 0.539020 0.371850 0.085920 0.085920
2 0.829660 0.807780 0.103090 0.082760
1 0.282760 0.742180 0.098420 0.107800
1 0.729690 0.729690 0.095310 0.093710
1 0.260930 0.276540 0.104650 0.098420
