8 0.789060 0.196840 0.085920 0.087480
8 0.524970 0.212500 0.074980 0.087480
8 0.176520 0.389060 0.101530 0.084370
8 0.529690 0.549970 0.074980 0.076540
8 0.618720 0.815610 0.074980 0.098420
8 0.445270 0.645270 0.070270 0.078100
8 0.268710 0.814050 0.079650 0.065600
1 0.790620 0.368730 0.090590 0.093710
1 0.353120 0.198400 0.106250 0.104650
1 0.796840 0.560910 0.103090 0.078100
2 0.178120 0.201560 0.093710 0.085920
2 0.434380 0.807780 0.074980 0.078100
7 0.162460 0.548410 0.115590 0.084370
7 0.800000 0.723410 0.107800 0.084370
10 0.354680 0.457770 0.085920 0.082760
