10 0.639050 0.710920 0.087480 0.081210
8 0.231220 0.626550 0.090590 0.076540
8 0.390620 0.628110 0.082760 0.065600
8 0.626550 0.545300 0.067150 0.071870
8 0.465600 0.384340 0.073430 0.065600
8 0.695310 0.210890 0.062490 0.082760
8 0.214050 0.798400 0.089040 0.087480
8 0.804670 0.706250 0.095310 0.071870
7 0.212500 0.396840 0.104650 0.076540
7 0.801560 0.448430 0.098420 0.068710
2 0.379670 0.215610 0.074980 0.078100
2 0.374960 0.468710 0.065600 0.067150
1 0.557790 0.798400 0.070270 0.101530
1 0.535910 0.207780 0.065600 0.101530
1 0.790620 0.200000 0.090590 0.090590
