10 0.432780 0.729690 0.084370 0.104650
8 0.171850 0.548410 0.101530 0.068710
8 0.178120 0.296860 0.089040 0.079650
8 0.520300 0.385900 0.068710 0.068710
8 0.609340 0.462490 0.071870 0.079650
8 0.604670 0.795280 0.074980 0.081210
8 0.264040 0.814050 0.078100 0.092150
8 0.609340 0.635930 0.071870 0.084370
7 0.518750 0.635930 0.084370 0.085920
7 0.512470 0.284370 0.082760 0.093710
2 0.693710 0.731240 0.074980 0.099980
2 0.685920 0.293710 0.074980 0.087480
1 0.431220 0.546850 0.074980 0.082760
1 0.342180 0.640600 0.092150 0.101530
1 0.346850 0.379670 0.079650 0.073430
