8 0.285920 0.174960 0.081210 0.087480
8 0.815610 0.551520 0.101530 0.071870
8 0.732800 0.729690 0.085920 0.087480
8 0.376520 0.824990 0.085920 0.107800
8 0.190620 0.737470 0.093710 0.101530
8 0.289040 0.639050 0.074980 0.090590
8 0.462490 0.551520 0.076540 0.084370
7 0.181230 0.454660 0.107800 0.073430
7 0.654660 0.359350 0.107800 0.090590
10 0.654660 0.546850 0.110920 0.079650
2 0.828110 0.367180 0.089040 0.074980
2 0.467150 0.281210 0.071870 0.084370
1 0.645270 0.185900 0.101530 0.114030
1 0.376520 0.360910 0.087480 0.095310
1 0.653100 0.834330 0.118750 0.117190
