8 0.610890 0.232780 0.070270 0.087480
8 0.781230 0.568730 0.076540 0.074980
8 0.796840 0.823440 0.092150 0.092150
8 0.456210 0.574960 0.070270 0.076540
8 0.362460 0.495310 0.070270 0.065600
8 0.196840 0.320300 0.079650 0.085920
8 0.198400 0.668710 0.090590 0.071870
1 0.796840 0.409340 0.101530 0.074980
1 0.631220 0.828110 0.092150 0.114030
1 0.453100 0.843720 0.085920 0.107800
2 0.790620 0.234380 0.078100 0.085920
2 0.200000 0.485920 0.078100 0.084370
10 0.543740 0.406230 0.078100 0.081210
7 0.453100 0.218720 0.074980 0.112470
7 0.287480 0.851540 0.078100 0.115590
