8 0.353120 0.148410 0.090590 0.089040
8 0.164020 0.342180 0.092150 0.092150
8 0.178120 0.624990 0.093710 0.078100
8 0.274980 0.724970 0.079650 0.093710
8 0.729690 0.618720 0.081210 0.096860
8 0.557790 0.804670 0.081210 0.103090
8 0.824990 0.709360 0.092150 0.101530
7 0.362460 0.342180 0.093710 0.085920
7 0.549970 0.435930 0.090590 0.092150
10 0.546850 0.623440 0.079650 0.101530
2 0.642160 0.146850 0.068710 0.093710
2 0.274980 0.231220 0.076540 0.085920
1 0.553080 0.237490 0.090590 0.110920
1 0.845270 0.329690 0.120300 0.101530
1 0.364020 0.624990 0.085920 0.096860
