8 0.267150 0.206230 0.084370 0.089040
8 0.449990 0.215610 0.073430 0.084370
8 0.621840 0.224990 0.082760 0.084370
8 0.456210 0.399950 0.079650 0.070270
8 0.359350 0.495310 0.081210 0.081210
8 0.453100 0.665600 0.082760 0.082760
8 0.707800 0.745300 0.074980 0.090590
7 0.157790 0.393730 0.121860 0.082760
7 0.164020 0.678100 0.109360 0.103090
10 0.804670 0.840600 0.121860 0.117190
1 0.721860 0.312470 0.110920 0.092150
1 0.264040 0.776520 0.076540 0.112470
2 0.623440 0.574960 0.062490 0.074980
2 0.173400 0.876540 0.074980 0.117190
1 0.267150 0.306250 0.082760 0.099980
