8 0.256210 0.270270 0.099980 0.092150
8 0.543740 0.357790 0.079650 0.085920
8 0.545300 0.523410 0.081210 0.076540
8 0.359350 0.614050 0.087480 0.071870
8 0.182790 0.818720 0.095310 0.093710
8 0.639050 0.806230 0.079650 0.093710
8 0.635930 0.621840 0.078100 0.078100
7 0.445270 0.254660 0.079650 0.107800
7 0.720300 0.437490 0.099980 0.082760
10 0.170290 0.618720 0.124970 0.076540
1 0.820280 0.156240 0.123410 0.126530
1 0.168730 0.440600 0.118750 0.087480
2 0.628110 0.171850 0.081210 0.092150
2 0.449990 0.439050 0.081210 0.076540
1 0.826550 0.615610 0.126530 0.082760
