10 0.698420 0.420280 0.081210 0.084370
7 0.348410 0.518750 0.096860 0.078100
7 0.701530 0.790620 0.087480 0.114030
8 0.520300 0.342180 0.074980 0.078100
8 0.689040 0.153120 0.076540 0.090590
8 0.343740 0.349970 0.079650 0.068710
8 0.267150 0.262490 0.081210 0.084370
8 0.178120 0.185900 0.082760 0.084370
8 0.442160 0.782790 0.073430 0.084370
8 0.514030 0.164020 0.081210 0.106250
1 0.256210 0.784340 0.092150 0.092150
1 0.354680 0.785900 0.087480 0.090590
1 0.603110 0.510920 0.076540 0.076540
2 0.523410 0.601560 0.087480 0.068710
2 0.437490 0.424990 0.081210 0.085920
