8 0.184340 0.212500 0.082760 0.107800
8 0.284370 0.409340 0.079650 0.085920
8 0.282760 0.600000 0.085920 0.090590
8 0.181230 0.793730 0.082760 0.112470
8 0.646830 0.514030 0.079650 0.081210
8 0.456210 0.795280 0.081210 0.103090
8 0.654660 0.795280 0.085920 0.103090
7 0.470270 0.510920 0.085920 0.084370
7 0.662490 0.704650 0.099980 0.096860
10 0.665600 0.232780 0.101530 0.121860
2 0.462490 0.235930 0.082760 0.093710
1 0.753120 0.426550 0.120300 0.074980
1 0.856210 0.612500 0.131240 0.087480
2 0.839050 0.142180 0.103090 0.117190
1 0.368730 0.693710 0.073430 0.099980
