10 0.634380 0.545300 0.087480 0.067150
8 0.214050 0.304650 0.093710 0.079650
8 0.465600 0.304650 0.074980 0.081210
8 0.546850 0.218720 0.071870 0.095310
8 0.631220 0.382790 0.082760 0.084370
8 0.800000 0.379670 0.092150 0.073430
8 0.721860 0.792170 0.090590 0.070270
8 0.628110 0.715590 0.071870 0.082760
7 0.468710 0.470270 0.084370 0.071870
7 0.718750 0.203110 0.089040 0.112470
2 0.471870 0.623440 0.062490 0.068710
2 0.801560 0.628110 0.087480 0.070270
1 0.218720 0.559350 0.101530 0.085920
1 0.298420 0.724970 0.104650 0.095310
1 0.468710 0.804670 0.065600 0.098420
