10 0.179670 0.639050 0.124970 0.092150
8 0.195280 0.379670 0.090590 0.085920
8 0.374960 0.457770 0.096860 0.076540
8 0.729690 0.548410 0.082760 0.082760
8 0.832780 0.818720 0.103090 0.090590
8 0.645270 0.724970 0.082760 0.087480
8 0.640600 0.823440 0.085920 0.092150
8 0.290590 0.728080 0.092150 0.081210
7 0.373400 0.848430 0.090590 0.126530
7 0.487480 0.835930 0.068710 0.128080
2 0.459330 0.545300 0.085920 0.076540
2 0.720300 0.279650 0.092150 0.081210
1 0.365580 0.273430 0.073430 0.104650
1 0.459330 0.184340 0.076540 0.120300
1 0.831220 0.543740 0.114030 0.074980
