10 0.676540 0.817170 0.103090 0.118750
8 0.423440 0.376520 0.082760 0.081210
8 0.412500 0.206230 0.076540 0.090590
8 0.670270 0.201560 0.068710 0.090590
8 0.845270 0.637490 0.099980 0.090590
8 0.579670 0.628110 0.073430 0.079650
8 0.414050 0.624990 0.074980 0.076540
8 0.229660 0.726530 0.092150 0.085920
7 0.415610 0.468710 0.084370 0.082760
7 0.859370 0.192170 0.120300 0.114030
2 0.243720 0.385900 0.084370 0.076540
2 0.578120 0.459330 0.073430 0.073430
1 0.306250 0.193730 0.106250 0.099980
1 0.848430 0.467150 0.109360 0.067150
1 0.503090 0.810890 0.079650 0.112470
