10 0.276540 0.418720 0.103090 0.082760
8 0.198400 0.253100 0.106250 0.076540
8 0.710920 0.154680 0.084370 0.093710
8 0.456210 0.156240 0.070270 0.093710
8 0.373400 0.590620 0.076540 0.087480
8 0.212500 0.593730 0.082760 0.090590
7 0.376520 0.501530 0.087480 0.093710
2 0.271870 0.679650 0.096860 0.079650
2 0.717190 0.671870 0.095310 0.087480
1 0.457770 0.404670 0.078100 0.076540
1 0.359350 0.323410 0.085920 0.095310
1 0.623440 0.329690 0.078100 0.085920
8 0.628110 0.499980 0.065600 0.064040
8 0.546850 0.595280 0.070270 0.065600
7 0.723410 0.498420 0.085920 0.074980
