8 0.356240 0.431220 0.070270 0.067150
8 0.185900 0.254660 0.089040 0.093710
8 0.535910 0.181230 0.076540 0.085920
8 0.806230 0.435930 0.079650 0.073430
8 0.621840 0.523410 0.081210 0.071870
8 0.448430 0.792170 0.085920 0.071870
8 0.154680 0.796840 0.103090 0.079650
1 0.168730 0.426550 0.112470 0.092150
1 0.151520 0.612500 0.124970 0.087480
1 0.839050 0.804670 0.124970 0.090590
2 0.706250 0.171850 0.079650 0.093710
2 0.637490 0.792170 0.073430 0.081210
10 0.539020 0.339020 0.079650 0.115590
7 0.353120 0.159350 0.090590 0.132800
7 0.823440 0.601560 0.115590 0.092150
