10 0.260930 0.634380 0.093710 0.079650
8 0.181230 0.198400 0.089040 0.101530
8 0.349970 0.212500 0.074980 0.090590
8 0.595280 0.462490 0.081210 0.071870
8 0.359350 0.381230 0.092150 0.078100
8 0.440600 0.620280 0.084370 0.078100
8 0.265600 0.800000 0.079650 0.090590
8 0.771850 0.706250 0.081210 0.065600
7 0.589060 0.201560 0.079650 0.107800
7 0.526530 0.804670 0.078100 0.115590
2 0.504650 0.374960 0.071870 0.074980
2 0.768730 0.379670 0.071870 0.067150
1 0.170290 0.556240 0.117190 0.076540
1 0.781230 0.540630 0.096860 0.068710
1 0.779670 0.804670 0.092150 0.106250
