8 0.535910 0.181230 0.073430 0.095310
8 0.712470 0.262490 0.084370 0.089040
8 0.535910 0.540630 0.078100 0.076540
8 0.164020 0.720300 0.098420 0.084370
8 0.631220 0.712470 0.082760 0.084370
8 0.818720 0.617170 0.107800 0.087480
8 0.734360 0.804670 0.095310 0.082760
7 0.343740 0.343740 0.092150 0.107800
7 0.446880 0.824990 0.089040 0.112470
10 0.534360 0.342180 0.087480 0.110920
2 0.354680 0.171850 0.067150 0.095310
2 0.267150 0.537470 0.082760 0.071870
1 0.817170 0.340630 0.115590 0.115590
1 0.173400 0.357790 0.114030 0.104650
1 0.359350 0.621840 0.095310 0.085920
