8 0.301530 0.210890 0.079650 0.078100
8 0.223440 0.634380 0.071870 0.074980
8 0.310920 0.464040 0.070270 0.078100
8 0.393730 0.378120 0.068710 0.074980
8 0.315590 0.814050 0.078100 0.104650
8 0.562460 0.371850 0.076540 0.073430
8 0.654660 0.203110 0.074980 0.079650
7 0.660930 0.721860 0.090590 0.106250
7 0.487480 0.814050 0.071870 0.121860
10 0.831220 0.378120 0.121860 0.076540
1 0.390620 0.643720 0.084370 0.101530
1 0.828110 0.809340 0.112470 0.103090
2 0.646830 0.546850 0.082760 0.070270
2 0.740580 0.635930 0.084370 0.076540
1 0.215610 0.289040 0.099980 0.085920
