8 0.226550 0.462490 0.071870 0.067150
8 0.498420 0.187460 0.071870 0.093710
8 0.584340 0.376520 0.071870 0.076540
8 0.843720 0.542180 0.093710 0.074980
8 0.495310 0.639050 0.074980 0.071870
8 0.318750 0.832780 0.085920 0.079650
8 0.856210 0.818720 0.107800 0.093710
1 0.865600 0.185900 0.123410 0.110920
1 0.499980 0.835930 0.079650 0.110920
1 0.690590 0.837490 0.098420 0.110920
2 0.221840 0.274980 0.076540 0.089040
2 0.843720 0.370290 0.081210 0.078100
7 0.218720 0.654660 0.099980 0.089040
7 0.667150 0.182790 0.095310 0.112470
10 0.412500 0.465600 0.076540 0.071870
