8 0.368730 0.196840 0.076540 0.087480
8 0.721860 0.204670 0.084370 0.085920
8 0.818720 0.635930 0.096860 0.082760
8 0.542180 0.378120 0.073430 0.079650
8 0.457770 0.471870 0.078100 0.074980
8 0.459330 0.812500 0.074980 0.085920
8 0.193730 0.826550 0.096860 0.090590
1 0.181230 0.457770 0.109360 0.084370
1 0.192170 0.651540 0.101530 0.096860
1 0.639050 0.826550 0.084370 0.118750
2 0.549970 0.206230 0.070270 0.073430
2 0.815610 0.823440 0.078100 0.085920
7 0.176520 0.295310 0.124970 0.089040
7 0.826550 0.468710 0.120300 0.084370
10 0.634380 0.560910 0.079650 0.081210
