10 0.745300 0.339020 0.092150 0.092150
8 0.224990 0.270270 0.084370 0.076540
8 0.409340 0.518750 0.073430 0.074980
8 0.664040 0.596840 0.079650 0.079650
8 0.574960 0.343740 0.062490 0.071870
8 0.664040 0.770290 0.074980 0.076540
8 0.839050 0.773400 0.103090 0.079650
8 0.745300 0.168730 0.081210 0.098420
7 0.421840 0.784340 0.081210 0.098420
7 0.478100 0.165580 0.067150 0.123410
2 0.239050 0.612500 0.085920 0.071870
2 0.498420 0.603110 0.070270 0.076540
1 0.232780 0.439050 0.104650 0.081210
1 0.224990 0.171850 0.087480 0.110920
1 0.837490 0.410890 0.114030 0.078100
