8 0.193730 0.329690 0.074980 0.079650
8 0.203110 0.693710 0.079650 0.078100
8 0.371850 0.426550 0.074980 0.084370
8 0.374960 0.595280 0.068710 0.076540
8 0.459330 0.685920 0.070270 0.078100
8 0.821840 0.676540 0.101530 0.065600
8 0.635930 0.778120 0.076540 0.093710
7 0.721860 0.329690 0.104650 0.093710
7 0.823440 0.507800 0.120300 0.073430
10 0.373400 0.159350 0.071870 0.117190
2 0.553080 0.340630 0.070270 0.074980
2 0.645270 0.243720 0.081210 0.098420
1 0.642160 0.600000 0.104650 0.090590
1 0.284370 0.790620 0.089040 0.114030
1 0.814050 0.160910 0.098420 0.107800
