8 0.190620 0.220280 0.079650 0.079650
8 0.687480 0.231220 0.085920 0.071870
8 0.521860 0.395280 0.065600 0.067150
8 0.192170 0.476540 0.076540 0.067150
8 0.429660 0.634380 0.068710 0.067150
8 0.509360 0.800000 0.081210 0.081210
8 0.757790 0.564020 0.076540 0.073430
1 0.348410 0.215610 0.082760 0.095310
1 0.520300 0.218720 0.073430 0.087480
1 0.167180 0.806230 0.110920 0.120300
2 0.196840 0.640600 0.079650 0.071870
2 0.760910 0.729690 0.071870 0.079650
7 0.771850 0.392170 0.090590 0.085920
7 0.354680 0.809340 0.082760 0.101530
10 0.593730 0.557790 0.071870 0.071870
