10 0.820280 0.368730 0.107800 0.089040
8 0.642160 0.460930 0.084370 0.079650
8 0.396840 0.620280 0.070270 0.078100
8 0.237490 0.629660 0.081210 0.070270
8 0.232780 0.384340 0.103090 0.070270
8 0.648430 0.201560 0.074980 0.090590
8 0.746850 0.798400 0.081210 0.099980
8 0.653100 0.623440 0.076540 0.073430
7 0.214050 0.196840 0.101530 0.115590
7 0.485920 0.626550 0.071870 0.079650
2 0.482760 0.465600 0.079650 0.070270
2 0.414050 0.795280 0.076540 0.070270
1 0.231220 0.728080 0.093710 0.096860
1 0.824990 0.534360 0.110920 0.078100
1 0.478100 0.203110 0.064040 0.101530
