10 0.362460 0.189060 0.084370 0.110920
8 0.207780 0.362460 0.101530 0.076540
8 0.787460 0.268710 0.090590 0.087480
8 0.454660 0.362460 0.087480 0.078100
8 0.371850 0.771850 0.074980 0.092150
8 0.615610 0.774960 0.073430 0.092150
8 0.618720 0.360910 0.071870 0.065600
8 0.617170 0.610890 0.076540 0.071870
7 0.617170 0.524970 0.084370 0.078100
7 0.189060 0.785900 0.103090 0.096860
2 0.781230 0.592170 0.089040 0.065600
2 0.456210 0.528080 0.082760 0.065600
1 0.537470 0.181230 0.084370 0.114030
1 0.201560 0.528080 0.101530 0.071870
1 0.718750 0.776520 0.081210 0.092150
