8 0.559350 0.226550 0.073430 0.074980
8 0.817170 0.210890 0.096860 0.081210
8 0.818720 0.715590 0.076540 0.073430
8 0.646830 0.545300 0.081210 0.068710
8 0.399950 0.460930 0.073430 0.074980
8 0.224990 0.548410 0.078100 0.071870
8 0.478100 0.800000 0.076540 0.081210
1 0.218720 0.198400 0.099980 0.103090
1 0.829660 0.371850 0.096860 0.087480
1 0.823440 0.546850 0.107800 0.076540
10 0.473430 0.626550 0.076540 0.081210
7 0.220280 0.385900 0.101530 0.084370
7 0.659370 0.807780 0.093710 0.103090
2 0.393730 0.220280 0.070270 0.074980
2 0.306250 0.801560 0.079650 0.078100
