8 0.181230 0.193730 0.096860 0.089040
8 0.356240 0.185900 0.070270 0.087480
8 0.353120 0.282760 0.076540 0.078100
8 0.273430 0.439050 0.079650 0.079650
8 0.600000 0.512470 0.074980 0.056210
8 0.768730 0.596840 0.087480 0.065600
8 0.676540 0.276540 0.081210 0.071870
7 0.501530 0.184340 0.079650 0.117190
10 0.768730 0.354680 0.104650 0.085920
7 0.589060 0.165580 0.084370 0.121860
2 0.523410 0.435930 0.070270 0.076540
2 0.271870 0.682760 0.079650 0.084370
1 0.521860 0.770290 0.067150 0.092150
1 0.609340 0.682760 0.074980 0.081210
1 0.184340 0.442160 0.112470 0.085920
