10 0.637490 0.556240 0.084370 0.074980
8 0.274980 0.209340 0.093710 0.087480
8 0.456210 0.192170 0.079650 0.093710
8 0.632780 0.382790 0.092150 0.078100
8 0.814050 0.373400 0.092150 0.064040
8 0.454660 0.548410 0.079650 0.084370
8 0.721860 0.803110 0.104650 0.073430
8 0.190620 0.373400 0.092150 0.074980
7 0.464040 0.376520 0.085920 0.079650
7 0.648430 0.185900 0.098420 0.106250
2 0.473430 0.731240 0.071870 0.074980
2 0.806230 0.637490 0.087480 0.074980
1 0.182790 0.482760 0.104650 0.078100
1 0.187460 0.818720 0.098420 0.117190
1 0.839050 0.184340 0.120300 0.096860
