8 0.303090 0.201560 0.092150 0.078100
8 0.395280 0.296860 0.079650 0.076540
8 0.215610 0.381230 0.101530 0.071870
8 0.848430 0.284370 0.090590 0.079650
8 0.489040 0.467150 0.081210 0.073430
8 0.317190 0.724970 0.089040 0.085920
8 0.489040 0.806230 0.081210 0.096860
7 0.674980 0.648430 0.092150 0.103090
7 0.581230 0.192170 0.087480 0.104650
10 0.487480 0.646830 0.084370 0.106250
2 0.748410 0.457770 0.081210 0.067150
2 0.665600 0.812500 0.067150 0.085920
1 0.664040 0.378120 0.087480 0.082760
1 0.843720 0.631220 0.114030 0.098420
1 0.218720 0.649990 0.104650 0.112470
