10 0.573400 0.181230 0.070270 0.118750
8 0.221840 0.537470 0.084370 0.085920
8 0.404670 0.535910 0.087480 0.071870
8 0.485920 0.357790 0.089040 0.078100
8 0.226550 0.178120 0.101530 0.093710
8 0.823440 0.278100 0.103090 0.071870
8 0.476540 0.781230 0.070270 0.073430
8 0.314030 0.782790 0.087480 0.093710
7 0.215610 0.273430 0.112470 0.098420
7 0.398400 0.173400 0.076540 0.110920
2 0.731240 0.535910 0.087480 0.073430
2 0.654660 0.376520 0.084370 0.079650
1 0.573400 0.792170 0.085920 0.104650
1 0.831220 0.798400 0.104650 0.098420
1 0.564020 0.523410 0.087480 0.071870
