10 0.735910 0.457770 0.098420 0.079650
8 0.221840 0.376520 0.087480 0.076540
8 0.392170 0.292150 0.079650 0.087480
8 0.474980 0.457770 0.085920 0.079650
8 0.821840 0.374960 0.073430 0.084370
8 0.831220 0.192170 0.098420 0.082760
8 0.653100 0.548410 0.085920 0.076540
8 0.645270 0.196840 0.081210 0.090590
7 0.840600 0.632780 0.123410 0.081210
7 0.564020 0.187460 0.074980 0.118750
2 0.482760 0.715590 0.099980 0.087480
2 0.739020 0.718750 0.082760 0.073430
1 0.215610 0.731240 0.115590 0.109360
1 0.299980 0.807780 0.109360 0.104650
1 0.389060 0.632780 0.076540 0.078100
