8 0.814050 0.181230 0.081210 0.089040
8 0.295310 0.192170 0.078100 0.092150
8 0.382790 0.281210 0.073430 0.074980
8 0.382790 0.443720 0.073430 0.076540
8 0.385900 0.618720 0.065600 0.081210
8 0.648430 0.710920 0.076540 0.081210
8 0.818720 0.618720 0.079650 0.074980
1 0.564020 0.171850 0.081210 0.098420
1 0.206230 0.528080 0.115590 0.078100
1 0.731240 0.712470 0.079650 0.085920
2 0.728080 0.442160 0.068710 0.074980
2 0.301530 0.704650 0.073430 0.074980
10 0.720300 0.268710 0.087480 0.101530
7 0.551520 0.356240 0.082760 0.081210
7 0.556240 0.617170 0.076540 0.081210
