1 0.535910 0.424990 0.074980 0.076540
8 0.285920 0.868710 0.106250 0.095310
8 0.357790 0.279650 0.074980 0.081210
8 0.200000 0.448430 0.085920 0.078100
8 0.617170 0.606230 0.079650 0.065600
8 0.709360 0.756240 0.076540 0.071870
8 0.792170 0.854660 0.079650 0.082760
8 0.464040 0.860930 0.078100 0.076540
8 0.190620 0.774960 0.095310 0.071870
7 0.365580 0.432780 0.084370 0.074980
7 0.445270 0.693710 0.084370 0.082760
10 0.282760 0.695310 0.099980 0.076540
2 0.523410 0.273430 0.074980 0.065600
2 0.782790 0.507800 0.087480 0.068710
1 0.768730 0.254660 0.079650 0.093710
