10 0.392170 0.490590 0.085920 0.078100
8 0.210890 0.674980 0.104650 0.074980
8 0.845270 0.676540 0.106250 0.071870
8 0.574960 0.849990 0.073430 0.081210
8 0.767180 0.839050 0.098420 0.093710
8 0.393730 0.660930 0.085920 0.064040
8 0.571850 0.484370 0.081210 0.076540
8 0.299980 0.234380 0.112470 0.071870
7 0.564020 0.659370 0.089040 0.087480
7 0.376520 0.857770 0.114030 0.120300
2 0.221840 0.404670 0.085920 0.084370
2 0.560910 0.310920 0.089040 0.084370
1 0.837490 0.215610 0.112470 0.106250
1 0.851540 0.564020 0.143740 0.074980
1 0.193730 0.859370 0.112470 0.124970
