8 0.604670 0.181230 0.084370 0.096860
8 0.785900 0.264040 0.082760 0.089040
8 0.689040 0.359350 0.079650 0.079650
8 0.518750 0.453100 0.078100 0.073430
8 0.695310 0.815610 0.082760 0.093710
8 0.185900 0.453100 0.090590 0.071870
8 0.264040 0.281210 0.085920 0.085920
7 0.332800 0.629660 0.114030 0.078100
7 0.792170 0.539020 0.099980 0.081210
10 0.339020 0.451540 0.103090 0.081210
2 0.178120 0.621840 0.090590 0.062490
2 0.521860 0.712470 0.071870 0.085920
1 0.334360 0.181230 0.112470 0.109360
1 0.601560 0.623440 0.085920 0.089040
1 0.354680 0.793730 0.106250 0.112470
