5 0.170290 0.374960 0.053100 0.065600
5 0.042160 0.434380 0.082760 0.076540
5 0.543740 0.232780 0.035930 0.059330
5 0.631220 0.203110 0.029660 0.057770
3 0.418720 0.390620 0.034380 0.046880
3 0.345300 0.371850 0.034380 0.049990
3 0.271870 0.395280 0.043720 0.053100
3 0.214050 0.437490 0.046880 0.053100
3 0.487480 0.307800 0.029660 0.053100
3 0.532800 0.287480 0.029660 0.042160
3 0.581230 0.271870 0.032780 0.053100
3 0.665600 0.232780 0.029660 0.049990
3 0.712470 0.218720 0.029660 0.048430
3 0.748410 0.206230 0.034380 0.045270
3 0.778120 0.187460 0.031220 0.046880
3 0.853100 0.156240 0.032780 0.045270
3 0.887480 0.145300 0.029660 0.040600
3 0.060930 0.503090 0.057770 0.054660
9 0.114030 0.862490 0.073430 0.023440
9 0.181230 0.821840 0.065600 0.053100
9 0.365580 0.715590 0.053100 0.054660
9 0.448430 0.570290 0.040600 0.049990
9 0.431220 0.679650 0.043720 0.053100
9 0.615610 0.564020 0.039050 0.053100
9 0.674980 0.531240 0.040600 0.051540
9 0.715590 0.492150 0.037490 0.053100
9 0.781230 0.454660 0.049990 0.051540
9 0.868710 0.418720 0.053100 0.049990
9 0.906250 0.385900 0.040600 0.056210
9 0.948410 0.362460 0.045270 0.064040
9 0.946850 0.262490 0.043720 0.053100
6 0.976520 0.287480 0.045270 0.065600
6 0.543740 0.692150 0.059330 0.071870
6 0.717190 0.573400 0.053100 0.060930
11 0.395280 0.790620 0.065600 0.070270
11 0.832780 0.507800 0.056210 0.071870
11 0.914030 0.457770 0.065600 0.065600
8 0.960910 0.428110 0.070270 0.071870
8 0.785900 0.551520 0.067150 0.071870
8 0.462490 0.739020 0.062490 0.068710
8 0.879650 0.271870 0.049990 0.064040
10 0.481210 0.471870 0.053100 0.092150
7 0.667150 0.610890 0.064040 0.087480
0 0.290590 0.328080 0.051540 0.067150
0 0.451540 0.262490 0.039050 0.065600
0 0.712470 0.164020 0.035930 0.065600
4 0.348410 0.293710 0.053100 0.092150
4 0.753120 0.153120 0.034380 0.056210
1 0.784340 0.146850 0.032780 0.042160
2 0.521860 0.340630 0.042160 0.076540
2 0.510920 0.406230 0.045270 0.059330
2 0.782790 0.231220 0.040600 0.065600
0 0.818720 0.249990 0.043720 0.068710
3 0.914030 0.140580 0.031220 0.029660
2 0.842160 0.131240 0.029660 0.012500
1 0.410890 0.270270 0.046880 0.101530
