5 0.714030 0.164020 0.039050 0.065600
5 0.628110 0.206230 0.046880 0.071870
5 0.195280 0.346850 0.059330 0.064040
11 0.974960 0.504650 0.049990 0.064040
11 0.865600 0.578120 0.071870 0.068710
11 0.371850 0.809340 0.059330 0.056210
9 0.979670 0.348410 0.040600 0.054660
9 0.984340 0.431220 0.031220 0.049990
9 0.940630 0.448430 0.056210 0.051540
9 0.823440 0.504650 0.043720 0.056210
9 0.779670 0.539020 0.045270 0.046880
9 0.668710 0.496860 0.046880 0.048430
9 0.567180 0.465600 0.039050 0.045270
9 0.576520 0.642160 0.039050 0.046880
9 0.509360 0.668710 0.040600 0.042160
9 0.437490 0.692150 0.035930 0.045270
9 0.353120 0.731240 0.040600 0.042160
8 0.984340 0.284370 0.029660 0.056210
8 0.471870 0.584340 0.053100 0.059330
6 0.529690 0.554680 0.046880 0.056210
6 0.535910 0.734360 0.043720 0.053100
2 0.989060 0.167180 0.021840 0.045270
2 0.574960 0.339020 0.042160 0.071870
2 0.393730 0.392170 0.043720 0.062490
3 0.546850 0.410890 0.037490 0.048430
3 0.426550 0.334360 0.035930 0.046880
3 0.357790 0.356240 0.037490 0.049990
3 0.295310 0.374960 0.039050 0.048430
3 0.226550 0.393730 0.053100 0.053100
3 0.543740 0.292150 0.040600 0.051540
3 0.596840 0.271870 0.032780 0.056210
3 0.648430 0.260930 0.035930 0.054660
3 0.756240 0.220280 0.042160 0.053100
3 0.798400 0.187460 0.039050 0.053100
3 0.854660 0.170290 0.042160 0.056210
3 0.924970 0.198400 0.043720 0.056210
3 0.965580 0.140580 0.031220 0.029660
2 0.992170 0.228110 0.015610 0.048430
8 0.801560 0.598400 0.067150 0.071870
7 0.690590 0.659370 0.070270 0.071870
10 0.607780 0.690590 0.067150 0.068710
4 0.403110 0.267150 0.045270 0.089040
1 0.460930 0.246880 0.049990 0.095310
0 0.514030 0.237490 0.034380 0.076540
0 0.339020 0.285920 0.053100 0.070270
0 0.801560 0.145300 0.040600 0.040600
1 0.849990 0.134360 0.043720 0.018720
2 0.895310 0.131240 0.035930 0.010890
