4 0.815610 0.290590 0.071870 0.162460
1 0.820280 0.367180 0.073430 0.198400
0 0.734360 0.626550 0.056210 0.145300
0 0.784340 0.200000 0.054660 0.140580
11 0.867150 0.753120 0.078100 0.145300
11 0.773400 0.062490 0.051540 0.098420
2 0.453100 0.387460 0.062490 0.135910
2 0.615610 0.112470 0.049990 0.139020
3 0.693710 0.131240 0.042160 0.087480
3 0.687480 0.051540 0.045270 0.078100
3 0.734360 0.514030 0.049990 0.103090
3 0.723410 0.403110 0.049990 0.104650
3 0.701530 0.214050 0.045270 0.104650
3 0.534360 0.290590 0.042160 0.109360
3 0.634380 0.624990 0.051540 0.114030
3 0.664040 0.756240 0.056210 0.118750
11 0.210890 0.042160 0.056210 0.076540
11 0.251540 0.751520 0.071870 0.140580
7 0.170290 0.351520 0.081210 0.207780
10 0.185900 0.260930 0.078100 0.176520
6 0.154680 0.481210 0.067150 0.145300
6 0.376520 0.046880 0.054660 0.081210
8 0.374960 0.178120 0.059330 0.140580
8 0.164020 0.600000 0.076540 0.148410
9 0.457770 0.748410 0.056210 0.112470
9 0.267150 0.507800 0.049990 0.103090
9 0.262490 0.617170 0.062490 0.109360
9 0.278100 0.401560 0.049990 0.109360
9 0.449990 0.290590 0.045270 0.103090
9 0.445270 0.121860 0.045270 0.099980
9 0.287480 0.203110 0.046880 0.107800
9 0.293710 0.045270 0.046880 0.081210
