4 0.798400 0.315590 0.071870 0.162460
1 0.804670 0.392170 0.076540 0.196840
0 0.726530 0.648430 0.059330 0.143740
0 0.762460 0.224990 0.054660 0.140580
11 0.862490 0.773400 0.078100 0.143740
11 0.748410 0.074980 0.051540 0.121860
2 0.440600 0.415610 0.059330 0.135910
2 0.593730 0.140580 0.049990 0.135910
3 0.671870 0.157790 0.042160 0.087480
3 0.662490 0.065600 0.045270 0.099980
3 0.724970 0.535910 0.049990 0.103090
3 0.709360 0.424990 0.049990 0.104650
3 0.681210 0.239050 0.045270 0.104650
3 0.518750 0.317190 0.042160 0.109360
3 0.628110 0.648430 0.051540 0.112470
3 0.659370 0.778120 0.056210 0.118750
11 0.189060 0.057770 0.056210 0.112470
11 0.249990 0.778120 0.071870 0.139020
7 0.159350 0.381230 0.078100 0.206230
10 0.170290 0.292150 0.078100 0.174960
6 0.148410 0.512470 0.067150 0.145300
6 0.351520 0.059330 0.054660 0.114030
8 0.356240 0.209340 0.059330 0.139020
8 0.159350 0.631220 0.076540 0.145300
9 0.456210 0.773400 0.056210 0.112470
9 0.257770 0.535910 0.049990 0.103090
9 0.257770 0.645270 0.062490 0.109360
9 0.268710 0.429660 0.049990 0.107800
9 0.435930 0.317190 0.046880 0.099980
9 0.424990 0.149970 0.046880 0.098420
9 0.270270 0.232780 0.046880 0.107800
9 0.271870 0.064040 0.046880 0.107800
