7 0.835930 0.426550 0.082760 0.210890
11 0.809340 0.101530 0.064040 0.129690
6 0.817170 0.164020 0.064040 0.153120
6 0.846880 0.695310 0.081210 0.148410
8 0.829660 0.570290 0.067150 0.143740
8 0.643720 0.342180 0.059330 0.135910
10 0.654660 0.159350 0.071870 0.179670
9 0.585900 0.095310 0.051540 0.112470
9 0.578120 0.260930 0.054660 0.107800
9 0.726530 0.179670 0.051540 0.112470
9 0.735910 0.356240 0.054660 0.109360
9 0.731240 0.460930 0.062490 0.112470
9 0.740580 0.693710 0.067150 0.117190
4 0.467150 0.434380 0.068710 0.192170
0 0.628110 0.565620 0.067150 0.149970
2 0.393730 0.348410 0.067150 0.148410
2 0.340630 0.671870 0.071870 0.167180
1 0.212500 0.301530 0.085920 0.203110
0 0.343740 0.090590 0.059330 0.140580
5 0.259370 0.089040 0.059330 0.129690
5 0.170290 0.554680 0.073430 0.148410
3 0.228110 0.804670 0.064040 0.117190
3 0.301530 0.356240 0.054660 0.107800
3 0.415610 0.184340 0.051540 0.114030
3 0.478100 0.273430 0.049990 0.109360
3 0.374960 0.553080 0.054660 0.117190
3 0.439050 0.690590 0.056210 0.121860
