5 0.153120 0.801560 0.076540 0.140580
5 0.278100 0.059330 0.056210 0.109360
4 0.307800 0.410890 0.067150 0.181230
1 0.237490 0.287480 0.082760 0.206230
2 0.190620 0.546850 0.073430 0.140580
2 0.414050 0.335910 0.062490 0.143740
0 0.268710 0.135910 0.059330 0.145300
0 0.506250 0.328080 0.049990 0.145300
3 0.267150 0.806230 0.062490 0.121860
3 0.331240 0.335910 0.046880 0.109360
3 0.445270 0.162460 0.046880 0.114030
3 0.518750 0.070270 0.042160 0.107800
3 0.512470 0.254660 0.045270 0.109360
3 0.492150 0.449990 0.046880 0.112470
3 0.420280 0.554680 0.049990 0.118750
3 0.481210 0.685920 0.054660 0.129690
7 0.884370 0.414050 0.078100 0.207780
8 0.684370 0.331240 0.062490 0.145300
8 0.887480 0.565620 0.073430 0.140580
11 0.689040 0.809340 0.068710 0.149970
11 0.846880 0.081210 0.054660 0.126530
6 0.862490 0.145300 0.056210 0.153120
6 0.906250 0.695310 0.064040 0.149970
10 0.767180 0.215610 0.068710 0.176520
9 0.768730 0.159350 0.042160 0.112470
9 0.781230 0.340630 0.046880 0.109360
9 0.617170 0.070270 0.046880 0.109360
9 0.615610 0.239050 0.049990 0.114030
9 0.782790 0.448430 0.051540 0.112470
9 0.795280 0.693710 0.056210 0.117190
9 0.581230 0.817170 0.056210 0.124970
9 0.601560 0.574960 0.051540 0.118750
