9 0.506250 0.248430 0.028110 0.049990
9 0.542180 0.271870 0.034380 0.056210
9 0.499980 0.354680 0.035930 0.060930
9 0.542180 0.392170 0.037490 0.062490
9 0.734360 0.393730 0.042160 0.059330
9 0.803110 0.429660 0.046880 0.057770
3 0.873430 0.465600 0.046880 0.059330
3 0.245270 0.373400 0.042160 0.059330
3 0.339020 0.456210 0.035930 0.062490
3 0.295310 0.410890 0.042160 0.062490
3 0.739020 0.589060 0.049990 0.065600
3 0.512470 0.584340 0.056210 0.071870
5 0.168730 0.404670 0.059330 0.078100
5 0.606230 0.573400 0.059330 0.089040
1 0.309360 0.510920 0.065600 0.121860
0 0.429660 0.639050 0.053100 0.093710
0 0.487480 0.478100 0.057770 0.099980
2 0.384340 0.404670 0.049990 0.087480
8 0.634380 0.693710 0.068710 0.104650
8 0.729690 0.328080 0.054660 0.073430
11 0.628110 0.270270 0.040600 0.067150
11 0.899980 0.420280 0.064040 0.081210
6 0.787460 0.343740 0.046880 0.078100
7 0.584340 0.228110 0.042160 0.101530
