7 0.271870 0.314030 0.065600 0.106250
1 0.607780 0.362460 0.059330 0.103090
5 0.279650 0.239050 0.049990 0.065600
0 0.410890 0.379670 0.042160 0.078100
0 0.593730 0.265600 0.039050 0.074980
3 0.657770 0.270270 0.037490 0.056210
3 0.540630 0.376520 0.035930 0.054660
3 0.404670 0.332800 0.035930 0.054660
2 0.728080 0.268710 0.056210 0.071870
9 0.474980 0.384340 0.035930 0.059330
9 0.487480 0.510920 0.043720 0.054660
9 0.326530 0.589060 0.043720 0.048430
9 0.737470 0.637490 0.054660 0.054660
9 0.487480 0.509360 0.040600 0.056210
8 0.562460 0.564020 0.057770 0.071870
11 0.546850 0.429660 0.042160 0.068710
