8 0.484370 0.446880 0.037490 0.062490
7 0.156240 0.571850 0.062490 0.115590
11 0.243720 0.521860 0.040600 0.057770
2 0.495310 0.537470 0.035930 0.071870
5 0.684370 0.584340 0.048430 0.071870
3 0.585900 0.473430 0.026550 0.046880
3 0.554680 0.651540 0.042160 0.065600
3 0.506250 0.760910 0.045270 0.079650
3 0.546850 0.703090 0.049990 0.071870
9 0.471870 0.479650 0.029660 0.045270
9 0.440600 0.507800 0.034380 0.048430
9 0.262490 0.573400 0.037490 0.062490
9 0.176520 0.657770 0.045270 0.068710
9 0.206230 0.621840 0.040600 0.060930
