11 0.234380 0.293710 0.059330 0.074980
11 0.223440 0.639050 0.064040 0.056210
8 0.434380 0.279650 0.059330 0.060930
8 0.512470 0.554680 0.051540 0.049990
9 0.312470 0.784340 0.042160 0.056210
9 0.304650 0.723410 0.054660 0.046880
9 0.312470 0.637490 0.054660 0.045270
9 0.301530 0.410890 0.037490 0.045270
9 0.303090 0.360910 0.040600 0.043720
9 0.360910 0.293710 0.042160 0.048430
9 0.817170 0.349970 0.062490 0.046880
9 0.437490 0.549970 0.035930 0.042160
6 0.376520 0.560910 0.049990 0.045270
6 0.276540 0.265600 0.042160 0.071870
3 0.435930 0.337470 0.042160 0.046880
3 0.060930 0.529690 0.057770 0.042160
3 0.059330 0.723410 0.059330 0.048430
0 0.590620 0.564020 0.049990 0.053100
3 0.568730 0.410890 0.042160 0.035930
3 0.565620 0.281210 0.042160 0.053100
3 0.643720 0.629660 0.039050 0.045270
3 0.660930 0.689040 0.046880 0.045270
3 0.653100 0.765580 0.053100 0.057770
2 0.426550 0.481210 0.049990 0.045270
2 0.585900 0.631220 0.042160 0.051540
5 0.726530 0.621840 0.062490 0.056210
5 0.706250 0.279650 0.064040 0.067150
0 0.507800 0.409340 0.046880 0.053100
4 0.718750 0.478100 0.085920 0.084370
10 0.210890 0.496860 0.089040 0.078100
7 0.221840 0.717190 0.092150 0.068710
1 0.740580 0.717190 0.092150 0.073430
