1 0.365580 0.287480 0.049990 0.099980
4 0.374960 0.481210 0.064040 0.103090
0 0.570290 0.560910 0.046880 0.089040
2 0.471870 0.353120 0.040600 0.068710
5 0.240600 0.614050 0.065600 0.078100
5 0.512470 0.440600 0.037490 0.070270
3 0.590620 0.448430 0.035930 0.059330
3 0.421840 0.624990 0.040600 0.065600
3 0.421840 0.354680 0.031220 0.053100
3 0.437490 0.282760 0.029660 0.053100
3 0.418720 0.318750 0.031220 0.051540
7 0.782790 0.299980 0.049990 0.109360
11 0.801560 0.403110 0.053100 0.073430
8 0.601560 0.637490 0.053100 0.089040
8 0.526530 0.393730 0.039050 0.071870
10 0.826550 0.434380 0.070270 0.089040
9 0.714030 0.360910 0.039050 0.059330
9 0.717190 0.314030 0.040600 0.053100
9 0.709360 0.285920 0.037490 0.051540
