9 0.554680 0.453100 0.040600 0.065600
9 0.660930 0.434380 0.045270 0.067150
9 0.818720 0.610890 0.070270 0.064040
9 0.921860 0.579670 0.076540 0.068710
9 0.414050 0.654660 0.056210 0.068710
9 0.267150 0.698420 0.073430 0.068710
9 0.146850 0.689040 0.081210 0.068710
9 0.365580 0.271870 0.042160 0.067150
3 0.189060 0.306250 0.054660 0.073430
3 0.282760 0.282760 0.048430 0.068710
3 0.384340 0.403110 0.042160 0.073430
3 0.598400 0.243720 0.037490 0.067150
3 0.676540 0.232780 0.037490 0.068710
3 0.770290 0.237490 0.045270 0.062490
11 0.520300 0.762460 0.070270 0.085920
6 0.062490 0.296860 0.081210 0.092150
6 0.062490 0.246880 0.078100 0.096860
7 0.370290 0.779670 0.109360 0.118750
10 0.045270 0.342180 0.090590 0.114030
5 0.365580 0.221840 0.049990 0.079650
1 0.529690 0.229660 0.049990 0.135910
