1 0.489040 0.317190 0.062490 0.126530
5 0.093710 0.756240 0.128080 0.110920
0 0.484370 0.539020 0.056210 0.096860
0 0.329690 0.324970 0.057770 0.099980
2 0.359350 0.224990 0.049990 0.090590
3 0.337470 0.284370 0.045270 0.071870
3 0.381230 0.553080 0.054660 0.081210
3 0.479650 0.403110 0.046880 0.068710
11 0.568730 0.404670 0.065600 0.093710
9 0.812500 0.665600 0.081210 0.076540
9 0.792170 0.296860 0.049990 0.068710
9 0.671870 0.473430 0.054660 0.074980
8 0.745300 0.407780 0.076540 0.096860
9 0.482760 0.470270 0.056210 0.068710
7 0.324970 0.742180 0.110920 0.139020
