9 0.037490 0.454660 0.074980 0.076540
9 0.460930 0.445270 0.039050 0.065600
9 0.640600 0.421840 0.046880 0.068710
9 0.793730 0.581230 0.067150 0.062490
9 0.731240 0.242160 0.040600 0.064040
9 0.103090 0.231220 0.054660 0.062490
9 0.081210 0.270270 0.057770 0.065600
9 0.056210 0.399950 0.065600 0.060930
9 0.057770 0.364020 0.060930 0.062490
7 0.360910 0.724970 0.099980 0.112470
11 0.532800 0.365580 0.053100 0.076540
11 0.096860 0.332800 0.081210 0.078100
8 0.701530 0.349970 0.068710 0.084370
3 0.374960 0.532800 0.043720 0.065600
3 0.449990 0.374960 0.037490 0.065600
3 0.285920 0.271870 0.046880 0.060930
5 0.131240 0.765580 0.115590 0.089040
0 0.285920 0.315590 0.054660 0.090590
0 0.474980 0.506250 0.045270 0.089040
2 0.299980 0.207780 0.053100 0.085920
1 0.451540 0.290590 0.046880 0.118750
4 0.043720 0.312470 0.085920 0.112470
