1 0.449990 0.604670 0.053100 0.101530
4 0.643720 0.426550 0.053100 0.093710
5 0.782790 0.426550 0.049990 0.067150
5 0.446880 0.420280 0.039050 0.067150
2 0.442160 0.478100 0.043720 0.074980
3 0.679650 0.357790 0.032780 0.053100
3 0.471870 0.360910 0.035930 0.054660
3 0.473430 0.518750 0.035930 0.060930
3 0.357790 0.587460 0.040600 0.060930
7 0.231220 0.309360 0.051540 0.101530
10 0.370290 0.259370 0.039050 0.082760
11 0.510920 0.231220 0.031220 0.051540
8 0.603110 0.290590 0.035930 0.064040
9 0.560910 0.324970 0.024990 0.049990
9 0.496860 0.270270 0.026550 0.048430
9 0.318750 0.343740 0.032780 0.049990
9 0.248430 0.367180 0.031220 0.053100
9 0.203110 0.390620 0.040600 0.053100
