5 0.059330 0.429660 0.070270 0.093710
3 0.110920 0.456210 0.060930 0.078100
3 0.195280 0.429660 0.046880 0.074980
3 0.273430 0.406230 0.045270 0.074980
4 0.301530 0.339020 0.053100 0.107800
1 0.357790 0.314030 0.053100 0.118750
0 0.407780 0.314030 0.040600 0.085920
4 0.831220 0.167180 0.026550 0.054660
1 0.846880 0.157790 0.017170 0.060930
5 0.501530 0.290590 0.045270 0.079650
5 0.559350 0.265600 0.031220 0.057770
5 0.735910 0.206230 0.028110 0.042160
5 0.779670 0.193730 0.023440 0.043720
2 0.809340 0.248430 0.037490 0.060930
2 0.504650 0.448430 0.062490 0.095310
2 0.501530 0.354680 0.049990 0.081210
2 0.784340 0.228110 0.043720 0.065600
2 0.882760 0.190620 0.032780 0.048430
2 0.932800 0.173400 0.028110 0.040600
0 0.453100 0.362460 0.046880 0.101530
0 0.695310 0.212500 0.026550 0.065600
0 0.623440 0.237490 0.029660 0.065600
0 0.959350 0.173400 0.028110 0.049990
3 0.393730 0.401560 0.042160 0.071870
3 0.540630 0.310920 0.034380 0.057770
3 0.615610 0.281210 0.031220 0.051540
3 0.634380 0.265600 0.028110 0.046880
3 0.937470 0.190620 0.023440 0.034380
3 0.734360 0.254660 0.023440 0.046880
3 0.737470 0.228110 0.024990 0.042160
3 0.756240 0.220280 0.021840 0.040600
3 0.814050 0.200000 0.021840 0.035930
3 0.835930 0.192170 0.021840 0.035930
3 0.851540 0.189060 0.020280 0.035930
3 0.904650 0.167180 0.018720 0.031220
4 0.649990 0.221840 0.031220 0.074980
1 0.674980 0.209340 0.031220 0.081210
6 0.982790 0.187460 0.032780 0.059330
6 0.687480 0.612500 0.078100 0.145300
6 0.562460 0.474980 0.054660 0.114030
9 0.424990 0.704650 0.064040 0.112470
9 0.526530 0.626550 0.059330 0.103090
9 0.607780 0.579670 0.056210 0.093710
9 0.668710 0.537470 0.049990 0.089040
9 0.674980 0.418720 0.042160 0.070270
9 0.698420 0.354680 0.034380 0.060930
9 0.557790 0.423440 0.040600 0.071870
9 0.812500 0.417170 0.042160 0.071870
9 0.890590 0.346850 0.039050 0.060930
9 0.917190 0.331240 0.037490 0.057770
9 0.860930 0.298420 0.032780 0.053100
9 0.970290 0.285920 0.035930 0.049990
9 0.868710 0.251540 0.029660 0.043720
10 0.756240 0.296860 0.049990 0.098420
10 0.751520 0.540630 0.082760 0.157790
8 0.721860 0.473430 0.067150 0.104650
8 0.509360 0.518750 0.059330 0.106250
11 0.981230 0.339020 0.035930 0.079650
11 0.964020 0.365580 0.051540 0.071870
11 0.915590 0.418720 0.074980 0.085920
11 0.509360 0.785900 0.087480 0.148410
7 0.817170 0.482760 0.090590 0.182790
9 0.992170 0.260930 0.015610 0.046880
