9 0.579670 0.698420 0.078100 0.118750
9 0.642160 0.623440 0.068710 0.101530
9 0.570290 0.521860 0.053100 0.089040
9 0.759350 0.464040 0.051540 0.081210
9 0.615610 0.390620 0.040600 0.065600
9 0.800000 0.395280 0.042160 0.068710
9 0.828110 0.362460 0.035930 0.064040
9 0.870270 0.326530 0.040600 0.060930
9 0.878100 0.307800 0.032780 0.053100
9 0.892150 0.284370 0.026550 0.053100
9 0.928080 0.254660 0.031220 0.046880
9 0.931240 0.242160 0.026550 0.043720
9 0.937470 0.232780 0.023440 0.040600
6 0.810890 0.574960 0.065600 0.143740
6 0.689040 0.274980 0.037490 0.073430
6 0.790620 0.251540 0.034380 0.068710
8 0.760910 0.657770 0.073430 0.157790
8 0.832780 0.278100 0.040600 0.067150
8 0.920300 0.407780 0.062490 0.092150
10 0.973400 0.265600 0.051540 0.093710
10 0.357790 0.567180 0.095310 0.173400
9 0.160910 0.781230 0.084370 0.120300
11 0.710920 0.764020 0.095310 0.160910
11 0.945300 0.332800 0.046880 0.068710
11 0.923410 0.381230 0.045270 0.082760
7 0.865600 0.453100 0.095310 0.173400
3 0.162460 0.503090 0.056210 0.089040
3 0.424990 0.457770 0.045270 0.073430
3 0.443720 0.346850 0.034380 0.059330
3 0.409340 0.409340 0.034380 0.065600
3 0.574960 0.282760 0.032780 0.053100
3 0.604670 0.268710 0.029660 0.048430
3 0.628110 0.260930 0.026550 0.046880
3 0.737470 0.256210 0.028110 0.042160
3 0.701530 0.218720 0.023440 0.039050
3 0.715590 0.209340 0.017170 0.039050
3 0.226550 0.449990 0.051540 0.073430
3 0.517190 0.314030 0.029660 0.053100
3 0.478100 0.331240 0.028110 0.059330
2 0.526530 0.395280 0.048430 0.084370
2 0.499980 0.346850 0.048430 0.095310
2 0.664040 0.262490 0.031220 0.062490
2 0.732800 0.229660 0.032780 0.051540
5 0.529690 0.274980 0.032780 0.057770
5 0.076540 0.464040 0.074980 0.095310
5 0.456210 0.299980 0.035930 0.057770
5 0.642160 0.221840 0.023440 0.045270
4 0.296860 0.357790 0.062490 0.114030
4 0.603110 0.229660 0.029660 0.071870
1 0.657770 0.201560 0.023440 0.076540
1 0.348410 0.328080 0.049990 0.118750
0 0.384340 0.324970 0.040600 0.082760
0 0.235930 0.385900 0.053100 0.101530
0 0.770290 0.226550 0.028110 0.059330
