1 0.226550 0.299980 0.085920 0.218720
5 0.429660 0.087480 0.059330 0.134360
0 0.489040 0.234380 0.068710 0.156240
3 0.315590 0.345300 0.054660 0.117190
3 0.387460 0.545300 0.059330 0.121860
3 0.449990 0.667150 0.059330 0.129690
3 0.581230 0.184340 0.059330 0.118750
2 0.648430 0.443720 0.073430 0.153120
2 0.753120 0.645270 0.076540 0.162460
8 0.759350 0.792170 0.078100 0.156240
11 0.804670 0.093710 0.067150 0.129690
10 0.653100 0.149970 0.067150 0.179670
7 0.834330 0.309360 0.085920 0.203110
6 0.557790 0.431220 0.064040 0.157790
9 0.648430 0.331240 0.054660 0.114030
9 0.724970 0.170290 0.056210 0.109360
9 0.737470 0.342180 0.059330 0.121860
9 0.643720 0.567180 0.068710 0.126530
