2 0.409340 0.140580 0.056210 0.129690
2 0.553080 0.404670 0.056210 0.140580
0 0.276540 0.626550 0.067150 0.135910
0 0.237490 0.226550 0.056210 0.135910
1 0.200000 0.376520 0.078100 0.201560
5 0.143740 0.742180 0.076540 0.148410
5 0.414050 0.070270 0.051540 0.117190
4 0.395280 0.303090 0.062490 0.167180
3 0.334360 0.151520 0.045270 0.095310
3 0.320300 0.239050 0.046880 0.103090
3 0.281210 0.517190 0.054660 0.099980
3 0.292150 0.409340 0.046880 0.103090
3 0.370290 0.631220 0.056210 0.114030
3 0.339020 0.754680 0.054660 0.114030
3 0.482760 0.074980 0.045270 0.098420
3 0.481210 0.314030 0.045270 0.099980
6 0.642160 0.065600 0.056210 0.109360
7 0.824990 0.382790 0.076540 0.201560
6 0.837490 0.506250 0.064040 0.134360
10 0.812500 0.295310 0.076540 0.176520
11 0.732800 0.764020 0.068710 0.140580
11 0.795280 0.070270 0.059330 0.109360
8 0.826550 0.617170 0.073430 0.145300
8 0.637490 0.210890 0.054660 0.131240
9 0.559350 0.315590 0.049990 0.103090
9 0.571850 0.149970 0.051540 0.107800
9 0.720300 0.068710 0.046880 0.107800
9 0.718750 0.237490 0.046880 0.103090
9 0.721860 0.424990 0.051540 0.099980
9 0.728080 0.532800 0.051540 0.098420
9 0.726530 0.632780 0.054660 0.107800
9 0.539020 0.748410 0.054660 0.104650
