11 0.804670 0.106250 0.071870 0.131240
11 0.804670 0.106250 0.071870 0.131240
7 0.840600 0.431220 0.090590 0.229660
10 0.653100 0.164020 0.068710 0.187460
6 0.818720 0.173400 0.062490 0.149970
6 0.645270 0.449990 0.068710 0.153120
8 0.778120 0.817170 0.085920 0.174960
9 0.729690 0.185900 0.049990 0.124970
9 0.745300 0.362460 0.056210 0.112470
9 0.746850 0.460930 0.059330 0.124970
9 0.648430 0.587460 0.064040 0.121860
1 0.224990 0.309360 0.087480 0.218720
2 0.565620 0.804670 0.078100 0.165580
0 0.398400 0.168730 0.051540 0.143740
2 0.559350 0.262490 0.067150 0.143740
5 0.424990 0.090590 0.056210 0.131240
5 0.495310 0.174960 0.062490 0.135910
3 0.581230 0.195280 0.049990 0.112470
3 0.257770 0.796840 0.068710 0.121860
3 0.312470 0.354680 0.051540 0.109360
3 0.393730 0.554680 0.054660 0.117190
3 0.459330 0.684370 0.059330 0.118750
