11 0.195280 0.085920 0.071870 0.129690
11 0.195280 0.085920 0.071870 0.129690
7 0.167180 0.407780 0.090590 0.224990
10 0.346850 0.148410 0.068710 0.184340
6 0.182790 0.151520 0.062490 0.148410
6 0.362460 0.431220 0.068710 0.149970
8 0.240600 0.793730 0.085920 0.171850
9 0.273430 0.167180 0.049990 0.121860
9 0.260930 0.340630 0.056210 0.109360
9 0.260930 0.440600 0.059330 0.121860
9 0.362460 0.570290 0.064040 0.121860
1 0.778120 0.309360 0.087480 0.215610
2 0.449990 0.790620 0.078100 0.162460
0 0.603110 0.162460 0.051540 0.140580
2 0.442160 0.248430 0.064040 0.140580
5 0.574960 0.085920 0.054660 0.129690
5 0.506250 0.164020 0.062490 0.134360
3 0.420280 0.182790 0.049990 0.109360
3 0.757790 0.792170 0.067150 0.118750
3 0.690590 0.349970 0.051540 0.109360
3 0.614050 0.548410 0.054660 0.114030
3 0.551520 0.673430 0.059330 0.117190
