11 0.824990 0.085920 0.076540 0.134360
11 0.824990 0.085920 0.076540 0.134360
7 0.868710 0.421840 0.098420 0.234380
10 0.668710 0.146850 0.076540 0.193730
6 0.840600 0.154680 0.067150 0.156240
6 0.667150 0.443720 0.073430 0.157790
8 0.809340 0.824990 0.093710 0.179670
9 0.746850 0.170290 0.051540 0.126530
9 0.768730 0.351520 0.059330 0.114030
9 0.773400 0.456210 0.064040 0.126530
9 0.670270 0.587460 0.068710 0.126530
1 0.226550 0.307800 0.095310 0.224990
2 0.590620 0.815610 0.082760 0.170290
0 0.403110 0.159350 0.056210 0.148410
2 0.574960 0.251540 0.071870 0.145300
5 0.429660 0.078100 0.059330 0.134360
5 0.504650 0.162460 0.067150 0.139020
3 0.595280 0.182790 0.051540 0.114030
3 0.268710 0.812500 0.073430 0.124970
3 0.318750 0.353120 0.056210 0.114030
3 0.406230 0.559350 0.059330 0.118750
3 0.476540 0.690590 0.062490 0.124970
