7 0.174960 0.359350 0.068710 0.196840
1 0.793730 0.356240 0.073430 0.192170
10 0.187460 0.271870 0.067150 0.171850
4 0.789060 0.284370 0.073430 0.165580
8 0.170290 0.598400 0.071870 0.135910
2 0.446880 0.384340 0.056210 0.135910
2 0.590620 0.117190 0.049990 0.135910
6 0.162460 0.487480 0.059330 0.134360
8 0.365580 0.185900 0.049990 0.134360
11 0.262490 0.742180 0.062490 0.134360
6 0.190620 0.195280 0.051540 0.134360
0 0.753120 0.198400 0.046880 0.131240
0 0.718750 0.604670 0.059330 0.131240
0 0.854660 0.724970 0.071870 0.126530
0 0.742180 0.051540 0.049990 0.103090
9 0.459330 0.737470 0.051540 0.109360
3 0.628110 0.606230 0.051540 0.107800
3 0.656210 0.734360 0.051540 0.107800
9 0.265600 0.512470 0.059330 0.104650
11 0.203110 0.048430 0.049990 0.095310
9 0.267150 0.614050 0.059330 0.104650
9 0.274980 0.403110 0.059330 0.103090
9 0.281210 0.049990 0.042160 0.098420
9 0.279650 0.214050 0.046880 0.099980
3 0.715590 0.498420 0.051540 0.099980
3 0.518750 0.289040 0.046880 0.099980
3 0.679650 0.214050 0.042160 0.099980
9 0.428110 0.129690 0.042160 0.099980
9 0.274980 0.301530 0.046880 0.098420
3 0.667150 0.132800 0.042160 0.093710
3 0.659370 0.048430 0.040600 0.093710
3 0.706250 0.390620 0.049990 0.107800
