7 0.848430 0.331240 0.076540 0.207780
1 0.195280 0.346850 0.082760 0.203110
10 0.829660 0.237490 0.073430 0.181230
4 0.196840 0.270270 0.081210 0.174960
8 0.867150 0.584340 0.081210 0.145300
2 0.562460 0.364020 0.064040 0.143740
2 0.398400 0.087480 0.054660 0.143740
6 0.868710 0.465600 0.064040 0.140580
8 0.639050 0.153120 0.054660 0.140580
11 0.778120 0.735910 0.068710 0.140580
6 0.823440 0.159350 0.056210 0.140580
0 0.229660 0.178120 0.054660 0.139020
0 0.289040 0.604670 0.064040 0.139020
0 0.151520 0.735910 0.078100 0.134360
0 0.232780 0.040600 0.054660 0.081210
9 0.570290 0.737470 0.056210 0.114030
3 0.384340 0.606230 0.059330 0.114030
3 0.362460 0.739020 0.056210 0.112470
9 0.762460 0.492150 0.064040 0.109360
11 0.803110 0.026550 0.051540 0.051540
9 0.765580 0.601560 0.067150 0.109360
9 0.745300 0.378120 0.064040 0.107800
9 0.720300 0.031220 0.049990 0.062490
9 0.729690 0.181230 0.051540 0.107800
3 0.284370 0.492150 0.056210 0.104650
3 0.481210 0.265600 0.051540 0.104650
3 0.309360 0.193730 0.046880 0.104650
9 0.570290 0.096860 0.046880 0.104650
9 0.739020 0.273430 0.051540 0.103090
3 0.315590 0.106250 0.046880 0.098420
3 0.320300 0.034380 0.045270 0.067150
3 0.289040 0.379670 0.054660 0.112470
