10 0.274980 0.220280 0.067150 0.165580
7 0.160910 0.407780 0.073430 0.196840
8 0.351520 0.329690 0.059330 0.131240
8 0.159350 0.543740 0.064040 0.135910
11 0.345300 0.778120 0.064040 0.140580
11 0.196840 0.087480 0.051540 0.117190
6 0.187460 0.149970 0.054660 0.140580
6 0.143740 0.664040 0.064040 0.139020
0 0.357790 0.542180 0.059330 0.135910
9 0.273430 0.164020 0.046880 0.093710
9 0.257770 0.339020 0.045270 0.104650
9 0.257770 0.439050 0.054660 0.109360
9 0.246880 0.668710 0.054660 0.112470
9 0.445270 0.789060 0.054660 0.114030
9 0.429660 0.559350 0.051540 0.112470
9 0.414050 0.085920 0.046880 0.099980
9 0.414050 0.242160 0.045270 0.103090
2 0.606230 0.340630 0.051540 0.143740
2 0.648430 0.660930 0.071870 0.134360
5 0.846880 0.787460 0.073430 0.143740
1 0.771850 0.299980 0.081210 0.201560
5 0.731240 0.085920 0.056210 0.121860
0 0.648430 0.081210 0.054660 0.140580
4 0.520300 0.424990 0.064040 0.171850
3 0.742180 0.782790 0.056210 0.114030
3 0.574960 0.174960 0.042160 0.107800
3 0.507800 0.090590 0.042160 0.099980
3 0.512470 0.265600 0.046880 0.103090
3 0.682760 0.343740 0.046880 0.099980
3 0.598400 0.545300 0.051540 0.104650
3 0.542180 0.665600 0.051540 0.117190
