1 0.737470 0.598400 0.082760 0.212500
5 0.853100 0.743740 0.081210 0.153120
4 0.617170 0.287480 0.059330 0.174960
3 0.639050 0.506250 0.054660 0.109360
3 0.698420 0.223440 0.051540 0.107800
3 0.535910 0.293710 0.056210 0.112470
2 0.456210 0.387460 0.067150 0.135910
11 0.657770 0.720300 0.073430 0.135910
10 0.382790 0.284370 0.068710 0.167180
7 0.284370 0.356240 0.087480 0.189060
11 0.206230 0.192170 0.064040 0.126530
9 0.456210 0.289040 0.051540 0.107800
9 0.384340 0.135910 0.051540 0.104650
9 0.307800 0.049990 0.049990 0.098420
9 0.273430 0.601560 0.062490 0.114030
