5 0.243720 0.207780 0.070270 0.064040
0 0.382790 0.200000 0.068710 0.059330
5 0.734360 0.210890 0.078100 0.071870
3 0.243720 0.270270 0.065600 0.070270
3 0.312470 0.276540 0.070270 0.079650
3 0.387460 0.271870 0.078100 0.076540
1 0.526530 0.264040 0.076540 0.070270
3 0.593730 0.270270 0.062490 0.065600
3 0.660930 0.276540 0.064040 0.067150
2 0.381230 0.345300 0.071870 0.067150
4 0.523410 0.339020 0.067150 0.079650
3 0.739020 0.412500 0.070270 0.068710
0 0.381230 0.414050 0.065600 0.071870
3 0.524970 0.415610 0.068710 0.067150
8 0.665600 0.412500 0.070270 0.064040
8 0.310920 0.410890 0.070270 0.073430
3 0.454660 0.485920 0.068710 0.074980
9 0.234380 0.481210 0.074980 0.073430
9 0.307800 0.623440 0.070270 0.068710
9 0.381230 0.624990 0.074980 0.074980
11 0.528080 0.553080 0.074980 0.070270
11 0.756240 0.698420 0.089040 0.076540
7 0.601560 0.549970 0.074980 0.074980
6 0.606230 0.701530 0.078100 0.078100
6 0.378120 0.699980 0.070270 0.071870
9 0.603110 0.624990 0.076540 0.079650
9 0.674980 0.624990 0.073430 0.074980
9 0.746850 0.623440 0.078100 0.079650
