4 0.734360 0.507800 0.084370 0.151520
0 0.285920 0.415610 0.064040 0.115590
9 0.618720 0.331240 0.046880 0.074980
9 0.734360 0.351520 0.049990 0.073430
5 0.585900 0.576520 0.067150 0.110920
3 0.506250 0.549970 0.057770 0.084370
1 0.499980 0.596840 0.082760 0.174960
3 0.739020 0.465600 0.064040 0.082760
2 0.673430 0.423440 0.060930 0.098420
3 0.806230 0.448430 0.056210 0.079650
3 0.860930 0.424990 0.054660 0.085920
3 0.612500 0.446880 0.062490 0.082760
3 0.476540 0.431220 0.051540 0.079650
2 0.437490 0.487480 0.079650 0.109360
3 0.406230 0.587460 0.064040 0.095310
3 0.320300 0.617170 0.067150 0.093710
5 0.934360 0.454660 0.065600 0.101530
11 0.051540 0.345300 0.064040 0.099980
9 0.096860 0.387460 0.048430 0.082760
9 0.176520 0.365580 0.054660 0.081210
9 0.317190 0.323410 0.056210 0.070270
9 0.395280 0.307800 0.051540 0.076540
9 0.514030 0.324970 0.048430 0.074980
6 0.521860 0.265600 0.056210 0.098420
11 0.542180 0.231220 0.054660 0.081210
8 0.460930 0.245270 0.057770 0.084370
8 0.120300 0.323410 0.079650 0.103090
6 0.206230 0.292150 0.073430 0.118750
7 0.279650 0.265600 0.060930 0.137470
10 0.349970 0.259370 0.057770 0.118750
