10 0.696860 0.432780 0.042160 0.065600
7 0.684370 0.403110 0.037490 0.067150
6 0.676540 0.382790 0.031220 0.048430
8 0.657770 0.357790 0.026550 0.043720
11 0.646830 0.337470 0.024990 0.039050
8 0.729690 0.501530 0.037490 0.049990
11 0.746850 0.548410 0.039050 0.046880
6 0.679650 0.504650 0.035930 0.053100
9 0.542180 0.556240 0.023440 0.037490
0 0.471870 0.506250 0.028110 0.053100
2 0.474980 0.481210 0.029660 0.043720
3 0.471870 0.454660 0.020280 0.034380
0 0.378120 0.481210 0.028110 0.051540
2 0.467150 0.390620 0.029660 0.043720
5 0.379670 0.559350 0.032780 0.051540
5 0.371850 0.345300 0.023440 0.042160
4 0.381230 0.446880 0.031220 0.065600
3 0.417170 0.392170 0.023440 0.035930
3 0.417170 0.362460 0.023440 0.034380
3 0.415610 0.340630 0.020280 0.034380
1 0.378120 0.414050 0.031220 0.068710
9 0.589060 0.514030 0.032780 0.039050
9 0.617170 0.479650 0.031220 0.037490
9 0.654660 0.446880 0.031220 0.039050
9 0.640600 0.410890 0.032780 0.040600
9 0.628110 0.389060 0.029660 0.037490
9 0.618720 0.364020 0.024990 0.039050
9 0.609340 0.342180 0.024990 0.035930
3 0.429660 0.487480 0.024990 0.037490
3 0.428110 0.523410 0.024990 0.040600
3 0.435930 0.562460 0.029660 0.043720
3 0.512470 0.421840 0.028110 0.037490
