11 0.128080 0.171850 0.084370 0.084370
9 0.226550 0.174960 0.065600 0.065600
9 0.229660 0.254660 0.060930 0.051540
8 0.139020 0.265600 0.089040 0.070270
9 0.232780 0.334360 0.057770 0.053100
10 0.129690 0.423440 0.117190 0.065600
9 0.306250 0.414050 0.067150 0.051540
9 0.389060 0.421840 0.053100 0.049990
9 0.460930 0.485920 0.051540 0.048430
3 0.484370 0.409340 0.048430 0.049990
8 0.312470 0.578120 0.074980 0.070270
9 0.235930 0.576520 0.064040 0.053100
6 0.154680 0.584340 0.085920 0.067150
9 0.246880 0.646830 0.064040 0.059330
9 0.248430 0.717190 0.070270 0.065600
11 0.162460 0.726530 0.082760 0.076540
6 0.304650 0.490590 0.071870 0.064040
7 0.146850 0.503090 0.114030 0.071870
2 0.374960 0.498420 0.054660 0.057770
3 0.624990 0.720300 0.054660 0.067150
3 0.628110 0.643720 0.056210 0.060930
3 0.617170 0.573400 0.046880 0.049990
3 0.604670 0.481210 0.046880 0.049990
3 0.623440 0.340630 0.051540 0.057770
5 0.696860 0.723410 0.064040 0.081210
0 0.707800 0.576520 0.073430 0.076540
1 0.710920 0.498420 0.082760 0.071870
4 0.714030 0.418720 0.087480 0.065600
0 0.714030 0.339020 0.070270 0.059330
3 0.631220 0.178120 0.064040 0.071870
3 0.626550 0.259370 0.054660 0.057770
5 0.721860 0.165580 0.074980 0.078100
2 0.714030 0.248430 0.068710 0.071870
2 0.714030 0.339020 0.070270 0.067150
