9 0.221840 0.276540 0.053100 0.053100
9 0.284370 0.349970 0.049990 0.053100
9 0.348410 0.278100 0.045270 0.054660
9 0.504650 0.334360 0.042160 0.057770
9 0.557790 0.245270 0.043720 0.056210
9 0.639050 0.240600 0.045270 0.056210
9 0.718750 0.239050 0.042160 0.065600
8 0.429660 0.249990 0.054660 0.074980
8 0.496860 0.248430 0.051540 0.076540
11 0.204670 0.185900 0.071870 0.076540
11 0.724970 0.176520 0.062490 0.070270
6 0.559350 0.184340 0.045270 0.067150
6 0.360910 0.193730 0.053100 0.070270
7 0.435930 0.179670 0.053100 0.096860
10 0.495310 0.171850 0.051540 0.093710
3 0.223440 0.620280 0.056210 0.049990
3 0.298420 0.626550 0.045270 0.048430
3 0.371850 0.621840 0.042160 0.045270
3 0.515590 0.615610 0.043720 0.046880
3 0.595280 0.607780 0.045270 0.045270
3 0.667150 0.606230 0.046880 0.053100
3 0.754680 0.609340 0.060930 0.054660
3 0.440600 0.470270 0.042160 0.042160
0 0.657770 0.381230 0.054660 0.064040
0 0.610890 0.689040 0.048430 0.064040
2 0.684370 0.685920 0.056210 0.059330
2 0.299980 0.717190 0.059330 0.067150
5 0.210890 0.703090 0.081210 0.070270
5 0.785900 0.698420 0.076540 0.064040
1 0.459330 0.704650 0.057770 0.071870
4 0.439050 0.393730 0.056210 0.070270
