3 0.299980 0.253100 0.042160 0.056210
3 0.279650 0.309360 0.040600 0.057770
3 0.273430 0.359350 0.040600 0.051540
3 0.243720 0.473430 0.049990 0.054660
3 0.207780 0.620280 0.054660 0.057770
3 0.218720 0.714030 0.056210 0.059330
5 0.090590 0.710920 0.096860 0.078100
0 0.134360 0.535910 0.076540 0.073430
4 0.168730 0.456210 0.085920 0.098420
1 0.178120 0.396840 0.082760 0.099980
0 0.200000 0.354680 0.059330 0.078100
2 0.207780 0.292150 0.079650 0.089040
5 0.232780 0.248430 0.054660 0.059330
9 0.465600 0.423440 0.042160 0.057770
9 0.631220 0.559350 0.046880 0.060930
9 0.646830 0.646830 0.046880 0.059330
9 0.645270 0.728080 0.049990 0.057770
9 0.621840 0.364020 0.037490 0.056210
9 0.610890 0.317190 0.039050 0.057770
9 0.612500 0.270270 0.040600 0.056210
11 0.679650 0.256210 0.049990 0.070270
6 0.704650 0.371850 0.056210 0.070270
6 0.717190 0.560910 0.060930 0.073430
8 0.720300 0.639050 0.070270 0.068710
11 0.739020 0.734360 0.070270 0.070270
10 0.478100 0.481210 0.059330 0.096860
7 0.704650 0.418720 0.068710 0.104650
