11 0.353120 0.609340 0.067150 0.115590
7 0.673430 0.639050 0.095310 0.193730
1 0.653100 0.412500 0.053100 0.112470
3 0.718750 0.440600 0.037490 0.059330
3 0.582790 0.457770 0.035930 0.062490
3 0.401560 0.412500 0.029660 0.057770
3 0.353120 0.406230 0.031220 0.054660
3 0.259370 0.412500 0.032780 0.057770
3 0.121860 0.379670 0.037490 0.053100
3 0.070270 0.371850 0.037490 0.057770
5 0.506250 0.462490 0.043720 0.079650
5 0.539020 0.398400 0.037490 0.062490
5 0.103090 0.357790 0.037490 0.062490
1 0.153120 0.342180 0.045270 0.096860
0 0.018720 0.357790 0.035930 0.084370
2 0.389060 0.423440 0.039050 0.078100
9 0.557790 0.595280 0.053100 0.092150
9 0.651540 0.601560 0.054660 0.089040
9 0.753120 0.612500 0.056210 0.089040
9 0.187460 0.535910 0.054660 0.081210
9 0.185900 0.470270 0.042160 0.068710
9 0.048430 0.449990 0.049990 0.068710
10 0.178120 0.367180 0.046880 0.098420
11 0.460930 0.407780 0.043720 0.067150
