9 0.353120 0.824990 0.035930 0.042160
9 0.357790 0.756240 0.032780 0.042160
9 0.356240 0.699980 0.032780 0.043720
9 0.364020 0.643720 0.031220 0.042160
9 0.371850 0.592170 0.029660 0.039050
9 0.376520 0.540630 0.028110 0.040600
9 0.381230 0.498420 0.028110 0.043720
9 0.378120 0.459330 0.026550 0.040600
9 0.393730 0.396840 0.023440 0.040600
9 0.396840 0.351520 0.021840 0.040600
9 0.392170 0.315590 0.021840 0.039050
9 0.395280 0.295310 0.018720 0.034380
9 0.393730 0.267150 0.020280 0.034380
9 0.398400 0.245270 0.017170 0.034380
9 0.398400 0.218720 0.020280 0.034380
9 0.403110 0.196840 0.021840 0.034380
9 0.404670 0.148410 0.018720 0.032780
9 0.403110 0.134360 0.017170 0.032780
9 0.409340 0.114030 0.018720 0.031220
9 0.409340 0.098420 0.017170 0.031220
9 0.412500 0.081210 0.017170 0.029660
9 0.412500 0.067150 0.017170 0.031220
9 0.414050 0.051540 0.015610 0.029660
9 0.415610 0.035930 0.018720 0.031220
3 0.681210 0.829660 0.040600 0.046880
3 0.670270 0.773400 0.040600 0.045270
3 0.660930 0.706250 0.039050 0.040600
3 0.651540 0.649990 0.037490 0.045270
3 0.646830 0.592170 0.034380 0.043720
3 0.632780 0.543740 0.034380 0.042160
3 0.629660 0.507800 0.029660 0.039050
3 0.628110 0.465600 0.031220 0.040600
3 0.615610 0.392170 0.029660 0.039050
3 0.614050 0.357790 0.024990 0.039050
3 0.609340 0.328080 0.029660 0.037490
3 0.601560 0.299980 0.024990 0.039050
3 0.601560 0.273430 0.023440 0.034380
3 0.598400 0.251540 0.021840 0.035930
3 0.595280 0.224990 0.021840 0.035930
3 0.579670 0.200000 0.021840 0.035930
3 0.573400 0.157790 0.020280 0.032780
3 0.576520 0.140580 0.017170 0.035930
3 0.574960 0.121860 0.021840 0.029660
3 0.574960 0.106250 0.017170 0.032780
3 0.568730 0.087480 0.017170 0.032780
3 0.567180 0.070270 0.017170 0.034380
3 0.567180 0.054660 0.017170 0.029660
3 0.567180 0.042160 0.018720 0.031220
11 0.278100 0.828110 0.051540 0.056210
11 0.331240 0.453100 0.035930 0.051540
11 0.340630 0.392170 0.032780 0.048430
11 0.367180 0.193730 0.023440 0.040600
11 0.368730 0.146850 0.029660 0.042160
11 0.387460 0.032780 0.020280 0.035930
8 0.284370 0.764020 0.056210 0.051540
8 0.328080 0.499980 0.045270 0.053100
8 0.340630 0.343740 0.037490 0.048430
8 0.364020 0.212500 0.028110 0.045270
8 0.371850 0.124970 0.024990 0.042160
8 0.385900 0.045270 0.023440 0.037490
6 0.289040 0.706250 0.045270 0.053100
6 0.317190 0.540630 0.046880 0.053100
6 0.353120 0.317190 0.032780 0.054660
6 0.359350 0.237490 0.026550 0.046880
6 0.379670 0.109360 0.020280 0.042160
6 0.382790 0.059330 0.018720 0.046880
7 0.295310 0.634380 0.049990 0.067150
7 0.351520 0.279650 0.032780 0.068710
7 0.374960 0.082760 0.024990 0.062490
10 0.312470 0.587460 0.045270 0.068710
10 0.359350 0.253100 0.032780 0.062490
10 0.382790 0.071870 0.021840 0.053100
5 0.756240 0.820280 0.049990 0.054660
5 0.671870 0.456210 0.039050 0.048430
5 0.667150 0.385900 0.031220 0.045270
5 0.628110 0.196840 0.024990 0.042160
5 0.609340 0.154680 0.024990 0.049990
5 0.592170 0.037490 0.017170 0.035930
2 0.740580 0.762460 0.054660 0.051540
2 0.687480 0.503090 0.040600 0.049990
2 0.664040 0.351520 0.042160 0.059330
2 0.634380 0.221840 0.029660 0.040600
2 0.612500 0.139020 0.023440 0.039050
2 0.596840 0.053100 0.024990 0.037490
0 0.720300 0.703090 0.046880 0.053100
0 0.692150 0.543740 0.039050 0.051540
0 0.656210 0.320300 0.032780 0.049990
0 0.635930 0.239050 0.024990 0.049990
0 0.609340 0.115590 0.023440 0.045270
0 0.604670 0.067150 0.021840 0.043720
1 0.717190 0.642160 0.054660 0.068710
1 0.649990 0.289040 0.037490 0.065600
1 0.603110 0.093710 0.023440 0.056210
4 0.698420 0.582790 0.051540 0.065600
4 0.648430 0.262490 0.035930 0.059330
4 0.601560 0.079650 0.023440 0.048430
