9 0.031220 0.637490 0.060930 0.057770
9 0.214050 0.646830 0.053100 0.053100
9 0.284370 0.651540 0.045270 0.051540
9 0.376520 0.643720 0.045270 0.049990
9 0.523410 0.490590 0.042160 0.051540
9 0.612500 0.646830 0.040600 0.048430
9 0.676540 0.639050 0.046880 0.048430
9 0.751520 0.645270 0.053100 0.051540
9 0.907800 0.656210 0.062490 0.049990
9 0.978120 0.635930 0.042160 0.053100
11 0.029660 0.742180 0.057770 0.060930
11 0.192170 0.724970 0.065600 0.062490
11 0.790620 0.723410 0.067150 0.057770
11 0.949970 0.724970 0.081210 0.062490
8 0.285920 0.714030 0.059330 0.068710
6 0.603110 0.739020 0.054660 0.056210
6 0.367180 0.726530 0.053100 0.060930
7 0.523410 0.721860 0.060930 0.073430
10 0.445270 0.492150 0.053100 0.087480
3 0.007780 0.328080 0.015610 0.040600
3 0.056210 0.321860 0.051540 0.056210
3 0.117190 0.329690 0.049990 0.057770
3 0.259370 0.332800 0.040600 0.053100
3 0.332800 0.317190 0.037490 0.053100
3 0.460930 0.323410 0.037490 0.053100
3 0.587460 0.324970 0.035930 0.054660
3 0.645270 0.324970 0.037490 0.057770
3 0.720300 0.331240 0.039050 0.053100
3 0.834330 0.329690 0.045270 0.051540
3 0.907800 0.334360 0.051540 0.054660
3 0.970290 0.335910 0.053100 0.053100
0 0.021840 0.265600 0.043720 0.068710
0 0.401560 0.256210 0.040600 0.073430
0 0.578120 0.267150 0.042160 0.070270
0 0.960910 0.282760 0.060930 0.070270
2 0.071870 0.257770 0.060930 0.074980
2 0.648430 0.264040 0.051540 0.084370
2 0.892150 0.278100 0.067150 0.064040
5 0.828110 0.285920 0.057770 0.067150
5 0.721860 0.278100 0.054660 0.065600
5 0.264040 0.259370 0.051540 0.067150
5 0.132800 0.268710 0.073430 0.081210
4 0.467150 0.264040 0.046880 0.090590
1 0.523410 0.262490 0.045270 0.087480
