7 0.092150 0.446880 0.099980 0.120300
9 0.167180 0.493710 0.065600 0.065600
9 0.165580 0.576520 0.064040 0.070270
9 0.201560 0.448430 0.059330 0.068710
9 0.339020 0.314030 0.043720 0.064040
9 0.465600 0.260930 0.035930 0.064040
9 0.496860 0.312470 0.037490 0.059330
11 0.201560 0.378120 0.062490 0.073430
11 0.224990 0.340630 0.060930 0.068710
6 0.403110 0.320300 0.046880 0.085920
6 0.443720 0.335910 0.051540 0.087480
10 0.512470 0.635930 0.076540 0.121860
3 0.453100 0.742180 0.053100 0.074980
3 0.534360 0.442160 0.040600 0.068710
3 0.674980 0.370290 0.042160 0.062490
3 0.679650 0.318750 0.035930 0.064040
3 0.723410 0.245270 0.034380 0.053100
3 0.749970 0.232780 0.031220 0.026550
5 0.771850 0.335910 0.051540 0.078100
5 0.378120 0.501530 0.067150 0.084370
5 0.784340 0.257770 0.060930 0.078100
1 0.596840 0.684370 0.073430 0.126530
4 0.685920 0.484370 0.076540 0.118750
0 0.729690 0.429660 0.048430 0.093710
2 0.356240 0.689040 0.090590 0.120300
