5 0.203110 0.229660 0.060930 0.049990
3 0.279650 0.242160 0.046880 0.040600
3 0.276540 0.314030 0.042160 0.035930
0 0.196840 0.370290 0.062490 0.040600
3 0.273430 0.396840 0.045270 0.032780
1 0.190620 0.439050 0.081210 0.043720
3 0.268710 0.456210 0.045270 0.035930
4 0.190620 0.517190 0.081210 0.046880
0 0.187460 0.587460 0.064040 0.042160
2 0.179670 0.637490 0.070270 0.042160
3 0.246880 0.654660 0.042160 0.035930
5 0.185900 0.718750 0.059330 0.051540
10 0.406230 0.246880 0.060930 0.064040
3 0.256210 0.729690 0.043720 0.040600
3 0.323410 0.592170 0.040600 0.034380
9 0.399950 0.467150 0.037490 0.032780
2 0.459330 0.473430 0.040600 0.040600
3 0.396840 0.532800 0.037490 0.031220
9 0.460930 0.535910 0.032780 0.031220
8 0.515590 0.614050 0.043720 0.042160
9 0.618720 0.265600 0.032780 0.039050
9 0.603110 0.340630 0.032780 0.035930
9 0.595280 0.409340 0.032780 0.032780
9 0.559350 0.756240 0.031220 0.043720
9 0.582790 0.689040 0.032780 0.040600
9 0.589060 0.635930 0.031220 0.037490
11 0.642160 0.760910 0.039050 0.057770
6 0.653100 0.632780 0.039050 0.048430
10 0.670270 0.484370 0.048430 0.046880
6 0.674980 0.410890 0.040600 0.039050
8 0.674980 0.337470 0.049990 0.043720
11 0.670270 0.268710 0.042160 0.051540
