3 0.265600 0.323410 0.039050 0.062490
3 0.362460 0.387460 0.039050 0.067150
3 0.314030 0.539020 0.053100 0.082760
3 0.315590 0.593730 0.053100 0.084370
3 0.320300 0.682760 0.060930 0.090590
0 0.418720 0.370290 0.046880 0.090590
2 0.398400 0.539020 0.062490 0.101530
5 0.215610 0.703090 0.084370 0.121860
5 0.198400 0.429660 0.056210 0.087480
4 0.206230 0.470270 0.067150 0.134360
1 0.192170 0.340630 0.057770 0.124970
8 0.453100 0.468710 0.054660 0.098420
6 0.498420 0.578120 0.064040 0.114030
7 0.651540 0.315590 0.054660 0.107800
11 0.667150 0.367180 0.049990 0.071870
11 0.884370 0.593730 0.085920 0.096860
10 0.735910 0.418720 0.071870 0.112470
9 0.564020 0.317190 0.031220 0.054660
9 0.589060 0.345300 0.032780 0.056210
9 0.617170 0.373400 0.039050 0.060930
9 0.704650 0.485920 0.043720 0.070270
9 0.748410 0.546850 0.056210 0.071870
9 0.807780 0.606230 0.060930 0.079650
9 0.898420 0.742180 0.078100 0.078100
