5 0.270270 0.159350 0.070270 0.079650
3 0.264040 0.237490 0.056210 0.065600
3 0.346850 0.246880 0.053100 0.060930
10 0.431220 0.224990 0.067150 0.096860
1 0.576520 0.157790 0.065600 0.095310
5 0.765580 0.160910 0.076540 0.076540
0 0.632780 0.165580 0.057770 0.074980
3 0.640600 0.221840 0.053100 0.054660
3 0.712470 0.228110 0.054660 0.068710
3 0.771850 0.239050 0.059330 0.064040
3 0.570290 0.239050 0.043720 0.059330
2 0.646830 0.312470 0.064040 0.065600
0 0.424990 0.464040 0.049990 0.054660
9 0.562460 0.471870 0.048430 0.045270
8 0.371850 0.518750 0.065600 0.054660
9 0.290590 0.606230 0.048430 0.046880
9 0.359350 0.604670 0.049990 0.046880
9 0.426550 0.592170 0.045270 0.049990
9 0.667150 0.592170 0.051540 0.048430
9 0.735910 0.598400 0.057770 0.048430
9 0.798400 0.574960 0.057770 0.045270
11 0.281210 0.689040 0.067150 0.060930
6 0.439050 0.665600 0.049990 0.054660
8 0.529690 0.664040 0.059330 0.057770
7 0.600000 0.671870 0.078100 0.074980
6 0.670270 0.651540 0.060930 0.051540
11 0.804670 0.634380 0.070270 0.057770
