11 0.507800 0.162460 0.064040 0.134360
3 0.632780 0.718750 0.059330 0.074980
9 0.715590 0.159350 0.062490 0.132800
3 0.018720 0.321860 0.034380 0.124970
4 0.496860 0.865600 0.090590 0.165580
10 0.623440 0.270270 0.079650 0.124970
9 0.293710 0.196840 0.078100 0.076540
9 0.200000 0.200000 0.087480 0.078100
9 0.103090 0.224990 0.092150 0.073430
9 0.846880 0.126530 0.089040 0.101530
9 0.618720 0.171850 0.054660 0.085920
9 0.498420 0.390620 0.054660 0.053100
11 0.282760 0.084370 0.099980 0.121860
7 0.153120 0.074980 0.162460 0.148410
3 0.389060 0.406230 0.062490 0.054660
3 0.509360 0.510920 0.051540 0.053100
3 0.728080 0.743740 0.074980 0.081210
3 0.874980 0.740580 0.101530 0.087480
3 0.292150 0.721860 0.070270 0.064040
3 0.203110 0.721860 0.081210 0.078100
3 0.115590 0.715590 0.089040 0.071870
1 0.171850 0.848430 0.164020 0.159350
5 0.303090 0.831220 0.093710 0.112470
2 0.393730 0.737470 0.092150 0.098420
5 0.887480 0.881210 0.129690 0.139020
