5 0.142180 0.731240 0.081210 0.160910
1 0.179670 0.484370 0.093710 0.210890
4 0.395280 0.282760 0.067150 0.176520
3 0.315590 0.220280 0.049990 0.112470
3 0.289040 0.396840 0.054660 0.109360
3 0.365580 0.496860 0.056210 0.109360
3 0.476540 0.049990 0.037490 0.098420
3 0.476540 0.290590 0.051540 0.104650
2 0.549970 0.382790 0.067150 0.140580
8 0.487480 0.121860 0.054660 0.135910
6 0.546850 0.590620 0.062490 0.148410
7 0.729690 0.351520 0.078100 0.201560
10 0.634380 0.278100 0.062490 0.184340
8 0.637490 0.478100 0.067150 0.148410
11 0.793730 0.043720 0.054660 0.087480
9 0.717190 0.043720 0.049990 0.087480
9 0.714030 0.200000 0.051540 0.107800
9 0.557790 0.287480 0.046880 0.099980
9 0.542180 0.731240 0.062490 0.112470
9 0.729690 0.603110 0.059330 0.109360
11 0.735910 0.734360 0.081210 0.140580
