5 0.418720 0.057770 0.059330 0.098420
5 0.159350 0.753120 0.081210 0.149970
1 0.214050 0.364020 0.098420 0.212500
4 0.415610 0.290590 0.073430 0.184340
3 0.339020 0.128080 0.049990 0.112470
3 0.328080 0.218720 0.046880 0.114030
3 0.307800 0.406230 0.054660 0.112470
3 0.299980 0.518750 0.054660 0.114030
3 0.503090 0.299980 0.051540 0.109360
3 0.495310 0.059330 0.049990 0.093710
2 0.418720 0.115590 0.051540 0.140580
2 0.582790 0.403110 0.067150 0.153120
6 0.787460 0.784340 0.071870 0.149970
6 0.887480 0.510920 0.073430 0.148410
11 0.831220 0.062490 0.068710 0.087480
7 0.871870 0.378120 0.082760 0.218720
10 0.668710 0.299980 0.082760 0.181230
8 0.664040 0.189060 0.056210 0.145300
8 0.882760 0.631220 0.078100 0.153120
9 0.587460 0.304650 0.049990 0.112470
9 0.746850 0.059330 0.051540 0.085920
9 0.746850 0.214050 0.056210 0.117190
9 0.778120 0.643720 0.071870 0.124970
9 0.581230 0.765580 0.068710 0.126530
