5 0.601560 0.059330 0.059330 0.112470
5 0.882760 0.737470 0.081210 0.140580
1 0.809340 0.367180 0.098420 0.201560
4 0.617170 0.293710 0.076540 0.174960
3 0.679650 0.139020 0.049990 0.107800
3 0.696860 0.226550 0.046880 0.107800
3 0.724970 0.404670 0.054660 0.104650
3 0.737470 0.512470 0.054660 0.107800
3 0.532800 0.299980 0.051540 0.104650
3 0.528080 0.060930 0.049990 0.104650
2 0.604670 0.126530 0.051540 0.134360
2 0.460930 0.398400 0.068710 0.143740
6 0.284370 0.757790 0.073430 0.140580
6 0.174960 0.495310 0.073430 0.140580
11 0.209340 0.054660 0.068710 0.109360
7 0.184340 0.367180 0.085920 0.206230
10 0.373400 0.298420 0.082760 0.171850
8 0.374960 0.190620 0.059330 0.139020
8 0.185900 0.609340 0.078100 0.145300
9 0.451540 0.304650 0.049990 0.107800
9 0.287480 0.054660 0.054660 0.107800
9 0.296860 0.215610 0.056210 0.112470
9 0.285920 0.623440 0.071870 0.117190
9 0.478100 0.742180 0.068710 0.118750
