3 0.148410 0.057770 0.046880 0.071870
3 0.185900 0.173400 0.051540 0.056210
3 0.268710 0.339020 0.049990 0.048430
3 0.301530 0.429660 0.045270 0.045270
3 0.417170 0.457770 0.053100 0.051540
3 0.476540 0.596840 0.056210 0.046880
3 0.460930 0.773400 0.054660 0.056210
3 0.512470 0.826550 0.053100 0.056210
3 0.570290 0.951520 0.051540 0.059330
4 0.848430 0.726530 0.051540 0.059330
0 0.360910 0.762460 0.070270 0.076540
2 0.654660 0.984340 0.039050 0.029660
5 0.435930 0.899980 0.064040 0.079650
5 0.265600 0.546850 0.071870 0.068710
5 0.504650 0.974960 0.067150 0.048430
4 0.332800 0.676540 0.084370 0.081210
1 0.210890 0.443720 0.073430 0.064040
2 0.357790 0.299980 0.087480 0.078100
9 0.571850 0.071870 0.057770 0.068710
9 0.557790 0.249990 0.051540 0.048430
9 0.632780 0.295310 0.053100 0.045270
9 0.656210 0.348410 0.054660 0.042160
9 0.562460 0.481210 0.054660 0.043720
9 0.723410 0.539020 0.057770 0.042160
9 0.748410 0.598400 0.053100 0.043720
9 0.765580 0.649990 0.057770 0.040600
9 0.803110 0.774960 0.051540 0.051540
9 0.773400 0.848430 0.056210 0.049990
9 0.823440 0.982790 0.049990 0.034380
6 0.639050 0.600000 0.073430 0.045270
6 0.681210 0.581230 0.067150 0.040600
8 0.756240 0.937470 0.065600 0.067150
8 0.857770 0.943740 0.034380 0.042160
10 0.617170 0.546850 0.087480 0.057770
11 0.756240 0.432780 0.065600 0.045270
11 0.729690 0.392170 0.071870 0.046880
7 0.709360 0.264040 0.106250 0.070270
11 0.624990 0.034380 0.067150 0.067150
3 0.582790 0.990620 0.053100 0.018720
5 0.137470 0.195280 0.024990 0.081210
