3 0.446880 0.560910 0.034380 0.046880
3 0.345300 0.648430 0.040600 0.046880
3 0.354680 0.748410 0.037490 0.046880
3 0.281210 0.809340 0.043720 0.049990
3 0.581230 0.528080 0.034380 0.045270
3 0.606230 0.481210 0.035930 0.046880
3 0.673430 0.418720 0.029660 0.045270
3 0.707800 0.395280 0.029660 0.042160
3 0.735910 0.368730 0.031220 0.043720
3 0.784340 0.326530 0.031220 0.040600
3 0.829660 0.281210 0.031220 0.040600
3 0.806230 0.299980 0.026550 0.037490
3 0.856210 0.264040 0.034380 0.035930
0 0.600000 0.600000 0.040600 0.059330
0 0.714030 0.218720 0.029660 0.056210
0 0.857770 0.314030 0.039050 0.054660
4 0.443720 0.262490 0.037490 0.070270
4 0.540630 0.639050 0.053100 0.082760
5 0.718750 0.443720 0.051540 0.071870
5 0.673430 0.517190 0.045270 0.054660
5 0.462490 0.739020 0.049990 0.065600
5 0.909360 0.278100 0.040600 0.048430
2 0.882760 0.299980 0.032780 0.049990
2 0.223440 0.745300 0.065600 0.092150
1 0.393730 0.812500 0.059330 0.082760
1 0.815610 0.356240 0.059330 0.076540
9 0.115590 0.603110 0.046880 0.051540
9 0.142180 0.528080 0.043720 0.049990
9 0.328080 0.531240 0.035930 0.048430
9 0.332800 0.399950 0.034380 0.043720
9 0.376520 0.368730 0.029660 0.040600
9 0.410890 0.348410 0.029660 0.049990
9 0.635930 0.246880 0.028110 0.042160
9 0.492150 0.298420 0.029660 0.039050
9 0.549970 0.306250 0.026550 0.043720
9 0.667150 0.176520 0.024990 0.035930
9 0.182790 0.495310 0.040600 0.046880
9 0.643720 0.190620 0.024990 0.040600
11 0.234380 0.399950 0.039050 0.049990
11 0.204670 0.431220 0.042160 0.057770
11 0.645270 0.159350 0.029660 0.040600
9 0.614050 0.209340 0.021840 0.040600
10 0.581230 0.312470 0.037490 0.070270
10 0.370290 0.471870 0.046880 0.076540
6 0.507800 0.235930 0.029660 0.056210
6 0.404670 0.446880 0.034380 0.062490
6 0.378120 0.417170 0.035930 0.059330
6 0.592170 0.189060 0.028110 0.060930
8 0.615610 0.299980 0.034380 0.054660
8 0.596840 0.223440 0.032780 0.049990
7 0.543740 0.203110 0.034380 0.078100
7 0.093710 0.474980 0.068710 0.089040
