4 0.617170 0.289040 0.062490 0.174960
8 0.529690 0.128080 0.064040 0.148410
10 0.382790 0.282760 0.071870 0.189060
7 0.287480 0.357790 0.067150 0.198400
9 0.456210 0.293710 0.046880 0.107800
9 0.387460 0.137470 0.051540 0.112470
9 0.278100 0.604670 0.059330 0.121860
9 0.306250 0.049990 0.049990 0.098420
11 0.209340 0.195280 0.062490 0.124970
11 0.653100 0.717190 0.073430 0.143740
2 0.460930 0.390620 0.067150 0.145300
5 0.854660 0.737470 0.071870 0.139020
1 0.737470 0.590620 0.081210 0.203110
3 0.640600 0.506250 0.054660 0.112470
3 0.534360 0.296860 0.049990 0.107800
3 0.698420 0.228110 0.046880 0.104650
