1 0.215610 0.303090 0.082760 0.207780
5 0.182790 0.542180 0.073430 0.139020
5 0.249990 0.081210 0.056210 0.131240
2 0.393730 0.342180 0.062490 0.145300
2 0.353120 0.673430 0.073430 0.157790
3 0.249990 0.804670 0.064040 0.118750
4 0.473430 0.434380 0.068710 0.181230
3 0.412500 0.174960 0.051540 0.117190
3 0.301530 0.351520 0.049990 0.112470
3 0.387460 0.554680 0.056210 0.117190
3 0.453100 0.684370 0.049990 0.117190
3 0.478100 0.267150 0.051540 0.107800
0 0.334360 0.074980 0.054660 0.143740
0 0.642160 0.553080 0.064040 0.153120
10 0.651540 0.148410 0.067150 0.179670
7 0.843720 0.417170 0.090590 0.212500
8 0.771850 0.814050 0.073430 0.160910
11 0.806230 0.085920 0.054660 0.129690
6 0.815610 0.149970 0.056210 0.148410
6 0.870270 0.682760 0.073430 0.156240
8 0.648430 0.335910 0.067150 0.148410
9 0.581230 0.082760 0.054660 0.112470
9 0.579670 0.246880 0.051540 0.117190
9 0.726530 0.168730 0.051540 0.112470
9 0.743740 0.346850 0.051540 0.107800
9 0.745300 0.449990 0.059330 0.118750
9 0.757790 0.684370 0.056210 0.117190
