2 0.460930 0.387460 0.056210 0.131240
5 0.853100 0.742180 0.071870 0.140580
1 0.737470 0.596840 0.081210 0.201560
4 0.614050 0.290590 0.064040 0.171850
3 0.695310 0.226550 0.046880 0.107800
3 0.637490 0.504650 0.056210 0.112470
3 0.534360 0.296860 0.049990 0.104650
3 0.549970 0.414050 0.049990 0.117190
8 0.528080 0.128080 0.051540 0.140580
10 0.382790 0.282760 0.064040 0.179670
7 0.289040 0.357790 0.073430 0.198400
9 0.454660 0.293710 0.046880 0.104650
9 0.306250 0.049990 0.049990 0.098420
9 0.306250 0.204670 0.049990 0.107800
9 0.278100 0.600000 0.051540 0.121860
11 0.226550 0.045270 0.062490 0.090590
11 0.656210 0.723410 0.068710 0.140580
