11 0.196840 0.085920 0.054660 0.121860
8 0.237490 0.790620 0.081210 0.153120
7 0.160910 0.409340 0.078100 0.201560
10 0.346850 0.146850 0.056210 0.174960
8 0.349970 0.323410 0.062490 0.126530
6 0.187460 0.153120 0.056210 0.140580
6 0.354680 0.424990 0.062490 0.135910
9 0.417170 0.246880 0.049990 0.109360
9 0.412500 0.084370 0.051540 0.107800
9 0.273430 0.168730 0.049990 0.107800
9 0.257770 0.340630 0.049990 0.107800
9 0.259370 0.434380 0.059330 0.112470
9 0.249990 0.668710 0.056210 0.117190
0 0.651540 0.084370 0.056210 0.148410
2 0.634380 0.657770 0.064040 0.160910
2 0.593730 0.337470 0.059330 0.149970
0 0.359350 0.539020 0.064040 0.140580
4 0.517190 0.424990 0.064040 0.181230
1 0.768730 0.299980 0.081210 0.201560
5 0.803110 0.535910 0.068710 0.145300
5 0.731240 0.085920 0.056210 0.129690
3 0.574960 0.170290 0.042160 0.109360
3 0.512470 0.262490 0.046880 0.103090
3 0.682760 0.345300 0.049990 0.109360
3 0.606230 0.535910 0.056210 0.114030
3 0.539020 0.668710 0.054660 0.109360
3 0.742180 0.781230 0.062490 0.121860
