11 0.274980 0.396840 0.068710 0.084370
5 0.356240 0.467150 0.065600 0.084370
9 0.339020 0.554680 0.062490 0.064040
7 0.446880 0.554680 0.089040 0.137470
9 0.462490 0.460930 0.067150 0.071870
3 0.453100 0.382790 0.060930 0.067150
3 0.454660 0.274980 0.059330 0.082760
3 0.364020 0.265600 0.053100 0.070270
3 0.292150 0.278100 0.046880 0.060930
0 0.368730 0.207780 0.068710 0.087480
5 0.595280 0.220280 0.056210 0.087480
1 0.774960 0.248430 0.073430 0.135910
3 0.692150 0.337470 0.059330 0.068710
3 0.615610 0.384340 0.070270 0.064040
4 0.645270 0.614050 0.076540 0.132800
9 0.551520 0.528080 0.062490 0.101530
