4 0.790620 0.276540 0.071870 0.160910
1 0.793730 0.351520 0.073430 0.192170
0 0.815610 0.478100 0.059330 0.134360
0 0.762460 0.192170 0.049990 0.129690
2 0.753120 0.117190 0.059330 0.112470
2 0.831220 0.600000 0.073430 0.124970
5 0.753120 0.048430 0.046880 0.095310
5 0.845270 0.724970 0.068710 0.129690
3 0.742180 0.726530 0.054660 0.103090
3 0.728080 0.603110 0.051540 0.103090
3 0.715590 0.496860 0.045270 0.098420
3 0.704650 0.390620 0.045270 0.099980
3 0.692150 0.292150 0.046880 0.095310
3 0.682760 0.209340 0.040600 0.098420
3 0.674980 0.126530 0.042160 0.090590
3 0.668710 0.043720 0.040600 0.087480
10 0.187460 0.268710 0.064040 0.170290
7 0.171850 0.356240 0.067150 0.193730
6 0.190620 0.195280 0.049990 0.134360
6 0.154680 0.485920 0.056210 0.134360
8 0.210890 0.114030 0.051540 0.129690
8 0.159350 0.601560 0.067150 0.143740
11 0.134360 0.748410 0.064040 0.135910
11 0.210890 0.046880 0.046880 0.093710
9 0.289040 0.045270 0.040600 0.090590
9 0.285920 0.124970 0.042160 0.090590
9 0.281210 0.214050 0.042160 0.099980
9 0.274980 0.298420 0.049990 0.099980
9 0.274980 0.403110 0.046880 0.099980
9 0.259370 0.509360 0.056210 0.104650
9 0.257770 0.612500 0.051540 0.107800
9 0.245270 0.739020 0.056210 0.104650
