5 0.896860 0.753120 0.082760 0.165580
3 0.559350 0.043720 0.059330 0.087480
1 0.845270 0.364020 0.093710 0.224990
4 0.639050 0.278100 0.073430 0.193730
3 0.748410 0.401560 0.064040 0.107800
3 0.724970 0.212500 0.062490 0.104650
3 0.714030 0.120300 0.051540 0.112470
3 0.554680 0.290590 0.051540 0.114030
3 0.668710 0.520300 0.062490 0.121860
2 0.467150 0.392170 0.076540 0.153120
6 0.470270 0.615610 0.073430 0.157790
10 0.384340 0.278100 0.071870 0.203110
8 0.546850 0.112470 0.064040 0.157790
8 0.170290 0.617170 0.085920 0.160910
7 0.179670 0.357790 0.087480 0.218720
11 0.220280 0.043720 0.073430 0.087480
11 0.265600 0.765580 0.082760 0.149970
9 0.274980 0.629660 0.064040 0.126530
9 0.468710 0.290590 0.059330 0.114030
9 0.306250 0.042160 0.051540 0.082760
9 0.304650 0.204670 0.059330 0.107800
9 0.476540 0.757790 0.068710 0.131240
