5 0.864040 0.710920 0.078100 0.157790
3 0.528080 0.042160 0.054660 0.082760
1 0.809340 0.340630 0.087480 0.215610
4 0.609340 0.264040 0.068710 0.187460
3 0.715590 0.379670 0.059330 0.104650
3 0.690590 0.200000 0.056210 0.103090
3 0.679650 0.112470 0.049990 0.107800
3 0.528080 0.278100 0.046880 0.112470
3 0.642160 0.495310 0.056210 0.118750
2 0.448430 0.376520 0.071870 0.145300
6 0.453100 0.589060 0.068710 0.153120
10 0.367180 0.270270 0.068710 0.196840
8 0.518750 0.107800 0.059330 0.153120
8 0.167180 0.596840 0.081210 0.153120
7 0.170290 0.351520 0.082760 0.207780
11 0.204670 0.045270 0.067150 0.090590
11 0.260930 0.737470 0.078100 0.145300
9 0.267150 0.607780 0.059330 0.121860
9 0.445270 0.278100 0.054660 0.112470
9 0.285920 0.043720 0.051540 0.085920
9 0.289040 0.200000 0.054660 0.103090
9 0.462490 0.724970 0.064040 0.126530
