4 0.793730 0.259370 0.064040 0.156240
1 0.800000 0.346850 0.082760 0.198400
0 0.764020 0.181230 0.054660 0.135910
0 0.810890 0.487480 0.062490 0.135910
5 0.746850 0.093710 0.059330 0.124970
5 0.835930 0.606230 0.076540 0.140580
5 0.743740 0.049990 0.051540 0.059330
5 0.849990 0.740580 0.078100 0.139020
3 0.653100 0.043720 0.046880 0.051540
3 0.659370 0.101530 0.045270 0.099980
3 0.671870 0.189060 0.049990 0.103090
3 0.682760 0.273430 0.046880 0.114030
3 0.698420 0.378120 0.045270 0.112470
3 0.710920 0.487480 0.046880 0.114030
3 0.728080 0.606230 0.049990 0.114030
3 0.742180 0.737470 0.054660 0.124970
10 0.148410 0.232780 0.068710 0.176520
7 0.135910 0.321860 0.073430 0.206230
6 0.153120 0.151520 0.056210 0.139020
6 0.120300 0.453100 0.064040 0.148410
8 0.160910 0.071870 0.059330 0.129690
8 0.117190 0.596840 0.073430 0.145300
11 0.106250 0.729690 0.071870 0.149970
11 0.170290 0.026550 0.054660 0.045270
9 0.249990 0.026550 0.051540 0.040600
9 0.248430 0.084370 0.051540 0.099980
9 0.248430 0.174960 0.049990 0.104650
9 0.240600 0.267150 0.059330 0.107800
9 0.242160 0.376520 0.062490 0.112470
9 0.229660 0.484370 0.062490 0.103090
9 0.231220 0.595280 0.067150 0.114030
9 0.218720 0.726530 0.064040 0.112470
