11 0.642160 0.721860 0.071870 0.135910
5 0.840600 0.731240 0.073430 0.134360
1 0.721860 0.590620 0.081210 0.203110
4 0.600000 0.292150 0.059330 0.170290
3 0.698420 0.406230 0.049990 0.109360
3 0.674980 0.223440 0.042160 0.104650
3 0.624990 0.503090 0.051540 0.109360
3 0.518750 0.303090 0.051540 0.107800
10 0.362460 0.292150 0.059330 0.171850
7 0.267150 0.373400 0.073430 0.198400
6 0.442160 0.598400 0.064040 0.153120
11 0.209340 0.056210 0.056210 0.112470
2 0.439050 0.396840 0.062490 0.135910
8 0.507800 0.137470 0.054660 0.140580
8 0.354680 0.493710 0.056210 0.143740
9 0.434380 0.301530 0.046880 0.099980
9 0.284370 0.059330 0.046880 0.098420
9 0.289040 0.215610 0.046880 0.104650
9 0.264040 0.615610 0.056210 0.109360
