9 0.737470 0.145300 0.045270 0.099980
3 0.293710 0.317190 0.046880 0.107800
1 0.201560 0.264040 0.081210 0.223440
3 0.481210 0.232780 0.045270 0.098420
9 0.742180 0.078100 0.062490 0.104650
3 0.415610 0.140580 0.054660 0.104650
0 0.242160 0.118750 0.062490 0.139020
10 0.734360 0.190620 0.076540 0.139020
9 0.735910 0.320300 0.064040 0.134360
3 0.329690 0.057770 0.046880 0.090590
9 0.585900 0.224990 0.049990 0.114030
7 0.854660 0.407780 0.078100 0.193730
6 0.831220 0.145300 0.073430 0.162460
2 0.476540 0.321860 0.068710 0.135910
11 0.824990 0.093710 0.073430 0.131240
9 0.554680 0.554680 0.067150 0.118750
2 0.382790 0.306250 0.064040 0.149970
4 0.264040 0.404670 0.081210 0.167180
3 0.429660 0.659370 0.064040 0.114030
9 0.751520 0.678100 0.056210 0.112470
5 0.260930 0.051540 0.056210 0.082760
3 0.379670 0.534360 0.059330 0.124970
5 0.106250 0.778120 0.078100 0.156240
6 0.873430 0.674980 0.076540 0.153120
2 0.149970 0.523410 0.087480 0.134360
8 0.853100 0.551520 0.078100 0.160910
8 0.653100 0.310920 0.067150 0.153120
9 0.743740 0.423440 0.068710 0.135910
3 0.457770 0.440600 0.059330 0.118750
9 0.543740 0.793730 0.068710 0.129690
11 0.642160 0.796840 0.076540 0.156240
3 0.215610 0.779670 0.062490 0.121860
