9 0.706250 0.157790 0.045270 0.098420
3 0.262490 0.345300 0.046880 0.104650
1 0.168730 0.295310 0.081210 0.220280
3 0.448430 0.254660 0.046880 0.098420
9 0.712470 0.084370 0.059330 0.109360
3 0.382790 0.164020 0.054660 0.104650
0 0.210890 0.148410 0.062490 0.135910
10 0.701530 0.203110 0.078100 0.135910
9 0.703090 0.331240 0.064040 0.131240
3 0.298420 0.081210 0.046880 0.095310
9 0.551520 0.242160 0.049990 0.114030
7 0.820280 0.415610 0.078100 0.192170
6 0.798400 0.154680 0.073430 0.160910
2 0.442160 0.343740 0.068710 0.135910
11 0.793730 0.087480 0.073430 0.157790
9 0.520300 0.574960 0.067150 0.118750
2 0.349970 0.331240 0.067150 0.149970
4 0.229660 0.434380 0.081210 0.165580
3 0.395280 0.681210 0.064040 0.112470
9 0.715590 0.690590 0.056210 0.112470
5 0.229660 0.068710 0.059330 0.104650
3 0.343740 0.559350 0.059330 0.124970
5 0.070270 0.810890 0.081210 0.153120
6 0.837490 0.682760 0.078100 0.149970
2 0.115590 0.554680 0.090590 0.131240
8 0.818720 0.559350 0.078100 0.157790
8 0.620280 0.326530 0.068710 0.149970
9 0.710920 0.434380 0.068710 0.135910
3 0.424990 0.462490 0.059330 0.118750
9 0.507800 0.814050 0.068710 0.126530
11 0.606230 0.812500 0.078100 0.153120
3 0.179670 0.809340 0.062490 0.121860
