1 0.220280 0.257770 0.081210 0.203110
4 0.293710 0.384340 0.076540 0.189060
5 0.159350 0.768730 0.085920 0.143740
5 0.254660 0.046880 0.064040 0.093710
0 0.664040 0.504650 0.071870 0.149970
0 0.342180 0.049990 0.056210 0.098420
2 0.396840 0.299980 0.064040 0.149970
2 0.365580 0.637490 0.073430 0.143740
3 0.412500 0.514030 0.064040 0.121860
3 0.270270 0.768730 0.067150 0.118750
3 0.317190 0.306250 0.046880 0.112470
3 0.423440 0.128080 0.046880 0.112470
3 0.492150 0.043720 0.051540 0.087480
3 0.490590 0.215610 0.051540 0.117190
3 0.664040 0.412500 0.049990 0.109360
3 0.473430 0.639050 0.054660 0.118750
11 0.820280 0.043720 0.056210 0.087480
11 0.685920 0.754680 0.071870 0.149970
10 0.742180 0.167180 0.076540 0.176520
7 0.867150 0.360910 0.081210 0.203110
6 0.834330 0.092150 0.062490 0.145300
6 0.895310 0.631220 0.076540 0.148410
8 0.871870 0.507800 0.081210 0.140580
8 0.664040 0.281210 0.064040 0.135910
9 0.592170 0.193730 0.051540 0.114030
9 0.595280 0.042160 0.054660 0.082760
9 0.742180 0.107800 0.051540 0.104650
9 0.759350 0.292150 0.051540 0.112470
9 0.785900 0.637490 0.062490 0.118750
9 0.765580 0.393730 0.059330 0.118750
9 0.587460 0.526530 0.051540 0.117190
9 0.581230 0.771850 0.064040 0.124970
