1 0.774960 0.262490 0.081210 0.206230
4 0.706250 0.393730 0.076540 0.192170
5 0.865600 0.781230 0.085920 0.143740
5 0.728080 0.049990 0.067150 0.098420
0 0.335910 0.523410 0.071870 0.153120
0 0.639050 0.053100 0.059330 0.104650
2 0.596840 0.309360 0.064040 0.153120
2 0.648430 0.653100 0.073430 0.143740
3 0.593730 0.528080 0.064040 0.124970
3 0.751520 0.784340 0.068710 0.118750
3 0.679650 0.314030 0.049990 0.114030
3 0.562460 0.134360 0.046880 0.114030
3 0.487480 0.049990 0.051540 0.098420
3 0.496860 0.226550 0.051540 0.118750
3 0.331240 0.429660 0.051540 0.112470
3 0.539020 0.656210 0.056210 0.121860
11 0.153120 0.054660 0.059330 0.107800
11 0.329690 0.778120 0.071870 0.153120
10 0.240600 0.184340 0.076540 0.179670
7 0.121860 0.381230 0.081210 0.206230
6 0.143740 0.107800 0.062490 0.148410
6 0.110920 0.659370 0.076540 0.148410
8 0.128080 0.531240 0.081210 0.143740
8 0.324970 0.296860 0.064040 0.139020
9 0.393730 0.206230 0.054660 0.117190
9 0.382790 0.046880 0.051540 0.093710
9 0.237490 0.123410 0.054660 0.104650
9 0.228110 0.310920 0.054660 0.114030
9 0.221840 0.662490 0.064040 0.121860
9 0.228110 0.414050 0.059330 0.118750
9 0.417170 0.543740 0.054660 0.118750
9 0.435930 0.793730 0.064040 0.124970
