1 0.796840 0.304650 0.076540 0.203110
4 0.726530 0.431220 0.073430 0.189060
5 0.881210 0.815610 0.082760 0.143740
5 0.753120 0.078100 0.062490 0.124970
0 0.362460 0.551520 0.068710 0.149970
0 0.667150 0.079650 0.056210 0.134360
2 0.621840 0.346850 0.062490 0.149970
2 0.668710 0.684370 0.071870 0.143740
3 0.615610 0.560910 0.062490 0.121860
3 0.768730 0.815610 0.067150 0.118750
3 0.703090 0.351520 0.046880 0.112470
3 0.590620 0.174960 0.045270 0.112470
3 0.515590 0.079650 0.051540 0.109360
3 0.523410 0.262490 0.049990 0.117190
3 0.357790 0.457770 0.049990 0.109360
3 0.559350 0.685920 0.054660 0.118750
11 0.187460 0.073430 0.054660 0.124970
11 0.353120 0.801560 0.068710 0.149970
10 0.271870 0.214050 0.071870 0.176520
7 0.153120 0.406230 0.078100 0.203110
6 0.176520 0.139020 0.059330 0.145300
6 0.137470 0.678100 0.073430 0.148410
8 0.157790 0.554680 0.078100 0.140580
8 0.353120 0.328080 0.062490 0.135910
9 0.421840 0.242160 0.051540 0.114030
9 0.414050 0.073430 0.049990 0.109360
9 0.268710 0.154680 0.051540 0.104650
9 0.257770 0.339020 0.051540 0.112470
9 0.246880 0.684370 0.062490 0.118750
9 0.257770 0.440600 0.056210 0.118750
9 0.440600 0.571850 0.051540 0.117190
9 0.459330 0.818720 0.062490 0.124970
