1 0.803110 0.284370 0.090590 0.218720
2 0.615610 0.329690 0.064040 0.156240
2 0.431220 0.809340 0.078100 0.174960
5 0.598400 0.060930 0.067150 0.121860
5 0.534360 0.434380 0.071870 0.148410
3 0.757790 0.804670 0.071870 0.134360
3 0.710920 0.331240 0.059330 0.118750
3 0.621840 0.546850 0.056210 0.126530
3 0.545300 0.681210 0.067150 0.124970
3 0.532800 0.249990 0.062490 0.112470
3 0.510920 0.149970 0.056210 0.117190
0 0.624990 0.135910 0.059330 0.162460
0 0.348410 0.549970 0.078100 0.162460
10 0.356240 0.128080 0.068710 0.192170
8 0.214050 0.820280 0.085920 0.176520
8 0.351520 0.318750 0.068710 0.145300
6 0.356240 0.432780 0.064040 0.149970
6 0.179670 0.132800 0.078100 0.156240
11 0.196840 0.070270 0.064040 0.131240
7 0.148410 0.409340 0.090590 0.220280
9 0.426550 0.059330 0.059330 0.117190
9 0.276540 0.149970 0.059330 0.112470
9 0.254660 0.334360 0.056210 0.109360
9 0.249990 0.440600 0.062490 0.118750
9 0.231220 0.690590 0.067150 0.124970
