0 0.731240 0.653100 0.078100 0.143740
1 0.809340 0.393730 0.090590 0.212500
4 0.606230 0.312470 0.068710 0.189060
5 0.873430 0.781230 0.090590 0.143740
5 0.587460 0.070270 0.051540 0.124970
3 0.670270 0.153120 0.049990 0.112470
3 0.685920 0.242160 0.054660 0.109360
3 0.715590 0.429660 0.059330 0.114030
3 0.728080 0.539020 0.059330 0.114030
3 0.664040 0.787460 0.064040 0.124970
3 0.512470 0.070270 0.049990 0.114030
3 0.523410 0.320300 0.051540 0.109360
2 0.590620 0.143740 0.059330 0.143740
2 0.443720 0.418720 0.064040 0.153120
10 0.356240 0.310920 0.073430 0.181230
11 0.253100 0.781230 0.073430 0.139020
11 0.181230 0.059330 0.068710 0.112470
7 0.153120 0.379670 0.082760 0.203110
6 0.143740 0.512470 0.071870 0.145300
8 0.354680 0.200000 0.062490 0.135910
8 0.153120 0.635930 0.082760 0.149970
9 0.434380 0.318750 0.054660 0.112470
9 0.265600 0.059330 0.054660 0.109360
9 0.273430 0.228110 0.054660 0.109360
9 0.264040 0.429660 0.067150 0.109360
9 0.257770 0.540630 0.062490 0.109360
9 0.259370 0.649990 0.064040 0.117190
9 0.460930 0.782790 0.062490 0.124970
