8 0.546850 0.149970 0.064040 0.148410
8 0.739020 0.815610 0.085920 0.167180
7 0.820280 0.415610 0.093710 0.224990
10 0.637490 0.143740 0.071870 0.184340
11 0.790620 0.079650 0.076540 0.139020
6 0.801560 0.145300 0.071870 0.153120
6 0.620280 0.431220 0.068710 0.156240
9 0.567180 0.071870 0.062490 0.109360
9 0.710920 0.157790 0.056210 0.107800
9 0.721860 0.337470 0.062490 0.118750
9 0.726530 0.681210 0.062490 0.124970
9 0.720300 0.443720 0.062490 0.124970
1 0.190620 0.293710 0.090590 0.215610
2 0.367180 0.335910 0.064040 0.157790
2 0.523410 0.803110 0.076540 0.160910
5 0.403110 0.068710 0.056210 0.126530
5 0.445270 0.440600 0.067150 0.145300
0 0.371850 0.148410 0.051540 0.157790
0 0.614050 0.554680 0.068710 0.157790
3 0.456210 0.259370 0.051540 0.114030
3 0.484370 0.164020 0.054660 0.107800
3 0.273430 0.345300 0.056210 0.117190
3 0.206230 0.803110 0.064040 0.126530
3 0.354680 0.549970 0.054660 0.134360
3 0.418720 0.678100 0.062490 0.129690
