0 0.401560 0.162460 0.054660 0.148410
1 0.231220 0.303090 0.085920 0.198400
2 0.768730 0.656210 0.073430 0.160910
2 0.656210 0.445270 0.068710 0.149970
3 0.268710 0.798400 0.064040 0.118750
3 0.315590 0.349970 0.056210 0.114030
3 0.398400 0.548410 0.054660 0.117190
3 0.470270 0.679650 0.062490 0.124970
5 0.424990 0.084370 0.054660 0.129690
5 0.493710 0.351520 0.059330 0.129690
11 0.804670 0.099980 0.059330 0.124970
3 0.581230 0.190620 0.051540 0.112470
7 0.837490 0.320300 0.087480 0.203110
8 0.779670 0.807780 0.087480 0.157790
6 0.815610 0.157790 0.068710 0.160910
10 0.653100 0.156240 0.067150 0.187460
9 0.728080 0.178120 0.054660 0.109360
9 0.746850 0.353120 0.056210 0.114030
9 0.746850 0.449990 0.062490 0.114030
9 0.654660 0.574960 0.062490 0.117190
