4 0.476540 0.439050 0.067150 0.189060
2 0.399950 0.349970 0.056210 0.148410
2 0.357790 0.674980 0.071870 0.157790
1 0.223440 0.309360 0.081210 0.201560
5 0.256210 0.092150 0.059330 0.129690
5 0.148410 0.798400 0.081210 0.143740
3 0.253100 0.801560 0.067150 0.124970
3 0.310920 0.356240 0.054660 0.117190
3 0.418720 0.189060 0.046880 0.107800
3 0.387460 0.557790 0.056210 0.109360
3 0.457770 0.684370 0.059330 0.117190
3 0.482760 0.282760 0.049990 0.118750
0 0.337470 0.090590 0.054660 0.143740
0 0.643720 0.564020 0.062490 0.149970
11 0.800000 0.107800 0.059330 0.131240
7 0.839050 0.429660 0.073430 0.201560
8 0.648430 0.353120 0.062490 0.140580
8 0.840600 0.576520 0.073430 0.143740
6 0.810890 0.174960 0.059330 0.143740
6 0.862490 0.693710 0.068710 0.143740
10 0.726530 0.243720 0.076540 0.165580
9 0.724970 0.187460 0.049990 0.103090
9 0.582790 0.101530 0.051540 0.104650
9 0.578120 0.268710 0.046880 0.109360
9 0.740580 0.364020 0.049990 0.109360
9 0.742180 0.465600 0.056210 0.112470
9 0.753120 0.698420 0.059330 0.118750
