1 0.181230 0.278100 0.093710 0.220280
5 0.224990 0.059330 0.064040 0.114030
5 0.135910 0.528080 0.078100 0.140580
0 0.310920 0.664040 0.073430 0.167180
0 0.364020 0.318750 0.064040 0.149970
4 0.442160 0.414050 0.073430 0.193730
3 0.454660 0.242160 0.051540 0.117190
3 0.195280 0.798400 0.064040 0.129690
3 0.270270 0.324970 0.056210 0.118750
3 0.346850 0.540630 0.064040 0.121860
3 0.414050 0.674980 0.067150 0.124970
3 0.481210 0.146850 0.059330 0.109360
0 0.367180 0.128080 0.071870 0.157790
0 0.614050 0.537470 0.076540 0.149970
10 0.637490 0.118750 0.073430 0.192170
11 0.796840 0.062490 0.067150 0.114030
8 0.735910 0.809340 0.087480 0.160910
8 0.628110 0.309360 0.067150 0.143740
6 0.618720 0.418720 0.059330 0.140580
6 0.807780 0.123410 0.064040 0.148410
7 0.823440 0.399950 0.095310 0.220280
9 0.565620 0.059330 0.049990 0.112470
9 0.559350 0.226550 0.054660 0.118750
9 0.712470 0.142180 0.056210 0.114030
9 0.723410 0.324970 0.056210 0.118750
9 0.721860 0.431220 0.059330 0.121860
9 0.726530 0.676540 0.064040 0.126530
