6 0.810890 0.142180 0.067150 0.139020
6 0.635930 0.417170 0.051540 0.131240
8 0.753120 0.778120 0.073430 0.156240
8 0.642160 0.318750 0.062490 0.134360
10 0.651540 0.137470 0.067150 0.174960
7 0.831220 0.398400 0.081210 0.198400
11 0.801560 0.081210 0.062490 0.126530
9 0.585900 0.076540 0.046880 0.107800
9 0.737470 0.657770 0.056210 0.112470
9 0.731240 0.429660 0.062490 0.107800
9 0.732800 0.331240 0.054660 0.109360
9 0.721860 0.156240 0.051540 0.114030
0 0.398400 0.156240 0.051540 0.145300
0 0.632780 0.532800 0.056210 0.143740
2 0.545300 0.773400 0.068710 0.153120
2 0.398400 0.331240 0.059330 0.140580
1 0.226550 0.290590 0.082760 0.198400
5 0.428110 0.074980 0.051540 0.121860
5 0.203110 0.434380 0.071870 0.129690
3 0.245270 0.779670 0.062490 0.114030
3 0.309360 0.337470 0.046880 0.109360
3 0.507800 0.165580 0.045270 0.099980
3 0.481210 0.257770 0.042160 0.104650
3 0.382790 0.534360 0.054660 0.114030
3 0.445270 0.662490 0.051540 0.112470
