6 0.815610 0.171850 0.068710 0.140580
6 0.637490 0.442160 0.054660 0.134360
8 0.748410 0.812500 0.076540 0.160910
8 0.643720 0.342180 0.064040 0.135910
10 0.656210 0.160910 0.068710 0.176520
7 0.832780 0.431220 0.082760 0.201560
11 0.807780 0.110920 0.064040 0.129690
9 0.587460 0.096860 0.049990 0.109360
9 0.737470 0.690590 0.059330 0.114030
9 0.732800 0.459330 0.062490 0.109360
9 0.735910 0.357790 0.054660 0.112470
9 0.726530 0.182790 0.054660 0.117190
0 0.398400 0.168730 0.054660 0.149970
0 0.631220 0.559350 0.059330 0.145300
2 0.539020 0.800000 0.071870 0.156240
2 0.398400 0.346850 0.062490 0.143740
1 0.223440 0.298420 0.085920 0.201560
5 0.429660 0.087480 0.054660 0.124970
5 0.196840 0.442160 0.073430 0.131240
3 0.235930 0.793730 0.064040 0.117190
3 0.306250 0.348410 0.049990 0.112470
3 0.509360 0.184340 0.045270 0.103090
3 0.481210 0.276540 0.045270 0.107800
3 0.378120 0.549970 0.056210 0.117190
3 0.440600 0.682760 0.054660 0.114030
