10 0.767180 0.215610 0.081210 0.174960
1 0.245270 0.287480 0.085920 0.201560
0 0.365580 0.068710 0.059330 0.124970
5 0.278100 0.065600 0.059330 0.118750
3 0.337470 0.337470 0.054660 0.104650
5 0.178120 0.798400 0.085920 0.143740
3 0.289040 0.803110 0.067150 0.114030
2 0.384340 0.673430 0.073430 0.140580
2 0.418720 0.337470 0.059330 0.140580
4 0.514030 0.418720 0.071870 0.184340
3 0.498420 0.682760 0.062490 0.117190
3 0.434380 0.551520 0.054660 0.117190
3 0.445270 0.159350 0.046880 0.104650
3 0.517190 0.071870 0.040600 0.107800
3 0.515590 0.253100 0.049990 0.107800
3 0.684370 0.456210 0.051540 0.112470
0 0.685920 0.548410 0.062490 0.145300
7 0.890590 0.414050 0.078100 0.206230
11 0.843720 0.076540 0.059330 0.124970
8 0.689040 0.328080 0.067150 0.135910
8 0.896860 0.559350 0.076540 0.140580
6 0.856210 0.143740 0.059330 0.148410
6 0.918750 0.684370 0.073430 0.145300
9 0.765580 0.154680 0.046880 0.098420
9 0.785900 0.335910 0.056210 0.104650
9 0.809340 0.685920 0.062490 0.121860
9 0.789060 0.443720 0.056210 0.109360
9 0.614050 0.070270 0.046880 0.104650
9 0.615610 0.237490 0.049990 0.109360
9 0.610890 0.568730 0.051540 0.112470
