10 0.246880 0.179670 0.076540 0.171850
1 0.771850 0.262490 0.081210 0.201560
0 0.648430 0.051540 0.056210 0.103090
5 0.731240 0.049990 0.056210 0.098420
3 0.679650 0.309360 0.051540 0.104650
5 0.849990 0.773400 0.082760 0.140580
3 0.737470 0.776520 0.064040 0.114030
2 0.640600 0.645270 0.071870 0.139020
2 0.601560 0.307800 0.056210 0.140580
4 0.506250 0.389060 0.067150 0.181230
3 0.528080 0.651540 0.059330 0.117190
3 0.587460 0.523410 0.051540 0.117190
3 0.567180 0.131240 0.045270 0.104650
3 0.496860 0.048430 0.040600 0.095310
3 0.501530 0.223440 0.046880 0.107800
3 0.335910 0.423440 0.049990 0.112470
0 0.337470 0.514030 0.059330 0.145300
7 0.128080 0.374960 0.073430 0.203110
11 0.168730 0.051540 0.054660 0.103090
8 0.331240 0.293710 0.062490 0.135910
8 0.126530 0.523410 0.073430 0.139020
6 0.154680 0.106250 0.056210 0.148410
6 0.106250 0.645270 0.071870 0.145300
9 0.246880 0.120300 0.045270 0.098420
9 0.232780 0.299980 0.054660 0.104650
9 0.215610 0.651540 0.059330 0.121860
9 0.231220 0.409340 0.054660 0.109360
9 0.398400 0.046880 0.049990 0.093710
9 0.399950 0.206230 0.046880 0.109360
9 0.412500 0.534360 0.049990 0.112470
