1 0.212500 0.598400 0.095310 0.224990
5 0.085920 0.760910 0.085920 0.162460
2 0.517190 0.357790 0.082760 0.149970
4 0.346850 0.262490 0.073430 0.201560
3 0.262490 0.190620 0.059330 0.129690
3 0.431220 0.268710 0.054660 0.118750
3 0.318750 0.498420 0.054660 0.124970
11 0.295310 0.726530 0.078100 0.157790
8 0.442160 0.082760 0.068710 0.156240
7 0.699980 0.321860 0.082760 0.223440
11 0.762460 0.018720 0.067150 0.035930
10 0.601560 0.240600 0.062490 0.193730
9 0.518750 0.259370 0.062490 0.129690
9 0.682760 0.021840 0.056210 0.042160
9 0.682760 0.153120 0.056210 0.121860
9 0.707800 0.581230 0.064040 0.121860
