1 0.273430 0.596840 0.087480 0.207780
5 0.157790 0.746850 0.081210 0.149970
2 0.551520 0.374960 0.078100 0.139020
4 0.390620 0.285920 0.068710 0.187460
3 0.309360 0.218720 0.054660 0.118750
3 0.468710 0.290590 0.051540 0.109360
3 0.368730 0.504650 0.051540 0.114030
11 0.351520 0.715590 0.073430 0.145300
8 0.474980 0.118750 0.064040 0.145300
7 0.720300 0.343740 0.076540 0.206230
11 0.773400 0.039050 0.059330 0.076540
10 0.628110 0.268710 0.056210 0.179670
9 0.551520 0.284370 0.056210 0.121860
9 0.696860 0.042160 0.051540 0.082760
9 0.699980 0.185900 0.054660 0.114030
9 0.734360 0.585900 0.059330 0.114030
