11 0.153120 0.687480 0.114030 0.093710
7 0.510920 0.649990 0.101530 0.160910
6 0.770290 0.648430 0.107800 0.110920
8 0.885920 0.659370 0.106250 0.117190
9 0.948410 0.564020 0.073430 0.098420
9 0.837490 0.565620 0.067150 0.081210
9 0.724970 0.565620 0.073430 0.098420
10 0.624990 0.545300 0.082760 0.159350
6 0.520300 0.557790 0.076540 0.095310
9 0.395280 0.557790 0.073430 0.096860
9 0.276540 0.573400 0.065600 0.093710
9 0.170290 0.593730 0.079650 0.079650
9 0.498420 0.440600 0.064040 0.067150
0 0.307800 0.429660 0.078100 0.107800
8 0.321860 0.364020 0.082760 0.101530
3 0.242160 0.310920 0.057770 0.074980
3 0.335910 0.279650 0.053100 0.068710
3 0.567180 0.307800 0.034380 0.070270
3 0.704650 0.265600 0.045270 0.076540
3 0.787460 0.264040 0.051540 0.071870
5 0.774960 0.226550 0.048430 0.078100
1 0.567180 0.203110 0.074980 0.117190
4 0.482760 0.215610 0.051540 0.098420
0 0.415610 0.221840 0.059330 0.084370
2 0.401560 0.307800 0.048430 0.101530
3 0.473430 0.270270 0.051540 0.068710
5 0.271870 0.237490 0.067150 0.089040
2 0.634380 0.295310 0.051540 0.121860
