11 0.374960 0.739020 0.092150 0.101530
8 0.828110 0.726530 0.093710 0.109360
11 0.937470 0.726530 0.096860 0.093710
9 0.899980 0.629660 0.078100 0.084370
9 0.792170 0.629660 0.076540 0.073430
9 0.676540 0.623440 0.067150 0.089040
9 0.596840 0.560910 0.074980 0.089040
9 0.495310 0.479650 0.060930 0.082760
9 0.307800 0.492150 0.068710 0.082760
9 0.385900 0.614050 0.070270 0.078100
2 0.395280 0.528080 0.078100 0.093710
7 0.281210 0.598400 0.101530 0.151520
2 0.179670 0.606230 0.084370 0.139020
3 0.642160 0.398400 0.048430 0.076540
3 0.557790 0.335910 0.048430 0.070270
3 0.479650 0.312470 0.045270 0.074980
3 0.395280 0.301530 0.048430 0.065600
3 0.339020 0.304650 0.054660 0.067150
3 0.712470 0.309360 0.043720 0.068710
3 0.776520 0.299980 0.053100 0.071870
6 0.332800 0.390620 0.070270 0.103090
10 0.839050 0.389060 0.098420 0.121860
1 0.692150 0.237490 0.046880 0.114030
5 0.612500 0.254660 0.054660 0.087480
4 0.482760 0.240600 0.064040 0.099980
0 0.407780 0.243720 0.056210 0.082760
5 0.278100 0.260930 0.057770 0.079650
