1 0.217170 0.285920 0.082760 0.196840
4 0.470270 0.409340 0.067150 0.176520
0 0.342180 0.065600 0.056210 0.129690
5 0.259370 0.062490 0.054660 0.117190
5 0.131240 0.779670 0.082760 0.139020
3 0.239050 0.778120 0.064040 0.114030
2 0.346850 0.645270 0.073430 0.153120
2 0.385900 0.321860 0.062490 0.140580
3 0.304650 0.328080 0.049990 0.103090
3 0.415610 0.154680 0.046880 0.104650
3 0.479650 0.242160 0.046880 0.104650
3 0.379670 0.528080 0.049990 0.109360
3 0.445270 0.656210 0.054660 0.112470
3 0.637490 0.431220 0.049990 0.099980
0 0.632780 0.528080 0.062490 0.143740
9 0.729690 0.143740 0.046880 0.107800
10 0.723410 0.198400 0.062490 0.170290
7 0.835930 0.382790 0.076540 0.193730
8 0.835930 0.528080 0.078100 0.139020
6 0.818720 0.126530 0.068710 0.135910
6 0.851540 0.648430 0.068710 0.140580
8 0.643720 0.307800 0.064040 0.134360
11 0.807780 0.062490 0.067150 0.124970
9 0.585900 0.059330 0.049990 0.109360
9 0.579670 0.228110 0.049990 0.109360
9 0.739020 0.317190 0.051540 0.104650
9 0.739020 0.420280 0.056210 0.104650
9 0.746850 0.653100 0.062490 0.114030
9 0.560910 0.543740 0.049990 0.109360
