1 0.234380 0.299980 0.081210 0.193730
4 0.487480 0.424990 0.067150 0.174960
0 0.351520 0.078100 0.056210 0.139020
5 0.268710 0.081210 0.054660 0.117190
5 0.165580 0.785900 0.081210 0.135910
3 0.271870 0.785900 0.064040 0.112470
2 0.373400 0.654660 0.073430 0.149970
2 0.403110 0.337470 0.059330 0.139020
3 0.321860 0.342180 0.049990 0.099980
3 0.426550 0.173400 0.046880 0.103090
3 0.492150 0.259370 0.046880 0.103090
3 0.403110 0.540630 0.049990 0.107800
3 0.471870 0.667150 0.054660 0.109360
3 0.653100 0.446880 0.049990 0.098420
0 0.653100 0.540630 0.062490 0.140580
9 0.732800 0.164020 0.046880 0.104650
10 0.729690 0.215610 0.062490 0.165580
7 0.848430 0.399950 0.073430 0.192170
8 0.851540 0.542180 0.076540 0.135910
6 0.820280 0.146850 0.068710 0.134360
6 0.871870 0.659370 0.067150 0.139020
8 0.654660 0.324970 0.062490 0.131240
11 0.807780 0.081210 0.064040 0.129690
9 0.590620 0.081210 0.046880 0.107800
9 0.589060 0.245270 0.049990 0.107800
9 0.749970 0.334360 0.049990 0.103090
9 0.753120 0.434380 0.056210 0.104650
9 0.770290 0.664040 0.062490 0.114030
9 0.582790 0.557790 0.049990 0.107800
