1 0.798400 0.289040 0.082760 0.201560
4 0.542180 0.414050 0.068710 0.179670
0 0.671870 0.068710 0.056210 0.121860
5 0.757790 0.065600 0.056210 0.114030
5 0.887480 0.789060 0.082760 0.140580
3 0.778120 0.787460 0.067150 0.117190
2 0.668710 0.653100 0.073430 0.156240
2 0.628110 0.324970 0.062490 0.143740
3 0.710920 0.331240 0.051540 0.104650
3 0.596840 0.156240 0.046880 0.104650
3 0.531240 0.243720 0.046880 0.107800
3 0.634380 0.534360 0.051540 0.112470
3 0.568730 0.664040 0.054660 0.114030
3 0.371850 0.437490 0.049990 0.103090
0 0.376520 0.534360 0.062490 0.145300
9 0.279650 0.143740 0.046880 0.107800
10 0.285920 0.200000 0.064040 0.171850
7 0.170290 0.387460 0.076540 0.196840
8 0.171850 0.534360 0.078100 0.140580
6 0.189060 0.126530 0.071870 0.139020
6 0.153120 0.654660 0.068710 0.143740
8 0.367180 0.309360 0.064040 0.135910
11 0.200000 0.064040 0.067150 0.121860
9 0.424990 0.059330 0.049990 0.109360
9 0.431220 0.229660 0.049990 0.112470
9 0.268710 0.320300 0.051540 0.107800
9 0.268710 0.424990 0.059330 0.107800
9 0.260930 0.659370 0.064040 0.117190
9 0.449990 0.549970 0.049990 0.112470
