8 0.784340 0.640600 0.073430 0.165580
1 0.237490 0.296860 0.090590 0.207780
5 0.432780 0.068710 0.062490 0.134360
0 0.503090 0.221840 0.064040 0.149970
3 0.590620 0.168730 0.054660 0.107800
3 0.324970 0.340630 0.049990 0.114030
3 0.410890 0.537470 0.056210 0.124970
3 0.479650 0.668710 0.059330 0.118750
8 0.571850 0.646830 0.076540 0.160910
6 0.576520 0.423440 0.064040 0.160910
7 0.856210 0.292150 0.082760 0.212500
11 0.574960 0.065600 0.059330 0.129690
10 0.665600 0.135910 0.064040 0.181230
9 0.742180 0.153120 0.054660 0.112470
9 0.760910 0.332800 0.064040 0.112470
9 0.668710 0.323410 0.059330 0.117190
9 0.668710 0.554680 0.062490 0.129690
