8 0.251540 0.660930 0.073430 0.165580
1 0.778120 0.331240 0.087480 0.207780
5 0.570290 0.098420 0.062490 0.135910
0 0.507800 0.246880 0.062490 0.149970
3 0.418720 0.195280 0.054660 0.109360
3 0.693710 0.371850 0.049990 0.117190
3 0.617170 0.565620 0.056210 0.124970
3 0.554680 0.693710 0.059330 0.118750
8 0.462490 0.671870 0.076540 0.160910
6 0.445270 0.449990 0.064040 0.160910
7 0.159350 0.310920 0.081210 0.212500
11 0.429660 0.090590 0.059330 0.131240
10 0.340630 0.159350 0.064040 0.181230
9 0.268710 0.176520 0.054660 0.112470
9 0.257770 0.354680 0.064040 0.114030
9 0.349970 0.346850 0.059330 0.118750
9 0.362460 0.576520 0.059330 0.129690
