5 0.874980 0.776520 0.078100 0.145300
1 0.839050 0.520300 0.095310 0.207780
4 0.618720 0.304650 0.064040 0.187460
2 0.449990 0.407780 0.068710 0.145300
3 0.724970 0.428110 0.051540 0.114030
3 0.701530 0.237490 0.049990 0.112470
3 0.643720 0.529690 0.054660 0.124970
3 0.534360 0.317190 0.042160 0.117190
3 0.371850 0.064040 0.046880 0.107800
10 0.371850 0.296860 0.062490 0.184340
7 0.271870 0.376520 0.078100 0.210890
8 0.364020 0.507800 0.059330 0.157790
6 0.453100 0.628110 0.067150 0.160910
8 0.523410 0.134360 0.056210 0.153120
11 0.665600 0.757790 0.078100 0.157790
11 0.207780 0.054660 0.059330 0.095310
9 0.446880 0.312470 0.051540 0.109360
9 0.287480 0.054660 0.051540 0.093710
9 0.290590 0.215610 0.051540 0.109360
9 0.265600 0.632780 0.064040 0.124970
