5 0.862490 0.751520 0.081210 0.140580
1 0.820280 0.499980 0.099980 0.203110
4 0.598400 0.292150 0.068710 0.181230
2 0.434380 0.395280 0.071870 0.140580
3 0.706250 0.409340 0.054660 0.109360
3 0.676540 0.221840 0.049990 0.109360
3 0.628110 0.512470 0.056210 0.118750
3 0.514030 0.304650 0.046880 0.114030
3 0.348410 0.056210 0.051540 0.104650
10 0.354680 0.287480 0.067150 0.179670
7 0.259370 0.367180 0.082760 0.206230
8 0.354680 0.493710 0.062490 0.156240
6 0.445270 0.610890 0.068710 0.156240
8 0.499980 0.124970 0.062490 0.148410
11 0.657770 0.735910 0.078100 0.153120
11 0.185900 0.049990 0.062490 0.095310
9 0.429660 0.301530 0.054660 0.107800
9 0.265600 0.049990 0.054660 0.093710
9 0.273430 0.207780 0.054660 0.107800
9 0.260930 0.618720 0.064040 0.118750
