5 0.859370 0.760910 0.078100 0.143740
1 0.820280 0.507800 0.095310 0.203110
4 0.601560 0.299980 0.067150 0.184340
2 0.434380 0.404670 0.068710 0.143740
3 0.707800 0.417170 0.051540 0.112470
3 0.681210 0.231220 0.049990 0.109360
3 0.628110 0.521860 0.056210 0.121860
3 0.517190 0.312470 0.045270 0.114030
3 0.354680 0.059330 0.046880 0.114030
10 0.356240 0.298420 0.062490 0.181230
7 0.259370 0.378120 0.081210 0.207780
8 0.351520 0.506250 0.059330 0.156240
6 0.440600 0.621840 0.067150 0.157790
8 0.504650 0.132800 0.059330 0.148410
11 0.653100 0.746850 0.078100 0.153120
11 0.192170 0.054660 0.062490 0.107800
9 0.429660 0.310920 0.051540 0.107800
9 0.271870 0.053100 0.051540 0.099980
9 0.274980 0.217170 0.054660 0.107800
9 0.256210 0.631220 0.064040 0.121860
