7 0.276540 0.739020 0.093710 0.128080
11 0.404670 0.749970 0.076540 0.093710
6 0.751520 0.721860 0.079650 0.090590
8 0.857770 0.723410 0.093710 0.106250
11 0.964020 0.728080 0.071870 0.109360
9 0.915590 0.617170 0.076540 0.076540
9 0.815610 0.617170 0.076540 0.068710
9 0.714030 0.624990 0.081210 0.089040
6 0.515590 0.629660 0.082760 0.112470
9 0.399950 0.621840 0.076540 0.093710
9 0.282760 0.620280 0.076540 0.079650
9 0.171850 0.651540 0.082760 0.096860
9 0.495310 0.474980 0.067150 0.071870
9 0.604670 0.531240 0.051540 0.039050
10 0.606230 0.618720 0.089040 0.151520
2 0.593730 0.437490 0.073430 0.103090
0 0.306250 0.468710 0.076540 0.092150
8 0.312470 0.384340 0.079650 0.098420
3 0.243720 0.323410 0.059330 0.059330
3 0.320300 0.278100 0.043720 0.060930
3 0.467150 0.271870 0.051540 0.071870
3 0.565620 0.323410 0.078100 0.067150
3 0.642160 0.278100 0.062490 0.082760
3 0.714030 0.278100 0.046880 0.067150
3 0.790620 0.281210 0.067150 0.065600
1 0.699980 0.201560 0.057770 0.114030
5 0.615610 0.217170 0.056210 0.082760
4 0.479650 0.198400 0.062490 0.098420
0 0.410890 0.209340 0.062490 0.104650
5 0.254660 0.217170 0.065600 0.084370
2 0.392170 0.304650 0.062490 0.099980
