3 0.353120 0.446880 0.054660 0.124970
3 0.467150 0.374960 0.049990 0.109360
3 0.265600 0.687480 0.101530 0.170290
3 0.296860 0.515590 0.068710 0.145300
4 0.232780 0.318750 0.081210 0.217170
9 0.668710 0.378120 0.059330 0.132800
1 0.296860 0.217170 0.060930 0.196840
10 0.835930 0.418720 0.140580 0.181230
9 0.706250 0.248430 0.034380 0.064040
9 0.743740 0.271870 0.046880 0.070270
9 0.771850 0.303090 0.051540 0.068710
9 0.924970 0.449990 0.103090 0.101530
3 0.634380 0.328080 0.049990 0.079650
3 0.368730 0.278100 0.046880 0.078100
3 0.443720 0.200000 0.031220 0.060930
3 0.378120 0.253100 0.035930 0.068710
3 0.381230 0.224990 0.031220 0.054660
5 0.285920 0.271870 0.067150 0.103090
11 0.846880 0.296860 0.078100 0.082760
7 0.821840 0.240600 0.090590 0.131240
6 0.474980 0.200000 0.034380 0.087480
6 0.343740 0.181230 0.034380 0.089040
9 0.382790 0.196840 0.031220 0.059330
8 0.528080 0.206230 0.037490 0.071870
0 0.621840 0.209340 0.040600 0.078100
0 0.695310 0.206230 0.040600 0.074980
2 0.648430 0.206230 0.040600 0.070270
2 0.349970 0.309360 0.057770 0.110920
