1 0.771850 0.299980 0.073430 0.193730
4 0.706250 0.409340 0.071870 0.170290
2 0.607780 0.340630 0.054660 0.135910
2 0.814050 0.546850 0.078100 0.129690
5 0.849990 0.784340 0.076540 0.129690
5 0.729690 0.085920 0.054660 0.118750
0 0.648430 0.081210 0.054660 0.131240
0 0.518750 0.331240 0.049990 0.134360
3 0.742180 0.784340 0.056210 0.109360
3 0.682760 0.342180 0.045270 0.104650
3 0.578120 0.179670 0.042160 0.099980
3 0.507800 0.090590 0.042160 0.098420
3 0.512470 0.264040 0.042160 0.104650
3 0.598400 0.546850 0.049990 0.104650
3 0.543740 0.668710 0.046880 0.112470
3 0.356240 0.453100 0.054660 0.099980
8 0.351520 0.328080 0.054660 0.131240
7 0.162460 0.406230 0.071870 0.193730
11 0.162460 0.546850 0.067150 0.131240
11 0.346850 0.778120 0.067150 0.135910
11 0.196840 0.089040 0.049990 0.114030
6 0.184340 0.151520 0.054660 0.143740
6 0.142180 0.667150 0.068710 0.145300
10 0.273430 0.220280 0.068710 0.165580
9 0.274980 0.164020 0.040600 0.095310
9 0.414050 0.085920 0.042160 0.099980
9 0.418720 0.246880 0.042160 0.103090
9 0.259370 0.339020 0.046880 0.103090
9 0.246880 0.665600 0.056210 0.109360
9 0.259370 0.435930 0.054660 0.107800
9 0.428110 0.559350 0.054660 0.109360
9 0.446880 0.789060 0.054660 0.112470
