10 0.348410 0.148410 0.073430 0.181230
6 0.185900 0.148410 0.064040 0.139020
11 0.198400 0.089040 0.064040 0.126530
7 0.167180 0.304650 0.078100 0.206230
8 0.242160 0.793730 0.085920 0.167180
9 0.276540 0.164020 0.059330 0.118750
9 0.262490 0.337470 0.056210 0.112470
9 0.262490 0.440600 0.059330 0.118750
9 0.362460 0.565620 0.062490 0.114030
1 0.773400 0.298420 0.085920 0.201560
0 0.601560 0.160910 0.059330 0.140580
2 0.246880 0.640600 0.076540 0.162460
2 0.353120 0.437490 0.067150 0.165580
5 0.573400 0.078100 0.056210 0.129690
5 0.517190 0.343740 0.064040 0.135910
3 0.418720 0.184340 0.049990 0.114030
3 0.690590 0.340630 0.049990 0.114030
3 0.551520 0.667150 0.059330 0.126530
3 0.610890 0.540630 0.056210 0.126530
