8 0.196840 0.835930 0.095310 0.170290
6 0.407780 0.451540 0.071870 0.167180
10 0.306250 0.153120 0.067150 0.196840
7 0.114030 0.315590 0.087480 0.237490
11 0.143740 0.090590 0.067150 0.140580
9 0.229660 0.178120 0.056210 0.117190
9 0.210890 0.354680 0.062490 0.114030
9 0.215610 0.459330 0.067150 0.118750
9 0.320300 0.587460 0.068710 0.129690
1 0.757790 0.310920 0.095310 0.228110
5 0.545300 0.087480 0.056210 0.134360
5 0.312470 0.360910 0.067150 0.145300
2 0.309360 0.460930 0.073430 0.157790
2 0.204670 0.678100 0.071870 0.171850
0 0.479650 0.246880 0.064040 0.165580
3 0.381230 0.185900 0.056210 0.114030
3 0.668710 0.359350 0.056210 0.112470
3 0.590620 0.568730 0.062490 0.129690
3 0.523410 0.706250 0.064040 0.124970
