1 0.081210 0.365580 0.059330 0.162460
3 0.506250 0.590620 0.054660 0.107800
3 0.434380 0.431220 0.049990 0.124970
5 0.545300 0.690590 0.067150 0.128080
3 0.460930 0.531240 0.048430 0.099980
3 0.612500 0.634380 0.056210 0.093710
3 0.057770 0.220280 0.043720 0.081210
3 0.099980 0.312470 0.049990 0.081210
3 0.157790 0.349970 0.051540 0.076540
9 0.409340 0.148410 0.032780 0.073430
9 0.476540 0.174960 0.037490 0.074980
9 0.559350 0.345300 0.048430 0.076540
9 0.806230 0.342180 0.051540 0.076540
9 0.745300 0.312470 0.046880 0.078100
9 0.903090 0.373400 0.045270 0.076540
9 0.537470 0.206230 0.042160 0.071870
11 0.949970 0.328080 0.054660 0.092150
11 0.585900 0.168730 0.043720 0.087480
6 0.690590 0.334360 0.054660 0.109360
6 0.126530 0.209340 0.048430 0.106250
8 0.171850 0.181230 0.046880 0.095310
2 0.501530 0.381230 0.054660 0.107800
0 0.278100 0.131240 0.045270 0.104650
0 0.331240 0.078100 0.042160 0.098420
7 0.524970 0.109360 0.043720 0.132800
10 0.676540 0.249990 0.060930 0.128080
