11 0.120300 0.634380 0.107800 0.135910
8 0.287480 0.603110 0.099980 0.164020
7 0.554680 0.526530 0.067150 0.193730
10 0.715590 0.532800 0.056210 0.190620
6 0.832780 0.529690 0.070270 0.140580
8 0.914030 0.517190 0.095310 0.126530
9 0.945300 0.421840 0.051540 0.082760
9 0.881210 0.457770 0.034380 0.093710
9 0.757790 0.464040 0.049990 0.095310
9 0.657770 0.470270 0.051540 0.096860
9 0.504650 0.420280 0.043720 0.092150
9 0.404670 0.435930 0.062490 0.115590
9 0.287480 0.446880 0.081210 0.103090
9 0.151520 0.524970 0.071870 0.098420
6 0.620280 0.387460 0.054660 0.110920
3 0.528080 0.273430 0.035930 0.082760
3 0.464040 0.328080 0.053100 0.084370
3 0.579670 0.254660 0.042160 0.067150
3 0.651540 0.242160 0.028110 0.060930
3 0.723410 0.245270 0.032780 0.073430
3 0.193730 0.278100 0.051540 0.068710
3 0.279650 0.271870 0.056210 0.081210
3 0.353120 0.259370 0.043720 0.068710
0 0.435930 0.273430 0.039050 0.109360
4 0.426550 0.204670 0.037490 0.109360
1 0.493710 0.196840 0.037490 0.124970
0 0.356240 0.215610 0.043720 0.093710
2 0.284370 0.214050 0.065600 0.090590
5 0.179670 0.223440 0.078100 0.078100
2 0.624990 0.215610 0.032780 0.074980
5 0.693710 0.207780 0.040600 0.079650
