0 0.114030 0.524970 0.104650 0.098420
2 0.917190 0.543740 0.121860 0.085920
6 0.529690 0.549970 0.098420 0.090590
0 0.742180 0.585900 0.121860 0.107800
11 0.512470 0.629660 0.103090 0.090590
2 0.273430 0.631220 0.112470 0.112470
10 0.595280 0.706250 0.121860 0.124970
5 0.446880 0.367180 0.073430 0.073430
6 0.731240 0.398400 0.081210 0.087480
3 0.581230 0.407780 0.067150 0.064040
3 0.365580 0.418720 0.073430 0.067150
8 0.214050 0.424990 0.103090 0.085920
11 0.510920 0.424990 0.082760 0.076540
7 0.659370 0.424990 0.087480 0.117190
1 0.804670 0.459330 0.103090 0.124970
5 0.359350 0.460930 0.085920 0.078100
9 0.932800 0.484370 0.087480 0.068710
9 0.529690 0.487480 0.076540 0.064040
4 0.378120 0.499980 0.090590 0.104650
8 0.709360 0.518750 0.104650 0.087480
