4 0.184340 0.278100 0.078100 0.174960
1 0.178120 0.356240 0.081210 0.203110
0 0.206230 0.190620 0.054660 0.139020
0 0.162460 0.492150 0.064040 0.139020
2 0.223440 0.106250 0.059330 0.126530
2 0.137470 0.617170 0.078100 0.134360
5 0.228110 0.045270 0.054660 0.082760
5 0.121860 0.745300 0.073430 0.134360
3 0.231220 0.748410 0.051540 0.109360
3 0.246880 0.620280 0.054660 0.104650
3 0.260930 0.507800 0.051540 0.103090
3 0.273430 0.395280 0.046880 0.103090
3 0.289040 0.292150 0.045270 0.103090
3 0.301530 0.206230 0.046880 0.099980
3 0.309360 0.118750 0.045270 0.098420
3 0.315590 0.043720 0.040600 0.073430
10 0.820280 0.268710 0.068710 0.179670
7 0.837490 0.362460 0.071870 0.207780
6 0.818720 0.190620 0.054660 0.139020
6 0.853100 0.496860 0.064040 0.148410
8 0.810890 0.109360 0.059330 0.131240
8 0.856210 0.637490 0.068710 0.143740
11 0.800000 0.049990 0.054660 0.071870
11 0.873430 0.773400 0.076540 0.145300
9 0.721860 0.045270 0.046880 0.067150
9 0.721860 0.117190 0.046880 0.098420
9 0.723410 0.210890 0.046880 0.103090
9 0.728080 0.299980 0.054660 0.104650
9 0.731240 0.409340 0.056210 0.107800
9 0.740580 0.518750 0.056210 0.104650
9 0.742180 0.628110 0.054660 0.114030
9 0.751520 0.757790 0.054660 0.118750
