10 0.348410 0.124970 0.073430 0.189060
11 0.196840 0.070270 0.068710 0.135910
6 0.185900 0.132800 0.067150 0.153120
7 0.160910 0.298420 0.081210 0.215610
8 0.231220 0.800000 0.087480 0.171850
9 0.273430 0.145300 0.056210 0.117190
9 0.256210 0.328080 0.056210 0.112470
9 0.257770 0.431220 0.067150 0.117190
9 0.359350 0.560910 0.064040 0.121860
1 0.795280 0.276540 0.093710 0.212500
5 0.590620 0.059330 0.064040 0.118750
0 0.518750 0.209340 0.067150 0.162460
5 0.521860 0.329690 0.067150 0.134360
2 0.353120 0.423440 0.078100 0.170290
2 0.235930 0.645270 0.076540 0.165580
3 0.426550 0.156240 0.051540 0.117190
3 0.549970 0.664040 0.062490 0.121860
3 0.704650 0.321860 0.056210 0.118750
3 0.623440 0.532800 0.056210 0.118750
