10 0.635930 0.164020 0.076540 0.196840
11 0.793730 0.107800 0.071870 0.140580
6 0.803110 0.171850 0.068710 0.157790
7 0.823440 0.340630 0.082760 0.223440
8 0.735910 0.859370 0.093710 0.176520
9 0.712470 0.184340 0.059330 0.118750
9 0.724970 0.371850 0.059330 0.117190
9 0.721860 0.478100 0.068710 0.121860
9 0.610890 0.612500 0.067150 0.124970
1 0.170290 0.318750 0.095310 0.218720
5 0.389060 0.087480 0.067150 0.140580
0 0.459330 0.249990 0.068710 0.167180
5 0.451540 0.373400 0.068710 0.135910
2 0.621840 0.470270 0.081210 0.174960
2 0.737470 0.699980 0.081210 0.170290
3 0.554680 0.195280 0.054660 0.121860
3 0.412500 0.718750 0.064040 0.124970
3 0.264040 0.365580 0.059330 0.121860
3 0.340630 0.582790 0.059330 0.124970
