10 0.309360 0.104650 0.076540 0.192170
11 0.153120 0.059330 0.073430 0.117190
6 0.143740 0.107800 0.068710 0.156240
7 0.123410 0.273430 0.082760 0.218720
8 0.214050 0.789060 0.093710 0.171850
9 0.232780 0.121860 0.059330 0.117190
9 0.221840 0.307800 0.059330 0.114030
9 0.226550 0.412500 0.068710 0.118750
9 0.335910 0.546850 0.067150 0.121860
1 0.768730 0.264040 0.095310 0.215610
5 0.553080 0.051540 0.067150 0.103090
0 0.484370 0.192170 0.068710 0.162460
5 0.492150 0.314030 0.068710 0.134360
2 0.324970 0.406230 0.081210 0.170290
2 0.210890 0.629660 0.081210 0.165580
3 0.389060 0.135910 0.054660 0.118750
3 0.534360 0.654660 0.064040 0.121860
3 0.678100 0.309360 0.059330 0.118750
3 0.601560 0.521860 0.059330 0.118750
