1 0.798400 0.312470 0.078100 0.196840
4 0.823440 0.418720 0.078100 0.174960
2 0.851540 0.559350 0.073430 0.131240
2 0.795280 0.254660 0.067150 0.124970
0 0.862490 0.679650 0.071870 0.145300
0 0.767180 0.159350 0.054660 0.143740
5 0.749970 0.085920 0.056210 0.118750
5 0.889040 0.815610 0.082760 0.139020
3 0.781230 0.815610 0.059330 0.112470
3 0.757790 0.668710 0.056210 0.112470
3 0.731240 0.564020 0.054660 0.107800
3 0.724970 0.443720 0.051540 0.103090
3 0.704650 0.354680 0.059330 0.104650
3 0.701530 0.276540 0.051540 0.104650
3 0.676540 0.182790 0.049990 0.103090
3 0.674980 0.090590 0.045270 0.104650
10 0.184340 0.328080 0.073430 0.181230
7 0.168730 0.410890 0.081210 0.203110
8 0.174960 0.242160 0.064040 0.126530
8 0.168730 0.551520 0.082760 0.143740
6 0.190620 0.142180 0.064040 0.148410
6 0.153120 0.674980 0.073430 0.149970
11 0.200000 0.084370 0.059330 0.121860
11 0.148410 0.824990 0.081210 0.145300
9 0.273430 0.085920 0.051540 0.103090
9 0.281210 0.165580 0.051540 0.107800
9 0.270270 0.256210 0.054660 0.107800
9 0.268710 0.343740 0.056210 0.104650
9 0.271870 0.445270 0.059330 0.114030
9 0.257770 0.823440 0.064040 0.112470
9 0.260930 0.679650 0.062490 0.118750
9 0.451540 0.570290 0.056210 0.117190
