1 0.190620 0.264040 0.078100 0.201560
4 0.168730 0.374960 0.081210 0.179670
2 0.146850 0.518750 0.073430 0.134360
2 0.192170 0.206230 0.068710 0.129690
0 0.139020 0.642160 0.071870 0.148410
0 0.217170 0.109360 0.054660 0.148410
5 0.231220 0.048430 0.059330 0.095310
5 0.115590 0.779670 0.085920 0.143740
3 0.226550 0.778120 0.062490 0.117190
3 0.245270 0.628110 0.056210 0.117190
3 0.268710 0.521860 0.054660 0.109360
3 0.270270 0.399950 0.051540 0.107800
3 0.289040 0.309360 0.059330 0.107800
3 0.289040 0.228110 0.051540 0.107800
3 0.309360 0.132800 0.049990 0.104650
3 0.309360 0.046880 0.045270 0.093710
10 0.818720 0.278100 0.076540 0.184340
7 0.837490 0.362460 0.081210 0.206230
8 0.824990 0.190620 0.064040 0.129690
8 0.843720 0.507800 0.085920 0.145300
6 0.807780 0.085920 0.064040 0.153120
6 0.864040 0.632780 0.073430 0.153120
11 0.795280 0.046880 0.062490 0.093710
11 0.873430 0.785900 0.082760 0.148410
9 0.720300 0.042160 0.054660 0.082760
9 0.714030 0.112470 0.051540 0.112470
9 0.728080 0.204670 0.054660 0.109360
9 0.732800 0.293710 0.056210 0.109360
9 0.732800 0.396840 0.062490 0.117190
9 0.762460 0.784340 0.067150 0.117190
9 0.754680 0.637490 0.064040 0.124970
9 0.554680 0.528080 0.056210 0.121860
