5 0.903090 0.793730 0.082760 0.143740
1 0.809340 0.290590 0.082760 0.212500
5 0.765580 0.068710 0.059330 0.126530
4 0.549970 0.418720 0.067150 0.184340
2 0.679650 0.662490 0.068710 0.156240
2 0.628110 0.328080 0.059330 0.143740
3 0.792170 0.795280 0.062490 0.121860
3 0.643720 0.539020 0.054660 0.109360
3 0.581230 0.673430 0.056210 0.114030
3 0.721860 0.340630 0.054660 0.112470
3 0.542180 0.254660 0.056210 0.112470
3 0.603110 0.159350 0.054660 0.109360
0 0.679650 0.068710 0.056210 0.129690
0 0.384340 0.543740 0.062490 0.149970
6 0.195280 0.132800 0.064040 0.145300
11 0.206230 0.070270 0.056210 0.121860
7 0.178120 0.398400 0.081210 0.206230
10 0.360910 0.129690 0.068710 0.187460
8 0.371850 0.321860 0.064040 0.139020
8 0.181230 0.543740 0.078100 0.140580
6 0.164020 0.664040 0.073430 0.149970
9 0.276540 0.674980 0.059330 0.117190
9 0.278100 0.434380 0.067150 0.112470
9 0.276540 0.329690 0.054660 0.114030
9 0.287480 0.154680 0.056210 0.114030
9 0.431220 0.067150 0.054660 0.112470
9 0.442160 0.232780 0.054660 0.109360
