5 0.859370 0.784340 0.078100 0.139020
1 0.774960 0.296860 0.076540 0.206230
5 0.737470 0.081210 0.054660 0.121860
4 0.523410 0.423440 0.059330 0.179670
2 0.643720 0.659370 0.064040 0.149970
2 0.601560 0.334360 0.054660 0.139020
3 0.753120 0.785900 0.056210 0.118750
3 0.612500 0.539020 0.051540 0.104650
3 0.549970 0.668710 0.054660 0.109360
3 0.692150 0.346850 0.049990 0.107800
3 0.518750 0.262490 0.051540 0.107800
3 0.581230 0.171850 0.051540 0.107800
0 0.656210 0.076540 0.051540 0.139020
0 0.362460 0.545300 0.056210 0.145300
6 0.184340 0.151520 0.062490 0.140580
11 0.195280 0.089040 0.051540 0.118750
7 0.164020 0.407780 0.076540 0.198400
10 0.346850 0.145300 0.062490 0.179670
8 0.353120 0.331240 0.062490 0.134360
8 0.164020 0.549970 0.073430 0.135910
6 0.145300 0.665600 0.071870 0.145300
9 0.253100 0.674980 0.054660 0.114030
9 0.262490 0.442160 0.064040 0.109360
9 0.260930 0.340630 0.049990 0.112470
9 0.273430 0.171850 0.051540 0.109360
9 0.414050 0.084370 0.049990 0.107800
9 0.421840 0.245270 0.051540 0.104650
