11 0.378120 0.782790 0.076540 0.145300
5 0.171850 0.781230 0.081210 0.140580
1 0.292150 0.637490 0.090590 0.215610
4 0.418720 0.318750 0.076540 0.184340
3 0.329690 0.243720 0.051540 0.107800
3 0.396840 0.549970 0.059330 0.118750
3 0.503090 0.331240 0.051540 0.104650
5 0.762460 0.546850 0.068710 0.145300
7 0.668710 0.409340 0.082760 0.201560
11 0.848430 0.249990 0.071870 0.129690
9 0.587460 0.335910 0.054660 0.112470
9 0.659370 0.176520 0.051540 0.112470
9 0.746850 0.079650 0.051540 0.107800
9 0.778120 0.679650 0.064040 0.112470
