11 0.359350 0.803110 0.076540 0.148410
5 0.148410 0.806230 0.078100 0.143740
1 0.278100 0.656210 0.087480 0.220280
4 0.417170 0.324970 0.073430 0.187460
3 0.329690 0.249990 0.049990 0.112470
3 0.387460 0.560910 0.056210 0.121860
3 0.503090 0.335910 0.051540 0.109360
5 0.762460 0.549970 0.067150 0.149970
7 0.671870 0.412500 0.078100 0.206230
11 0.862490 0.243720 0.071870 0.134360
9 0.590620 0.337470 0.051540 0.114030
9 0.668710 0.173400 0.051540 0.114030
9 0.764020 0.070270 0.051540 0.109360
9 0.774960 0.687480 0.064040 0.114030
