11 0.653100 0.768730 0.071870 0.143740
5 0.851540 0.768730 0.073430 0.139020
1 0.731240 0.626550 0.082760 0.210890
4 0.598400 0.315590 0.068710 0.179670
3 0.679650 0.243720 0.046880 0.104650
3 0.624990 0.540630 0.054660 0.114030
3 0.515590 0.329690 0.049990 0.103090
5 0.268710 0.539020 0.064040 0.143740
7 0.356240 0.404670 0.076540 0.196840
11 0.174960 0.248430 0.067150 0.126530
9 0.431220 0.332800 0.049990 0.109360
9 0.357790 0.178120 0.049990 0.109360
9 0.268710 0.082760 0.049990 0.104650
9 0.257770 0.668710 0.059330 0.109360
