3 0.679650 0.607780 0.057770 0.089040
3 0.120300 0.578120 0.067150 0.084370
3 0.814050 0.614050 0.068710 0.087480
3 0.901530 0.609340 0.078100 0.089040
3 0.339020 0.584340 0.057770 0.084370
3 0.220280 0.585900 0.065600 0.084370
3 0.531240 0.395280 0.042160 0.071870
5 0.448430 0.584340 0.071870 0.106250
5 0.435930 0.690590 0.078100 0.115590
0 0.640600 0.437490 0.054660 0.107800
1 0.309360 0.664040 0.098420 0.167180
6 0.468710 0.495310 0.054660 0.107800
6 0.612500 0.260930 0.042160 0.084370
9 0.745300 0.317190 0.042160 0.065600
9 0.689040 0.307800 0.040600 0.062490
9 0.612500 0.314030 0.040600 0.071870
9 0.543740 0.349970 0.035930 0.070270
9 0.243720 0.304650 0.042160 0.065600
9 0.309360 0.303090 0.040600 0.065600
9 0.384340 0.306250 0.035930 0.065600
11 0.743740 0.273430 0.048430 0.070270
11 0.456210 0.393730 0.054660 0.089040
10 0.387460 0.332800 0.060930 0.114030
7 0.334360 0.242160 0.053100 0.128080
