5 0.393730 0.071870 0.062490 0.129690
5 0.093710 0.784340 0.085920 0.149970
1 0.164020 0.392170 0.093710 0.215610
4 0.373400 0.309360 0.081210 0.187460
3 0.307800 0.149970 0.051540 0.109360
3 0.290590 0.239050 0.051540 0.114030
3 0.260930 0.424990 0.062490 0.121860
3 0.339020 0.539020 0.056210 0.117190
3 0.460930 0.323410 0.062490 0.114030
3 0.467150 0.067150 0.051540 0.107800
2 0.387460 0.140580 0.056210 0.143740
2 0.542180 0.424990 0.078100 0.149970
10 0.628110 0.318750 0.082760 0.184340
11 0.801560 0.070270 0.067150 0.109360
11 0.726530 0.806230 0.081210 0.148410
7 0.835930 0.393730 0.093710 0.212500
6 0.843720 0.529690 0.085920 0.149970
8 0.626550 0.210890 0.068710 0.145300
8 0.828110 0.657770 0.087480 0.156240
9 0.546850 0.320300 0.056210 0.114030
9 0.718750 0.065600 0.051540 0.104650
9 0.712470 0.232780 0.056210 0.117190
9 0.721860 0.664040 0.067150 0.131240
9 0.520300 0.790620 0.068710 0.126530
