5 0.407780 0.053100 0.056210 0.104650
5 0.137470 0.729690 0.078100 0.143740
1 0.195280 0.353120 0.082760 0.203110
4 0.393730 0.273430 0.073430 0.176520
3 0.328080 0.120300 0.046880 0.104650
3 0.314030 0.206230 0.046880 0.109360
3 0.289040 0.384340 0.054660 0.117190
3 0.367180 0.492150 0.051540 0.112470
3 0.476540 0.284370 0.056210 0.109360
3 0.479650 0.045270 0.046880 0.090590
2 0.403110 0.110920 0.051540 0.139020
2 0.557790 0.378120 0.073430 0.143740
10 0.637490 0.276540 0.073430 0.174960
11 0.800000 0.043720 0.064040 0.087480
11 0.742180 0.740580 0.073430 0.140580
7 0.837490 0.345300 0.082760 0.201560
6 0.848430 0.473430 0.078100 0.140580
8 0.632780 0.173400 0.064040 0.140580
8 0.835930 0.596840 0.081210 0.148410
9 0.559350 0.279650 0.051540 0.109360
9 0.721860 0.042160 0.046880 0.082760
9 0.715590 0.193730 0.051540 0.112470
9 0.735910 0.604670 0.062490 0.124970
9 0.546850 0.729690 0.064040 0.121860
