4 0.404670 0.293710 0.073430 0.171850
1 0.215610 0.367180 0.087480 0.201560
5 0.165580 0.721860 0.076540 0.153120
5 0.415610 0.056210 0.051540 0.112470
2 0.410890 0.129690 0.062490 0.129690
2 0.559350 0.385900 0.067150 0.140580
3 0.335910 0.143740 0.045270 0.099980
3 0.324970 0.226550 0.046880 0.104650
3 0.303090 0.398400 0.049990 0.117190
3 0.378120 0.496860 0.056210 0.112470
3 0.485920 0.295310 0.051540 0.104650
3 0.479650 0.059330 0.049990 0.107800
10 0.639050 0.287480 0.073430 0.170290
6 0.743740 0.371850 0.067150 0.149970
11 0.637490 0.182790 0.059330 0.135910
11 0.839050 0.590620 0.076540 0.153120
7 0.834330 0.357790 0.081210 0.206230
11 0.795280 0.049990 0.067150 0.099980
11 0.753120 0.732800 0.076540 0.143740
9 0.717190 0.049990 0.049990 0.099980
9 0.740580 0.606230 0.056210 0.117190
9 0.712470 0.210890 0.056210 0.112470
9 0.565620 0.295310 0.051540 0.107800
9 0.559350 0.731240 0.056210 0.121860
