4 0.629660 0.295310 0.081210 0.184340
1 0.834330 0.376520 0.098420 0.215610
5 0.896860 0.756240 0.082760 0.165580
5 0.614050 0.057770 0.056210 0.093710
2 0.621840 0.121860 0.068710 0.139020
2 0.468710 0.393730 0.073430 0.149970
3 0.701530 0.134360 0.049990 0.107800
3 0.715590 0.223440 0.049990 0.112470
3 0.742180 0.409340 0.054660 0.126530
3 0.664040 0.515590 0.062490 0.118750
3 0.543740 0.298420 0.054660 0.112470
3 0.545300 0.057770 0.054660 0.095310
10 0.379670 0.287480 0.081210 0.181230
6 0.270270 0.378120 0.071870 0.162460
11 0.381230 0.176520 0.067150 0.145300
11 0.176520 0.610890 0.082760 0.165580
7 0.174960 0.362460 0.087480 0.220280
11 0.209340 0.045270 0.071870 0.085920
11 0.270270 0.762460 0.082760 0.153120
9 0.292150 0.046880 0.054660 0.082760
9 0.281210 0.628110 0.062490 0.124970
9 0.299980 0.206230 0.062490 0.118750
9 0.459330 0.296860 0.054660 0.114030
9 0.478100 0.760910 0.062490 0.129690
