4 0.601560 0.289040 0.071870 0.179670
1 0.809340 0.487480 0.087480 0.207780
5 0.839050 0.740580 0.082760 0.148410
3 0.699980 0.407780 0.051540 0.114030
3 0.679650 0.226550 0.054660 0.099980
3 0.668710 0.140580 0.046880 0.103090
3 0.523410 0.060930 0.045270 0.099980
3 0.517190 0.299980 0.051540 0.114030
3 0.624990 0.506250 0.062490 0.118750
2 0.440600 0.392170 0.067150 0.139020
11 0.206230 0.053100 0.062490 0.099980
11 0.246880 0.745300 0.068710 0.139020
7 0.262490 0.365580 0.078100 0.201560
8 0.512470 0.132800 0.056210 0.145300
8 0.159350 0.601560 0.078100 0.145300
6 0.437490 0.604670 0.064040 0.140580
10 0.362460 0.287480 0.064040 0.179670
9 0.434380 0.299980 0.051540 0.104650
9 0.285920 0.054660 0.056210 0.099980
9 0.284370 0.210890 0.051540 0.107800
9 0.254660 0.617170 0.062490 0.117190
9 0.442160 0.742180 0.064040 0.117190
