4 0.782790 0.317190 0.068710 0.156240
1 0.790620 0.389060 0.076540 0.187460
0 0.762460 0.232780 0.054660 0.126530
0 0.803110 0.518750 0.059330 0.134360
2 0.746850 0.154680 0.056210 0.114030
2 0.826550 0.632780 0.073430 0.124970
5 0.742180 0.084370 0.049990 0.103090
5 0.842160 0.760910 0.071870 0.129690
3 0.657770 0.079650 0.042160 0.095310
3 0.664040 0.159350 0.040600 0.095310
3 0.674980 0.242160 0.042160 0.098420
3 0.685920 0.326530 0.042160 0.099980
3 0.698420 0.421840 0.049990 0.095310
3 0.710920 0.526530 0.046880 0.107800
3 0.724970 0.637490 0.049990 0.104650
3 0.737470 0.757790 0.054660 0.103090
10 0.184340 0.279650 0.062490 0.171850
7 0.170290 0.367180 0.068710 0.192170
6 0.156240 0.493710 0.056210 0.139020
6 0.189060 0.207780 0.051540 0.131240
8 0.195280 0.129690 0.054660 0.118750
8 0.153120 0.628110 0.068710 0.131240
9 0.251540 0.746850 0.056210 0.107800
9 0.257770 0.623440 0.062490 0.104650
9 0.262490 0.520300 0.051540 0.099980
9 0.273430 0.418720 0.049990 0.103090
9 0.273430 0.317190 0.051540 0.099980
9 0.282760 0.231220 0.042160 0.095310
9 0.284370 0.143740 0.045270 0.090590
9 0.284370 0.065600 0.045270 0.099980
11 0.206230 0.057770 0.046880 0.103090
11 0.139020 0.748410 0.068710 0.143740
