4 0.804670 0.307800 0.073430 0.165580
1 0.815610 0.384340 0.081210 0.198400
0 0.784340 0.220280 0.056210 0.134360
0 0.831220 0.521860 0.064040 0.140580
2 0.767180 0.135910 0.062490 0.121860
2 0.856210 0.642160 0.078100 0.131240
5 0.760910 0.059330 0.051540 0.107800
5 0.873430 0.779670 0.076540 0.135910
3 0.670270 0.057770 0.045270 0.099980
3 0.679650 0.143740 0.042160 0.103090
3 0.692150 0.231220 0.045270 0.103090
3 0.704650 0.320300 0.046880 0.104650
3 0.715590 0.421840 0.051540 0.099980
3 0.731240 0.532800 0.049990 0.114030
3 0.746850 0.649990 0.054660 0.109360
3 0.762460 0.778120 0.056210 0.109360
10 0.168730 0.287480 0.068710 0.179670
7 0.153120 0.379670 0.073430 0.203110
6 0.139020 0.514030 0.062490 0.145300
6 0.171850 0.209340 0.054660 0.139020
8 0.179670 0.126530 0.056210 0.126530
8 0.135910 0.657770 0.073430 0.139020
9 0.242160 0.784340 0.062490 0.112470
9 0.248430 0.649990 0.067150 0.109360
9 0.253100 0.540630 0.056210 0.104650
9 0.262490 0.431220 0.054660 0.107800
9 0.264040 0.321860 0.056210 0.104650
9 0.273430 0.231220 0.046880 0.099980
9 0.273430 0.139020 0.046880 0.095310
9 0.271870 0.054660 0.046880 0.104650
11 0.189060 0.051540 0.051540 0.103090
11 0.121860 0.789060 0.073430 0.149970
