1 0.240600 0.582790 0.095310 0.207780
5 0.112470 0.734360 0.076540 0.148410
11 0.324970 0.710920 0.073430 0.148410
8 0.478100 0.084370 0.056210 0.145300
4 0.379670 0.256210 0.078100 0.187460
3 0.298420 0.190620 0.051540 0.107800
3 0.270270 0.378120 0.062490 0.109360
3 0.348410 0.481210 0.056210 0.114030
3 0.465600 0.262490 0.054660 0.114030
2 0.543740 0.357790 0.071870 0.143740
9 0.549970 0.257770 0.054660 0.104650
10 0.631220 0.246880 0.078100 0.181230
7 0.728080 0.318750 0.081210 0.206230
11 0.793730 0.023440 0.064040 0.046880
9 0.715590 0.021840 0.049990 0.042160
9 0.710920 0.159350 0.056210 0.109360
9 0.731240 0.579670 0.064040 0.118750
