6 0.443720 0.601560 0.059330 0.140580
8 0.367180 0.190620 0.051540 0.131240
10 0.362460 0.289040 0.056210 0.174960
7 0.173400 0.365580 0.081210 0.201560
11 0.253100 0.742180 0.068710 0.135910
11 0.206230 0.054660 0.064040 0.109360
8 0.167180 0.603110 0.073430 0.145300
9 0.440600 0.301530 0.046880 0.099980
9 0.445270 0.735910 0.059330 0.112470
9 0.262490 0.614050 0.059330 0.112470
9 0.287480 0.218720 0.046880 0.112470
9 0.284370 0.056210 0.049990 0.107800
2 0.442160 0.392170 0.068710 0.140580
5 0.835930 0.737470 0.078100 0.148410
1 0.792170 0.364020 0.078100 0.206230
4 0.600000 0.293710 0.059330 0.171850
3 0.664040 0.143740 0.045270 0.104650
3 0.674980 0.226550 0.046880 0.104650
3 0.696860 0.403110 0.046880 0.112470
3 0.626550 0.507800 0.049990 0.114030
3 0.518750 0.068710 0.051540 0.109360
3 0.518750 0.301530 0.049990 0.114030
