5 0.342180 0.790620 0.078100 0.148410
5 0.128080 0.809340 0.081210 0.149970
1 0.257770 0.654660 0.098420 0.218720
4 0.390620 0.318750 0.067150 0.187460
3 0.301530 0.246880 0.051540 0.121860
3 0.362460 0.557790 0.062490 0.126530
3 0.478100 0.329690 0.051540 0.114030
2 0.735910 0.535910 0.076540 0.153120
7 0.742180 0.398400 0.078100 0.212500
9 0.751520 0.670270 0.062490 0.118750
11 0.829660 0.226550 0.068710 0.124970
9 0.728080 0.057770 0.054660 0.109360
9 0.640600 0.156240 0.054660 0.114030
9 0.560910 0.332800 0.054660 0.117190
