5 0.643720 0.781230 0.073430 0.140580
5 0.848430 0.793730 0.076540 0.143740
1 0.721860 0.648430 0.093710 0.206230
4 0.593730 0.331240 0.062490 0.176520
3 0.679650 0.260930 0.049990 0.117190
3 0.621840 0.559350 0.056210 0.121860
3 0.509360 0.342180 0.046880 0.109360
2 0.262490 0.546850 0.073430 0.145300
7 0.257770 0.414050 0.071870 0.201560
9 0.251540 0.674980 0.059330 0.112470
11 0.173400 0.251540 0.064040 0.118750
9 0.268710 0.087480 0.049990 0.104650
9 0.353120 0.179670 0.051540 0.107800
9 0.429660 0.346850 0.049990 0.112470
