2 0.446880 0.382790 0.068710 0.140580
3 0.512470 0.049990 0.049990 0.093710
5 0.870270 0.739020 0.090590 0.145300
1 0.824990 0.481210 0.098420 0.207780
4 0.604670 0.278100 0.071870 0.189060
3 0.710920 0.395280 0.054660 0.109360
3 0.682760 0.214050 0.049990 0.107800
3 0.518750 0.289040 0.054660 0.107800
3 0.637490 0.498420 0.056210 0.112470
11 0.664040 0.718750 0.081210 0.148410
11 0.193730 0.048430 0.064040 0.093710
10 0.359350 0.278100 0.067150 0.181230
7 0.265600 0.359350 0.081210 0.203110
6 0.451540 0.596840 0.068710 0.148410
8 0.504650 0.114030 0.059330 0.139020
8 0.362460 0.487480 0.071870 0.145300
9 0.434380 0.284370 0.054660 0.107800
9 0.268710 0.043720 0.056210 0.085920
9 0.279650 0.196840 0.051540 0.112470
9 0.267150 0.606230 0.064040 0.121860
