1 0.806230 0.267150 0.093710 0.220280
0 0.623440 0.121860 0.064040 0.148410
5 0.590620 0.054660 0.059330 0.107800
5 0.521860 0.129690 0.064040 0.134360
3 0.720300 0.314030 0.051540 0.117190
3 0.792170 0.781230 0.068710 0.126530
3 0.643720 0.520300 0.062490 0.129690
3 0.579670 0.654660 0.068710 0.134360
3 0.432780 0.143740 0.051540 0.109360
2 0.459330 0.221840 0.073430 0.143740
2 0.265600 0.634380 0.087480 0.157790
7 0.171850 0.389060 0.090590 0.215610
6 0.185900 0.120300 0.078100 0.149970
6 0.374960 0.404670 0.076540 0.157790
11 0.200000 0.067150 0.073430 0.134360
10 0.354680 0.115590 0.078100 0.192170
8 0.257770 0.790620 0.085920 0.174960
9 0.281210 0.129690 0.059330 0.118750
9 0.270270 0.314030 0.064040 0.109360
9 0.273430 0.418720 0.071870 0.121860
9 0.379670 0.556240 0.068710 0.134360
