1 0.826550 0.306250 0.090590 0.224990
0 0.643720 0.156240 0.064040 0.149970
5 0.612500 0.071870 0.059330 0.135910
5 0.540630 0.162460 0.064040 0.135910
3 0.739020 0.353120 0.051540 0.118750
3 0.807780 0.828110 0.068710 0.129690
3 0.659370 0.560910 0.059330 0.131240
3 0.592170 0.696860 0.067150 0.135910
3 0.448430 0.174960 0.051540 0.112470
2 0.476540 0.253100 0.073430 0.148410
2 0.274980 0.670270 0.087480 0.160910
7 0.181230 0.420280 0.090590 0.220280
6 0.200000 0.146850 0.078100 0.153120
6 0.387460 0.440600 0.076540 0.160910
11 0.210890 0.087480 0.071870 0.143740
10 0.370290 0.143740 0.078100 0.193730
8 0.265600 0.829660 0.085920 0.176520
9 0.295310 0.159350 0.059330 0.121860
9 0.281210 0.345300 0.064040 0.112470
9 0.284370 0.449990 0.071870 0.124970
9 0.390620 0.593730 0.068710 0.135910
