0 0.132800 0.520300 0.103090 0.098420
0 0.810890 0.528080 0.095310 0.098420
11 0.607780 0.595280 0.099980 0.090590
2 0.368730 0.612500 0.109360 0.104650
10 0.737470 0.657770 0.121860 0.121860
5 0.401560 0.342180 0.071870 0.073430
6 0.706250 0.356240 0.068710 0.085920
3 0.554680 0.373400 0.068710 0.062490
7 0.653100 0.382790 0.082760 0.118750
11 0.496860 0.395280 0.081210 0.076540
3 0.342180 0.398400 0.068710 0.064040
1 0.815610 0.404670 0.098420 0.124970
8 0.185900 0.410890 0.095310 0.082760
9 0.934360 0.421840 0.078100 0.064040
5 0.354680 0.437490 0.078100 0.078100
9 0.548410 0.454660 0.081210 0.067150
8 0.742180 0.471870 0.095310 0.081210
4 0.404670 0.473430 0.090590 0.109360
2 0.948410 0.478100 0.103090 0.087480
6 0.584340 0.512470 0.090590 0.095310
