8 0.445270 0.643720 0.071870 0.167180
7 0.153120 0.298420 0.082760 0.212500
10 0.340630 0.129690 0.064040 0.184340
6 0.434380 0.421840 0.071870 0.148410
11 0.423440 0.140580 0.064040 0.131240
9 0.437490 0.314030 0.056210 0.109360
9 0.267150 0.156240 0.067150 0.118750
9 0.251540 0.331240 0.054660 0.114030
9 0.343740 0.560910 0.056210 0.131240
5 0.264040 0.064040 0.067150 0.126530
2 0.234380 0.648430 0.081210 0.167180
0 0.507800 0.215610 0.051540 0.149970
1 0.776520 0.276540 0.087480 0.207780
3 0.690590 0.320300 0.051540 0.117190
3 0.537470 0.657770 0.054660 0.129690
3 0.607780 0.528080 0.054660 0.124970
