4 0.201560 0.385900 0.078100 0.179670
1 0.226550 0.279650 0.078100 0.187460
2 0.231220 0.218720 0.068710 0.124970
2 0.176520 0.526530 0.078100 0.124970
0 0.254660 0.128080 0.051540 0.139020
0 0.168730 0.643720 0.068710 0.135910
5 0.274980 0.057770 0.056210 0.114030
5 0.139020 0.776520 0.078100 0.134360
3 0.246880 0.774960 0.062490 0.114030
3 0.271870 0.629660 0.064040 0.114030
3 0.298420 0.523410 0.056210 0.107800
3 0.301530 0.407780 0.051540 0.103090
3 0.314030 0.320300 0.049990 0.103090
3 0.321860 0.239050 0.046880 0.103090
3 0.340630 0.146850 0.042160 0.099980
3 0.346850 0.059330 0.042160 0.103090
10 0.834330 0.284370 0.067150 0.176520
7 0.849990 0.367180 0.076540 0.201560
8 0.840600 0.200000 0.067150 0.118750
8 0.849990 0.507800 0.068710 0.135910
6 0.828110 0.104650 0.056210 0.139020
6 0.865600 0.631220 0.068710 0.143740
11 0.817170 0.051540 0.056210 0.103090
11 0.874980 0.776520 0.073430 0.140580
9 0.746850 0.048430 0.045270 0.095310
9 0.740580 0.128080 0.046880 0.104650
9 0.753120 0.215610 0.046880 0.104650
9 0.746850 0.299980 0.051540 0.099980
9 0.748410 0.403110 0.054660 0.107800
9 0.754680 0.517190 0.054660 0.109360
9 0.762460 0.639050 0.056210 0.114030
9 0.765580 0.778120 0.067150 0.112470
