6 0.554680 0.429660 0.068710 0.143740
11 0.564020 0.335910 0.059330 0.134360
8 0.546850 0.648430 0.071870 0.160910
7 0.834330 0.299980 0.082760 0.212500
10 0.653100 0.139020 0.068710 0.179670
9 0.726530 0.159350 0.056210 0.112470
9 0.740580 0.332800 0.059330 0.109360
9 0.643720 0.564020 0.051540 0.118750
5 0.726530 0.064040 0.046880 0.126530
2 0.649990 0.418720 0.062490 0.156240
1 0.223440 0.295310 0.087480 0.203110
3 0.570290 0.537470 0.054660 0.109360
3 0.407780 0.339020 0.054660 0.114030
3 0.454660 0.664040 0.059330 0.121860
