6 0.414050 0.378120 0.081210 0.156240
11 0.403110 0.279650 0.067150 0.143740
8 0.431220 0.614050 0.081210 0.171850
7 0.112470 0.248430 0.095310 0.232780
10 0.299980 0.085920 0.081210 0.170290
9 0.223440 0.096860 0.062490 0.121860
9 0.214050 0.282760 0.064040 0.118750
9 0.324970 0.524970 0.059330 0.129690
5 0.221840 0.032780 0.056210 0.064040
2 0.312470 0.370290 0.071870 0.167180
1 0.768730 0.223440 0.099980 0.220280
3 0.403110 0.496860 0.062490 0.118750
3 0.570290 0.276540 0.062490 0.124970
3 0.531240 0.628110 0.067150 0.131240
