6 0.543740 0.399950 0.076540 0.149970
11 0.554680 0.303090 0.062490 0.140580
8 0.534360 0.632780 0.076540 0.167180
7 0.840600 0.267150 0.087480 0.224990
10 0.651540 0.096860 0.076540 0.187460
9 0.726530 0.117190 0.059330 0.117190
9 0.742180 0.301530 0.062490 0.114030
9 0.635930 0.542180 0.054660 0.124970
5 0.728080 0.045270 0.051540 0.081210
2 0.645270 0.387460 0.067150 0.165580
1 0.195280 0.254660 0.095310 0.212500
3 0.559350 0.515590 0.059330 0.117190
3 0.390620 0.304650 0.056210 0.121860
3 0.437490 0.645270 0.062490 0.129690
