9 0.124970 0.623440 0.096860 0.093710
9 0.248430 0.607780 0.095310 0.095310
9 0.359350 0.612500 0.092150 0.098420
9 0.581230 0.523410 0.070270 0.073430
9 0.684370 0.606230 0.085920 0.078100
9 0.803110 0.612500 0.085920 0.084370
9 0.909360 0.614050 0.074980 0.076540
9 0.473430 0.446880 0.062490 0.085920
11 0.362460 0.735910 0.095310 0.107800
7 0.228110 0.735910 0.128080 0.148410
6 0.723410 0.720300 0.106250 0.106250
8 0.837490 0.723410 0.092150 0.112470
11 0.956240 0.724970 0.085920 0.115590
2 0.273430 0.424990 0.090590 0.129690
8 0.281210 0.345300 0.085920 0.085920
3 0.206230 0.296860 0.070270 0.071870
3 0.295310 0.243720 0.053100 0.076540
3 0.367180 0.239050 0.049990 0.078100
3 0.460930 0.235930 0.048430 0.067150
3 0.545300 0.289040 0.046880 0.079650
3 0.639050 0.357790 0.053100 0.074980
2 0.556240 0.418720 0.082760 0.093710
10 0.859370 0.349970 0.081210 0.187460
3 0.782790 0.245270 0.056210 0.085920
3 0.712470 0.254660 0.040600 0.082760
1 0.692150 0.178120 0.073430 0.104650
5 0.607780 0.192170 0.046880 0.104650
4 0.462490 0.176520 0.053100 0.103090
0 0.389060 0.174960 0.048430 0.092150
5 0.221840 0.178120 0.079650 0.085920
