11 0.340630 0.687480 0.131240 0.146850
9 0.190620 0.604670 0.101530 0.099980
9 0.296860 0.492150 0.076540 0.093710
9 0.403110 0.478100 0.070270 0.090590
9 0.649990 0.514030 0.048430 0.090590
9 0.751520 0.503090 0.051540 0.082760
9 0.865600 0.504650 0.065600 0.099980
6 0.821840 0.585900 0.090590 0.121860
10 0.712470 0.593730 0.087480 0.181230
7 0.578120 0.615610 0.087480 0.212500
8 0.529690 0.531240 0.062490 0.115590
9 0.481210 0.399950 0.060930 0.089040
3 0.570290 0.378120 0.068710 0.096860
3 0.464040 0.340630 0.051540 0.060930
3 0.690590 0.268710 0.040600 0.070270
3 0.590620 0.243720 0.042160 0.076540
6 0.385900 0.337470 0.065600 0.114030
8 0.360910 0.267150 0.062490 0.098420
3 0.287480 0.273430 0.053100 0.071870
3 0.209340 0.289040 0.057770 0.070270
0 0.193730 0.490590 0.092150 0.131240
0 0.748410 0.218720 0.051540 0.140580
5 0.498420 0.210890 0.042160 0.081210
4 0.431220 0.203110 0.062490 0.120300
5 0.204670 0.234380 0.057770 0.076540
8 0.764020 0.351520 0.060930 0.112470
