5 0.140580 0.749970 0.076540 0.139020
1 0.256210 0.607780 0.082760 0.207780
4 0.381230 0.299980 0.062490 0.170290
3 0.299980 0.231220 0.046880 0.104650
3 0.281210 0.409340 0.051540 0.107800
3 0.357790 0.512470 0.054660 0.107800
3 0.465600 0.306250 0.051540 0.104650
2 0.542180 0.398400 0.056210 0.135910
6 0.543740 0.612500 0.062490 0.145300
10 0.623440 0.293710 0.067150 0.176520
7 0.715590 0.371850 0.071870 0.196840
8 0.628110 0.496860 0.062490 0.145300
9 0.545300 0.307800 0.046880 0.103090
9 0.695310 0.215610 0.046880 0.104650
9 0.723410 0.620280 0.056210 0.114030
9 0.695310 0.062490 0.046880 0.093710
11 0.773400 0.065600 0.059330 0.095310
11 0.337470 0.732800 0.068710 0.148410
