5 0.835930 0.773400 0.078100 0.139020
1 0.724970 0.626550 0.085920 0.206230
4 0.612500 0.315590 0.067150 0.167180
3 0.693710 0.251540 0.049990 0.104650
3 0.706250 0.429660 0.054660 0.104650
3 0.628110 0.526530 0.056210 0.107800
3 0.528080 0.315590 0.051540 0.103090
2 0.449990 0.401560 0.059330 0.135910
6 0.440600 0.612500 0.064040 0.143740
10 0.371850 0.295310 0.068710 0.174960
7 0.278100 0.367180 0.076540 0.196840
8 0.362460 0.496860 0.062490 0.143740
9 0.448430 0.310920 0.046880 0.103090
9 0.303090 0.214050 0.046880 0.104650
9 0.262490 0.612500 0.059330 0.114030
9 0.306250 0.059330 0.046880 0.098420
11 0.231220 0.057770 0.062490 0.099980
11 0.640600 0.743740 0.071870 0.148410
