8 0.234380 0.789060 0.078100 0.148410
8 0.351520 0.321860 0.059330 0.139020
11 0.195280 0.090590 0.062490 0.121860
7 0.159350 0.409340 0.082760 0.207780
6 0.187460 0.148410 0.062490 0.145300
6 0.354680 0.423440 0.064040 0.140580
10 0.342180 0.148410 0.067150 0.171850
9 0.412500 0.085920 0.054660 0.104650
9 0.414050 0.246880 0.051540 0.112470
9 0.270270 0.167180 0.049990 0.117190
9 0.257770 0.340630 0.049990 0.112470
9 0.259370 0.434380 0.059330 0.109360
9 0.248430 0.667150 0.059330 0.112470
0 0.595280 0.159350 0.054660 0.148410
0 0.360910 0.535910 0.064040 0.149970
2 0.635930 0.656210 0.068710 0.153120
2 0.596840 0.334360 0.059330 0.149970
4 0.521860 0.428110 0.067150 0.187460
1 0.768730 0.295310 0.078100 0.201560
5 0.789060 0.434380 0.067150 0.135910
5 0.573400 0.082760 0.056210 0.126530
3 0.489040 0.171850 0.045270 0.103090
3 0.512470 0.262490 0.049990 0.104650
3 0.742180 0.784340 0.064040 0.117190
3 0.684370 0.342180 0.049990 0.104650
3 0.606230 0.539020 0.051540 0.112470
3 0.543740 0.667150 0.056210 0.118750
