10 0.346850 0.153120 0.067150 0.179670
6 0.356240 0.429660 0.059330 0.145300
11 0.198400 0.090590 0.054660 0.126530
6 0.184340 0.148410 0.056210 0.140580
7 0.167180 0.304650 0.076540 0.207780
9 0.273430 0.164020 0.054660 0.114030
9 0.259370 0.337470 0.051540 0.107800
9 0.259370 0.435930 0.059330 0.109360
9 0.353120 0.560910 0.059330 0.117190
1 0.768730 0.301530 0.081210 0.203110
8 0.240600 0.789060 0.085920 0.156240
2 0.243720 0.643720 0.076540 0.153120
2 0.440600 0.248430 0.067150 0.129690
0 0.598400 0.156240 0.051540 0.143740
5 0.570290 0.081210 0.051540 0.126530
5 0.512470 0.342180 0.059330 0.129690
3 0.742180 0.785900 0.062490 0.114030
3 0.418720 0.176520 0.046880 0.107800
3 0.684370 0.340630 0.054660 0.109360
3 0.607780 0.539020 0.049990 0.118750
3 0.540630 0.664040 0.054660 0.117190
