1 0.237490 0.293710 0.087480 0.212500
0 0.406230 0.145300 0.051540 0.143740
5 0.429660 0.067150 0.064040 0.131240
5 0.489040 0.426550 0.073430 0.157790
3 0.326530 0.332800 0.059330 0.117190
3 0.273430 0.773400 0.064040 0.124970
3 0.471870 0.659370 0.067150 0.126530
3 0.404670 0.526530 0.059330 0.129690
3 0.589060 0.165580 0.051540 0.107800
3 0.512470 0.162460 0.059330 0.109360
2 0.409340 0.324970 0.068710 0.156240
2 0.574960 0.765580 0.076540 0.167180
10 0.659370 0.128080 0.068710 0.184340
8 0.784340 0.773400 0.090590 0.165580
11 0.807780 0.067150 0.067150 0.129690
6 0.654660 0.414050 0.071870 0.157790
6 0.817170 0.129690 0.067150 0.162460
7 0.853100 0.389060 0.098420 0.207780
9 0.590620 0.068710 0.059330 0.112470
9 0.731240 0.148410 0.059330 0.117190
9 0.751520 0.318750 0.051540 0.114030
9 0.753120 0.421840 0.062490 0.118750
9 0.659370 0.545300 0.068710 0.126530
