10 0.353120 0.112470 0.076540 0.196840
7 0.164020 0.382790 0.093710 0.234380
11 0.198400 0.059330 0.067150 0.109360
6 0.185900 0.106250 0.068710 0.160910
6 0.365580 0.409340 0.076540 0.162460
8 0.245270 0.784340 0.093710 0.189060
9 0.424990 0.062490 0.051540 0.103090
9 0.278100 0.128080 0.062490 0.129690
9 0.265600 0.315590 0.062490 0.129690
9 0.265600 0.415610 0.071870 0.131240
9 0.371850 0.551520 0.059330 0.131240
1 0.804670 0.284370 0.087480 0.212500
0 0.617170 0.131240 0.054660 0.156240
2 0.460930 0.778120 0.081210 0.179670
2 0.451540 0.220280 0.078100 0.143740
5 0.587460 0.067150 0.064040 0.099980
5 0.543740 0.424990 0.068710 0.143740
3 0.779670 0.793730 0.064040 0.129690
3 0.428110 0.148410 0.056210 0.112470
3 0.507800 0.143740 0.056210 0.112470
3 0.712470 0.328080 0.051540 0.117190
3 0.634380 0.534360 0.059330 0.129690
3 0.565620 0.664040 0.067150 0.124970
