6 0.182790 0.148410 0.073430 0.140580
10 0.346850 0.143740 0.067150 0.179670
6 0.351520 0.428110 0.071870 0.139020
8 0.234380 0.785900 0.082760 0.156240
8 0.349970 0.324970 0.062490 0.143740
11 0.195280 0.087480 0.059330 0.129690
7 0.162460 0.410890 0.085920 0.212500
9 0.417170 0.248430 0.046880 0.114030
9 0.414050 0.084370 0.046880 0.112470
9 0.274980 0.165580 0.049990 0.104650
9 0.260930 0.335910 0.051540 0.109360
9 0.259370 0.435930 0.056210 0.112470
9 0.246880 0.667150 0.062490 0.114030
0 0.359350 0.539020 0.064040 0.145300
0 0.596840 0.156240 0.049990 0.153120
2 0.440600 0.782790 0.071870 0.149970
2 0.593730 0.335910 0.062490 0.145300
1 0.770290 0.296860 0.082760 0.196840
5 0.789060 0.439050 0.064040 0.124970
5 0.571850 0.082760 0.049990 0.129690
4 0.437490 0.310920 0.059330 0.181230
3 0.492150 0.174960 0.046880 0.107800
3 0.514030 0.264040 0.046880 0.104650
3 0.742180 0.785900 0.059330 0.117190
3 0.682760 0.332800 0.051540 0.117190
3 0.606230 0.539020 0.054660 0.114030
3 0.542180 0.664040 0.056210 0.118750
