5 0.414050 0.053100 0.049990 0.104650
5 0.156240 0.729690 0.076540 0.148410
1 0.207780 0.356240 0.076540 0.206230
4 0.403110 0.279650 0.067150 0.184340
3 0.301530 0.392170 0.054660 0.112470
3 0.324970 0.210890 0.046880 0.104650
3 0.339020 0.123410 0.045270 0.098420
3 0.487480 0.049990 0.046880 0.098420
3 0.378120 0.493710 0.046880 0.109360
3 0.487480 0.285920 0.049990 0.104650
2 0.415610 0.112470 0.042160 0.131240
2 0.560910 0.378120 0.068710 0.143740
6 0.562460 0.590620 0.068710 0.145300
7 0.839050 0.340630 0.081210 0.207780
10 0.643720 0.276540 0.067150 0.174960
8 0.643720 0.173400 0.056210 0.135910
8 0.846880 0.584340 0.082760 0.157790
11 0.753120 0.729690 0.073430 0.140580
11 0.806230 0.042160 0.059330 0.082760
9 0.745300 0.596840 0.051540 0.114030
9 0.726530 0.043720 0.051540 0.085920
9 0.721860 0.195280 0.059330 0.107800
9 0.570290 0.278100 0.049990 0.112470
9 0.556240 0.728080 0.064040 0.124970
