5 0.417170 0.054660 0.054660 0.087480
5 0.137470 0.734360 0.081210 0.156240
1 0.196840 0.348410 0.082760 0.212500
4 0.403110 0.278100 0.071870 0.192170
3 0.293710 0.389060 0.059330 0.118750
3 0.321860 0.201560 0.051540 0.109360
3 0.339020 0.112470 0.046880 0.103090
3 0.492150 0.051540 0.049990 0.078100
3 0.370290 0.498420 0.051540 0.114030
3 0.489040 0.289040 0.051540 0.109360
2 0.418720 0.104650 0.046880 0.135910
2 0.565620 0.385900 0.076540 0.149970
6 0.562460 0.606230 0.073430 0.153120
7 0.851540 0.360910 0.087480 0.215610
10 0.649990 0.284370 0.071870 0.181230
8 0.653100 0.176520 0.059330 0.143740
8 0.856210 0.612500 0.090590 0.165580
11 0.757790 0.759350 0.078100 0.145300
11 0.823440 0.056210 0.064040 0.076540
9 0.749970 0.621840 0.056210 0.118750
9 0.740580 0.053100 0.056210 0.073430
9 0.732800 0.201560 0.064040 0.112470
9 0.574960 0.284370 0.054660 0.117190
9 0.554680 0.749970 0.068710 0.131240
