0 0.714030 0.635930 0.064040 0.156240
5 0.578120 0.070270 0.059330 0.114030
5 0.851540 0.762460 0.071870 0.140580
1 0.793730 0.384340 0.082760 0.206230
4 0.593730 0.299980 0.062490 0.171850
0 0.523410 0.514030 0.056210 0.140580
3 0.673430 0.240600 0.049990 0.099980
3 0.660930 0.153120 0.042160 0.098420
3 0.699980 0.420280 0.049990 0.112470
3 0.710920 0.528080 0.051540 0.104650
3 0.649990 0.773400 0.054660 0.118750
3 0.617170 0.639050 0.054660 0.107800
3 0.507800 0.310920 0.046880 0.103090
3 0.507800 0.070270 0.045270 0.107800
2 0.581230 0.135910 0.056210 0.135910
2 0.431220 0.407780 0.068710 0.139020
10 0.168730 0.278100 0.073430 0.181230
7 0.153120 0.367180 0.078100 0.203110
11 0.243720 0.756240 0.068710 0.143740
11 0.184340 0.054660 0.064040 0.098420
6 0.346850 0.060930 0.051540 0.104650
6 0.139020 0.495310 0.067150 0.143740
8 0.349970 0.201560 0.059330 0.143740
8 0.153120 0.617170 0.073430 0.149970
9 0.424990 0.309360 0.045270 0.107800
9 0.415610 0.140580 0.051540 0.107800
9 0.264040 0.056210 0.049990 0.099980
9 0.264040 0.224990 0.049990 0.103090
9 0.259370 0.414050 0.059330 0.103090
9 0.253100 0.523410 0.049990 0.107800
9 0.253100 0.631220 0.056210 0.117190
9 0.446880 0.760910 0.059330 0.118750
