0 0.706250 0.612500 0.062490 0.153120
5 0.574960 0.054660 0.059330 0.109360
5 0.840600 0.734360 0.068710 0.139020
1 0.789060 0.357790 0.081210 0.203110
4 0.587460 0.281210 0.059330 0.170290
0 0.517190 0.496860 0.054660 0.140580
3 0.668710 0.218720 0.046880 0.099980
3 0.659370 0.132800 0.040600 0.098420
3 0.692150 0.398400 0.049990 0.112470
3 0.703090 0.504650 0.051540 0.104650
3 0.639050 0.753120 0.054660 0.118750
3 0.609340 0.618720 0.051540 0.107800
3 0.503090 0.293710 0.046880 0.103090
3 0.504650 0.054660 0.042160 0.107800
2 0.578120 0.117190 0.056210 0.134360
2 0.424990 0.393730 0.067150 0.139020
10 0.162460 0.273430 0.071870 0.181230
7 0.148410 0.364020 0.076540 0.201560
11 0.234380 0.749970 0.067150 0.143740
11 0.181230 0.048430 0.062490 0.095310
6 0.342180 0.049990 0.046880 0.099980
6 0.132800 0.492150 0.064040 0.140580
8 0.346850 0.190620 0.056210 0.143740
8 0.143740 0.614050 0.071870 0.148410
9 0.420280 0.296860 0.045270 0.107800
9 0.414050 0.128080 0.049990 0.107800
9 0.262490 0.049990 0.049990 0.099980
9 0.260930 0.215610 0.049990 0.103090
9 0.253100 0.407780 0.056210 0.099980
9 0.245270 0.515590 0.046880 0.107800
9 0.245270 0.624990 0.056210 0.114030
9 0.437490 0.746850 0.056210 0.118750
