3 0.437490 0.443720 0.035930 0.090590
9 0.518750 0.299980 0.037490 0.067150
9 0.601560 0.403110 0.039050 0.068710
9 0.703090 0.399950 0.040600 0.064040
9 0.753120 0.424990 0.040600 0.065600
9 0.837490 0.451540 0.040600 0.070270
9 0.406230 0.246880 0.032780 0.060930
9 0.065600 0.376520 0.037490 0.065600
9 0.468710 0.271870 0.035930 0.057770
6 0.171850 0.321860 0.042160 0.090590
11 0.876540 0.409340 0.049990 0.081210
11 0.560910 0.262490 0.040600 0.074980
7 0.504650 0.209340 0.046880 0.109360
8 0.474980 0.332800 0.046880 0.078100
8 0.206230 0.289040 0.048430 0.076540
6 0.657770 0.424990 0.042160 0.082760
10 0.642160 0.343740 0.054660 0.104650
0 0.334360 0.178120 0.032780 0.082760
0 0.292150 0.239050 0.045270 0.081210
3 0.115590 0.334360 0.040600 0.060930
3 0.209340 0.459330 0.034380 0.068710
3 0.259370 0.490590 0.034380 0.067150
3 0.449990 0.524970 0.046880 0.067150
3 0.473430 0.614050 0.043720 0.070270
3 0.603110 0.707800 0.051540 0.079650
3 0.515590 0.657770 0.045270 0.065600
3 0.156240 0.423440 0.042160 0.062490
2 0.498420 0.473430 0.048430 0.084370
2 0.318750 0.531240 0.045270 0.089040
5 0.546850 0.762460 0.054660 0.092150
5 0.215610 0.535910 0.049990 0.079650
1 0.153120 0.478100 0.059330 0.117190
4 0.331240 0.596840 0.048430 0.121860
