4 0.478100 0.396840 0.071870 0.179670
1 0.221840 0.278100 0.081210 0.215610
5 0.204670 0.421840 0.071870 0.139020
3 0.251540 0.774960 0.067150 0.121860
3 0.310920 0.323410 0.051540 0.112470
3 0.484370 0.234380 0.049990 0.121860
3 0.456210 0.648430 0.059330 0.126530
3 0.390620 0.518750 0.059330 0.118750
3 0.507800 0.139020 0.051540 0.114030
5 0.426550 0.059330 0.056210 0.117190
0 0.398400 0.131240 0.051540 0.153120
0 0.649990 0.512470 0.081210 0.149970
8 0.649990 0.289040 0.062490 0.139020
8 0.765580 0.765580 0.085920 0.157790
11 0.806230 0.056210 0.062490 0.112470
10 0.657770 0.115590 0.068710 0.176520
7 0.842160 0.371850 0.090590 0.220280
6 0.820280 0.110920 0.064040 0.148410
6 0.643720 0.399950 0.067150 0.149970
9 0.585900 0.054660 0.049990 0.107800
9 0.584340 0.214050 0.054660 0.114030
9 0.731240 0.128080 0.054660 0.114030
9 0.743740 0.303090 0.056210 0.118750
9 0.743740 0.406230 0.062490 0.114030
9 0.757790 0.635930 0.067150 0.124970
