4 0.479650 0.426550 0.071870 0.179670
1 0.224990 0.296860 0.082760 0.212500
5 0.206230 0.440600 0.071870 0.135910
3 0.249990 0.793730 0.067150 0.121860
3 0.312470 0.345300 0.051540 0.112470
3 0.487480 0.262490 0.049990 0.118750
3 0.456210 0.674980 0.059330 0.126530
3 0.390620 0.543740 0.059330 0.117190
3 0.510920 0.168730 0.051540 0.114030
5 0.429660 0.081210 0.056210 0.126530
0 0.399950 0.156240 0.054660 0.149970
0 0.649990 0.546850 0.081210 0.148410
8 0.651540 0.324970 0.062490 0.135910
8 0.764020 0.806230 0.085920 0.156240
11 0.809340 0.090590 0.062490 0.131240
10 0.659370 0.151520 0.071870 0.176520
7 0.843720 0.414050 0.093710 0.218720
6 0.821840 0.153120 0.064040 0.148410
6 0.645270 0.435930 0.067150 0.148410
9 0.590620 0.085920 0.049990 0.104650
9 0.585900 0.246880 0.054660 0.114030
9 0.732800 0.167180 0.054660 0.112470
9 0.745300 0.340630 0.056210 0.118750
9 0.745300 0.445270 0.062490 0.114030
9 0.757790 0.674980 0.067150 0.121860
