11 0.807780 0.089040 0.064040 0.131240
7 0.835930 0.317190 0.093710 0.212500
6 0.820280 0.149970 0.064040 0.153120
10 0.649990 0.146850 0.076540 0.193730
8 0.756240 0.824990 0.093710 0.165580
9 0.728080 0.168730 0.054660 0.117190
9 0.739020 0.349970 0.054660 0.114030
9 0.737470 0.456210 0.062490 0.118750
9 0.632780 0.585900 0.064040 0.117190
1 0.200000 0.306250 0.095310 0.215610
0 0.384340 0.159350 0.059330 0.160910
5 0.414050 0.074980 0.059330 0.140580
5 0.473430 0.353120 0.067150 0.140580
2 0.746850 0.671870 0.081210 0.174960
2 0.642160 0.454660 0.071870 0.160910
3 0.570290 0.185900 0.054660 0.114030
3 0.289040 0.351520 0.049990 0.118750
3 0.453100 0.842160 0.062490 0.124970
3 0.432780 0.695310 0.059330 0.121860
3 0.367180 0.559350 0.059330 0.124970
