11 0.820280 0.106250 0.062490 0.129690
7 0.851540 0.331240 0.090590 0.210890
6 0.834330 0.167180 0.062490 0.149970
10 0.667150 0.159350 0.073430 0.192170
8 0.774960 0.831220 0.090590 0.165580
9 0.742180 0.184340 0.054660 0.117190
9 0.757790 0.362460 0.054660 0.114030
9 0.754680 0.465600 0.059330 0.118750
9 0.651540 0.592170 0.062490 0.117190
1 0.224990 0.306250 0.093710 0.215610
0 0.406230 0.165580 0.056210 0.157790
5 0.434380 0.085920 0.056210 0.140580
5 0.493710 0.360910 0.064040 0.140580
2 0.765580 0.679650 0.076540 0.171850
2 0.660930 0.462490 0.068710 0.157790
3 0.589060 0.195280 0.054660 0.112470
3 0.314030 0.354680 0.049990 0.117190
3 0.476540 0.840600 0.062490 0.124970
3 0.456210 0.693710 0.059330 0.118750
3 0.392170 0.560910 0.059330 0.124970
