4 0.387460 0.284370 0.082760 0.184340
2 0.543740 0.392170 0.076540 0.145300
6 0.540630 0.596840 0.073430 0.156240
10 0.629660 0.281210 0.073430 0.179670
8 0.820280 0.587460 0.081210 0.167180
7 0.724970 0.357790 0.085920 0.201560
11 0.796840 0.049990 0.068710 0.098420
11 0.726530 0.737470 0.087480 0.143740
9 0.724970 0.606230 0.067150 0.109360
9 0.710920 0.204670 0.059330 0.107800
9 0.715590 0.048430 0.059330 0.095310
9 0.553080 0.295310 0.049990 0.103090
9 0.528080 0.735910 0.067150 0.118750
3 0.476540 0.054660 0.056210 0.104650
3 0.309360 0.226550 0.059330 0.109360
3 0.331240 0.137470 0.054660 0.104650
3 0.471870 0.293710 0.059330 0.107800
3 0.360910 0.504650 0.062490 0.118750
3 0.285920 0.403110 0.056210 0.114030
1 0.193730 0.367180 0.087480 0.210890
5 0.132800 0.742180 0.087480 0.148410
