4 0.398400 0.293710 0.082760 0.187460
2 0.559350 0.407780 0.078100 0.145300
6 0.557790 0.617170 0.076540 0.156240
10 0.648430 0.295310 0.073430 0.181230
8 0.840600 0.614050 0.082760 0.170290
7 0.743740 0.378120 0.085920 0.203110
11 0.815610 0.062490 0.068710 0.104650
11 0.746850 0.765580 0.087480 0.145300
9 0.743740 0.631220 0.067150 0.112470
9 0.729690 0.220280 0.062490 0.109360
9 0.735910 0.059330 0.062490 0.103090
9 0.568730 0.309360 0.049990 0.104650
9 0.543740 0.757790 0.068710 0.121860
3 0.492150 0.062490 0.059330 0.107800
3 0.321860 0.231220 0.059330 0.112470
3 0.340630 0.140580 0.056210 0.107800
3 0.487480 0.304650 0.059330 0.109360
3 0.371850 0.517190 0.064040 0.121860
3 0.295310 0.410890 0.056210 0.117190
1 0.200000 0.371850 0.090590 0.212500
5 0.140580 0.753120 0.090590 0.148410
