5 0.121860 0.742180 0.081210 0.139020
11 0.324970 0.723410 0.071870 0.140580
1 0.242160 0.596840 0.090590 0.198400
4 0.373400 0.289040 0.068710 0.174960
3 0.273430 0.403110 0.059330 0.114030
3 0.296860 0.226550 0.051540 0.109360
3 0.345300 0.503090 0.049990 0.109360
2 0.534360 0.387460 0.068710 0.135910
3 0.457770 0.293710 0.046880 0.103090
8 0.467150 0.126530 0.059330 0.135910
8 0.518750 0.729690 0.071870 0.153120
6 0.529690 0.596840 0.059330 0.143740
10 0.612500 0.282760 0.064040 0.179670
7 0.706250 0.359350 0.073430 0.206230
11 0.771850 0.054660 0.051540 0.090590
9 0.537470 0.293710 0.049990 0.103090
9 0.695310 0.053100 0.054660 0.087480
9 0.690590 0.206230 0.051540 0.107800
9 0.710920 0.606230 0.064040 0.112470
