5 0.132800 0.753120 0.081210 0.140580
11 0.337470 0.734360 0.068710 0.143740
1 0.253100 0.606230 0.090590 0.201560
4 0.382790 0.293710 0.068710 0.179670
3 0.282760 0.409340 0.056210 0.114030
3 0.304650 0.229660 0.051540 0.112470
3 0.356240 0.512470 0.049990 0.112470
2 0.546850 0.393730 0.068710 0.139020
3 0.468710 0.299980 0.046880 0.104650
8 0.476540 0.128080 0.059330 0.139020
8 0.534360 0.740580 0.071870 0.156240
6 0.545300 0.606230 0.059330 0.145300
10 0.628110 0.287480 0.062490 0.181230
7 0.721860 0.364020 0.073430 0.207780
11 0.784340 0.054660 0.049990 0.090590
9 0.549970 0.299980 0.049990 0.104650
9 0.706250 0.053100 0.051540 0.087480
9 0.704650 0.207780 0.051540 0.107800
9 0.728080 0.615610 0.064040 0.114030
