10 0.834330 0.253100 0.071870 0.181230
7 0.851540 0.346850 0.073430 0.203110
8 0.645270 0.168730 0.062490 0.145300
8 0.856210 0.596840 0.071870 0.149970
11 0.759350 0.746850 0.067150 0.140580
11 0.814050 0.037490 0.059330 0.073430
6 0.864040 0.476540 0.064040 0.148410
6 0.648430 0.035930 0.054660 0.071870
9 0.568730 0.274980 0.042160 0.099980
9 0.576520 0.109360 0.040600 0.099980
9 0.731240 0.037490 0.046880 0.073430
9 0.734360 0.195280 0.045270 0.104650
9 0.740580 0.395280 0.056210 0.103090
9 0.751520 0.503090 0.049990 0.109360
9 0.749970 0.612500 0.051540 0.117190
9 0.554680 0.740580 0.056210 0.114030
2 0.406230 0.096860 0.046880 0.140580
2 0.564020 0.378120 0.062490 0.148410
4 0.195280 0.265600 0.067150 0.157790
1 0.190620 0.349970 0.078100 0.196840
5 0.409340 0.043720 0.051540 0.087480
5 0.134360 0.742180 0.076540 0.139020
0 0.232780 0.182790 0.045270 0.140580
0 0.274980 0.612500 0.062490 0.148410
3 0.279650 0.501530 0.056210 0.099980
3 0.290590 0.389060 0.051540 0.112470
3 0.373400 0.617170 0.054660 0.109360
3 0.346850 0.748410 0.054660 0.112470
3 0.315590 0.203110 0.046880 0.099980
3 0.326530 0.115590 0.042160 0.104650
3 0.481210 0.040600 0.042160 0.081210
3 0.482760 0.279650 0.045270 0.109360
