10 0.195280 0.267150 0.073430 0.174960
7 0.179670 0.357790 0.076540 0.196840
8 0.373400 0.184340 0.062490 0.140580
8 0.179670 0.598400 0.071870 0.145300
11 0.274980 0.742180 0.067150 0.135910
11 0.207780 0.048430 0.059330 0.095310
6 0.168730 0.482760 0.067150 0.140580
6 0.367180 0.045270 0.054660 0.090590
9 0.449990 0.287480 0.042160 0.095310
9 0.437490 0.128080 0.040600 0.098420
9 0.289040 0.048430 0.046880 0.095310
9 0.287480 0.210890 0.046880 0.099980
9 0.287480 0.403110 0.056210 0.099980
9 0.278100 0.507800 0.049990 0.107800
9 0.282760 0.612500 0.051540 0.112470
9 0.473430 0.734360 0.056210 0.109360
2 0.601560 0.114030 0.046880 0.135910
2 0.456210 0.385900 0.064040 0.143740
4 0.809340 0.273430 0.068710 0.149970
1 0.814050 0.353120 0.081210 0.189060
5 0.596840 0.051540 0.049990 0.103090
5 0.878100 0.731240 0.076540 0.134360
0 0.770290 0.193730 0.046880 0.135910
0 0.739020 0.607780 0.062490 0.140580
3 0.732800 0.501530 0.056210 0.098420
3 0.720300 0.393730 0.054660 0.107800
3 0.643720 0.614050 0.054660 0.104650
3 0.673430 0.740580 0.054660 0.107800
3 0.690590 0.214050 0.049990 0.098420
3 0.678100 0.129690 0.042160 0.099980
3 0.528080 0.049990 0.042160 0.098420
3 0.531240 0.290590 0.045270 0.104650
