1 0.271870 0.645270 0.076540 0.201560
5 0.140580 0.789060 0.071870 0.139020
11 0.348410 0.785900 0.071870 0.139020
3 0.324970 0.257770 0.051540 0.103090
3 0.373400 0.554680 0.051540 0.103090
4 0.406230 0.331240 0.067150 0.174960
2 0.565620 0.448430 0.064040 0.143740
3 0.492150 0.348410 0.045270 0.103090
10 0.649990 0.346850 0.068710 0.171850
7 0.743740 0.435930 0.068710 0.198400
11 0.834330 0.267150 0.064040 0.129690
9 0.573400 0.351520 0.045270 0.099980
9 0.649990 0.193730 0.051540 0.109360
9 0.735910 0.099980 0.046880 0.104650
9 0.746850 0.690590 0.059330 0.121860
