1 0.781230 0.593730 0.081210 0.215610
5 0.918750 0.743740 0.073430 0.149970
11 0.696860 0.745300 0.073430 0.148410
3 0.726530 0.181230 0.054660 0.112470
3 0.673430 0.496860 0.056210 0.109360
4 0.637490 0.257770 0.068710 0.189060
2 0.468710 0.385900 0.067150 0.153120
3 0.546850 0.278100 0.046880 0.109360
10 0.378120 0.278100 0.071870 0.187460
7 0.276540 0.374960 0.073430 0.215610
11 0.182790 0.195280 0.068710 0.135910
9 0.460930 0.284370 0.049990 0.109360
9 0.378120 0.114030 0.054660 0.117190
9 0.287480 0.037490 0.049990 0.073430
9 0.273430 0.648430 0.062490 0.129690
