8 0.449990 0.648430 0.071870 0.160910
0 0.439050 0.429660 0.064040 0.148410
10 0.346850 0.145300 0.067150 0.187460
7 0.160910 0.304650 0.076540 0.201560
11 0.196840 0.090590 0.062490 0.131240
9 0.271870 0.165580 0.059330 0.112470
9 0.257770 0.340630 0.062490 0.114030
9 0.346850 0.326530 0.049990 0.112470
9 0.356240 0.565620 0.059330 0.117190
2 0.243720 0.639050 0.068710 0.167180
5 0.571850 0.081210 0.054660 0.129690
0 0.507800 0.237490 0.059330 0.148410
3 0.417170 0.179670 0.051540 0.112470
3 0.684370 0.342180 0.049990 0.121860
3 0.542180 0.665600 0.051540 0.129690
3 0.607780 0.540630 0.056210 0.114030
1 0.770290 0.301530 0.082760 0.201560
