6 0.440600 0.431220 0.064040 0.148410
8 0.451540 0.642160 0.071870 0.162460
10 0.345300 0.146850 0.064040 0.181230
11 0.424990 0.162460 0.062490 0.134360
7 0.167180 0.304650 0.085920 0.210890
9 0.274980 0.168730 0.046880 0.107800
9 0.356240 0.562460 0.056210 0.121860
9 0.259370 0.340630 0.059330 0.114030
5 0.271870 0.071870 0.059330 0.129690
2 0.242160 0.643720 0.071870 0.157790
0 0.442160 0.320300 0.054660 0.143740
1 0.770290 0.299980 0.085920 0.206230
3 0.681210 0.342180 0.054660 0.112470
3 0.607780 0.537470 0.056210 0.118750
3 0.542180 0.668710 0.059330 0.121860
