3 0.282760 0.276540 0.057770 0.060930
3 0.354680 0.278100 0.053100 0.067150
3 0.449990 0.281210 0.053100 0.065600
3 0.595280 0.373400 0.053100 0.057770
3 0.673430 0.334360 0.054660 0.076540
1 0.739020 0.259370 0.057770 0.160910
5 0.518750 0.223440 0.068710 0.095310
0 0.370290 0.218720 0.071870 0.095310
11 0.442160 0.379670 0.062490 0.085920
5 0.351520 0.451540 0.071870 0.087480
9 0.339020 0.534360 0.054660 0.079650
7 0.437490 0.524970 0.071870 0.126530
9 0.448430 0.446880 0.043720 0.071870
9 0.524970 0.453100 0.067150 0.073430
4 0.628110 0.590620 0.093710 0.149970
