10 0.662490 0.128080 0.073430 0.192170
7 0.856210 0.296860 0.087480 0.220280
8 0.557790 0.665600 0.073430 0.174960
5 0.742180 0.057770 0.068710 0.114030
11 0.574960 0.143740 0.064040 0.143740
6 0.565620 0.435930 0.064040 0.165580
9 0.737470 0.151520 0.051540 0.118750
9 0.756240 0.334360 0.062490 0.121860
9 0.659370 0.324970 0.059330 0.126530
9 0.657770 0.573400 0.064040 0.129690
2 0.782790 0.662490 0.078100 0.174960
0 0.489040 0.223440 0.062490 0.157790
1 0.206230 0.298420 0.095310 0.224990
3 0.301530 0.345300 0.059330 0.114030
3 0.387460 0.548410 0.056210 0.131240
3 0.460930 0.685920 0.067150 0.126530
