9 0.328080 0.271870 0.040600 0.071870
8 0.273430 0.396840 0.057770 0.093710
8 0.521860 0.385900 0.059330 0.096860
6 0.645270 0.415610 0.054660 0.107800
9 0.554680 0.506250 0.046880 0.082760
9 0.490590 0.490590 0.045270 0.076540
9 0.467150 0.453100 0.039050 0.078100
9 0.384340 0.401560 0.042160 0.078100
11 0.370290 0.487480 0.051540 0.092150
7 0.429660 0.474980 0.068710 0.156240
3 0.374960 0.301530 0.034380 0.068710
3 0.779670 0.535910 0.045270 0.078100
3 0.840600 0.409340 0.042160 0.076540
3 0.721860 0.409340 0.039050 0.076540
3 0.689040 0.374960 0.039050 0.073430
0 0.759350 0.379670 0.043720 0.103090
0 0.578120 0.359350 0.045270 0.107800
3 0.462490 0.379670 0.039050 0.070270
2 0.443720 0.340630 0.046880 0.089040
5 0.562460 0.303090 0.042160 0.079650
5 0.753120 0.351520 0.040600 0.089040
4 0.637490 0.301530 0.046880 0.123410
2 0.634380 0.387460 0.056210 0.090590
1 0.820280 0.346850 0.049990 0.123410
