4 0.617170 0.287480 0.059330 0.189060
5 0.851540 0.735910 0.078100 0.143740
1 0.737470 0.596840 0.085920 0.220280
3 0.698420 0.223440 0.054660 0.104650
3 0.637490 0.503090 0.062490 0.104650
3 0.537470 0.298420 0.049990 0.109360
2 0.460930 0.390620 0.054660 0.140580
8 0.531240 0.128080 0.062490 0.148410
7 0.289040 0.362460 0.073430 0.206230
10 0.381230 0.284370 0.067150 0.189060
9 0.456210 0.293710 0.045270 0.107800
9 0.278100 0.600000 0.062490 0.117190
9 0.306250 0.201560 0.051540 0.109360
9 0.303090 0.051540 0.062490 0.103090
11 0.207780 0.195280 0.064040 0.126530
11 0.654660 0.721860 0.068710 0.134360
