1 0.229660 0.299980 0.090590 0.207780
5 0.426550 0.084370 0.064040 0.134360
0 0.496860 0.239050 0.062490 0.153120
3 0.584340 0.184340 0.051540 0.118750
3 0.320300 0.351520 0.054660 0.117190
3 0.403110 0.556240 0.062490 0.121860
3 0.474980 0.684370 0.064040 0.126530
2 0.584340 0.673430 0.071870 0.157790
2 0.784340 0.659370 0.078100 0.160910
10 0.659370 0.154680 0.067150 0.179670
11 0.810890 0.099980 0.071870 0.135910
7 0.846880 0.320300 0.081210 0.207780
8 0.792170 0.814050 0.082760 0.165580
6 0.571850 0.445270 0.064040 0.149970
9 0.664040 0.340630 0.059330 0.121860
9 0.735910 0.176520 0.051540 0.117190
9 0.753120 0.351520 0.051540 0.117190
9 0.662490 0.578120 0.062490 0.124970
