2 0.296860 0.606230 0.078100 0.148410
5 0.168730 0.728080 0.081210 0.140580
1 0.214050 0.353120 0.082760 0.207780
4 0.409340 0.273430 0.067150 0.187460
5 0.415610 0.049990 0.056210 0.098420
8 0.415610 0.106250 0.056210 0.135910
8 0.573400 0.374960 0.067150 0.140580
3 0.485920 0.048430 0.051540 0.095310
3 0.326530 0.207780 0.051540 0.103090
3 0.340630 0.121860 0.049990 0.099980
3 0.307800 0.387460 0.054660 0.112470
3 0.301530 0.492150 0.056210 0.112470
3 0.373400 0.732800 0.068710 0.114030
3 0.492150 0.278100 0.049990 0.112470
7 0.849990 0.340630 0.081210 0.203110
11 0.809340 0.039050 0.059330 0.076540
11 0.773400 0.731240 0.073430 0.143740
6 0.867150 0.467150 0.071870 0.145300
10 0.832780 0.251540 0.071870 0.176520
8 0.649990 0.170290 0.064040 0.140580
8 0.864040 0.585900 0.076540 0.149970
9 0.574960 0.278100 0.046880 0.104650
9 0.728080 0.039050 0.051540 0.076540
9 0.735910 0.198400 0.051540 0.109360
9 0.746850 0.393730 0.054660 0.107800
9 0.757790 0.496860 0.056210 0.104650
9 0.762460 0.601560 0.059330 0.112470
9 0.573400 0.726530 0.059330 0.118750
