5 0.864040 0.734360 0.081210 0.143740
1 0.824990 0.479650 0.098420 0.212500
4 0.610890 0.282760 0.067150 0.181230
8 0.512470 0.121860 0.068710 0.135910
3 0.528080 0.049990 0.049990 0.099980
3 0.712470 0.398400 0.056210 0.118750
3 0.689040 0.214050 0.059330 0.107800
3 0.526530 0.295310 0.051540 0.109360
3 0.642160 0.501530 0.059330 0.117190
2 0.448430 0.392170 0.064040 0.143740
8 0.160910 0.610890 0.078100 0.153120
10 0.365580 0.287480 0.068710 0.174960
7 0.270270 0.367180 0.081210 0.206230
9 0.267150 0.624990 0.062490 0.117190
11 0.257770 0.757790 0.073430 0.143740
11 0.200000 0.049990 0.064040 0.099980
9 0.282760 0.051540 0.059330 0.103090
9 0.443720 0.299980 0.059330 0.109360
9 0.287480 0.215610 0.049990 0.117190
6 0.448430 0.604670 0.071870 0.156240
9 0.459330 0.746850 0.062490 0.121860
