5 0.846880 0.717190 0.078100 0.140580
1 0.812500 0.465600 0.093710 0.210890
4 0.603110 0.273430 0.064040 0.179670
8 0.507800 0.114030 0.067150 0.134360
3 0.523410 0.046880 0.046880 0.093710
3 0.703090 0.387460 0.054660 0.117190
3 0.679650 0.206230 0.056210 0.104650
3 0.518750 0.284370 0.049990 0.107800
3 0.631220 0.487480 0.054660 0.114030
2 0.442160 0.379670 0.062490 0.140580
8 0.156240 0.595280 0.076540 0.149970
10 0.360910 0.276540 0.067150 0.171850
7 0.268710 0.356240 0.078100 0.201560
9 0.260930 0.610890 0.059330 0.114030
11 0.253100 0.740580 0.071870 0.140580
11 0.203110 0.048430 0.064040 0.095310
9 0.281210 0.048430 0.056210 0.095310
9 0.439050 0.289040 0.056210 0.107800
9 0.284370 0.206230 0.046880 0.114030
6 0.440600 0.590620 0.068710 0.149970
9 0.448430 0.728080 0.059330 0.121860
