5 0.818720 0.723410 0.082760 0.143740
1 0.795280 0.474980 0.085920 0.206230
3 0.518750 0.057770 0.046880 0.107800
2 0.426550 0.389060 0.071870 0.140580
7 0.253100 0.368730 0.081210 0.206230
10 0.349970 0.285920 0.071870 0.189060
4 0.589060 0.282760 0.071870 0.176520
3 0.659370 0.132800 0.051540 0.109360
3 0.667150 0.212500 0.051540 0.109360
3 0.685920 0.395280 0.054660 0.107800
3 0.609340 0.498420 0.064040 0.118750
3 0.506250 0.290590 0.056210 0.117190
8 0.501530 0.124970 0.068710 0.149970
8 0.142180 0.601560 0.078100 0.153120
11 0.231220 0.745300 0.087480 0.148410
11 0.200000 0.054660 0.064040 0.109360
6 0.418720 0.596840 0.071870 0.148410
9 0.426550 0.295310 0.056210 0.099980
9 0.279650 0.049990 0.051540 0.098420
9 0.274980 0.210890 0.054660 0.117190
9 0.240600 0.614050 0.064040 0.117190
9 0.426550 0.734360 0.062490 0.114030
