5 0.143740 0.723410 0.085920 0.145300
1 0.181230 0.467150 0.087480 0.210890
3 0.492150 0.043720 0.051540 0.085920
2 0.567180 0.367180 0.073430 0.143740
7 0.746850 0.342180 0.082760 0.210890
10 0.653100 0.259370 0.073430 0.193730
4 0.407780 0.262490 0.073430 0.184340
3 0.342180 0.110920 0.051540 0.112470
3 0.331240 0.193730 0.054660 0.112470
3 0.299980 0.382790 0.056210 0.109360
3 0.373400 0.485920 0.064040 0.121860
3 0.492150 0.267150 0.056210 0.118750
8 0.507800 0.096860 0.071870 0.156240
8 0.848430 0.578120 0.081210 0.157790
11 0.746850 0.729690 0.090590 0.149970
11 0.820280 0.035930 0.068710 0.071870
6 0.564020 0.579670 0.071870 0.153120
9 0.574960 0.268710 0.056210 0.104650
9 0.737470 0.034380 0.056210 0.067150
9 0.734360 0.179670 0.056210 0.118750
9 0.746850 0.595280 0.067150 0.121860
9 0.546850 0.723410 0.064040 0.118750
