9 0.412500 0.515590 0.046880 0.057770
9 0.368730 0.478100 0.045270 0.056210
9 0.343740 0.442160 0.045270 0.056210
9 0.478100 0.384340 0.040600 0.053100
9 0.290590 0.356240 0.039050 0.053100
9 0.248430 0.324970 0.039050 0.049990
9 0.246880 0.295310 0.039050 0.046880
9 0.565620 0.312470 0.037490 0.049990
11 0.160910 0.303090 0.045270 0.056210
11 0.331240 0.528080 0.057770 0.071870
6 0.200000 0.353120 0.045270 0.073430
6 0.474980 0.285920 0.042160 0.067150
8 0.356240 0.332800 0.046880 0.065600
8 0.339020 0.237490 0.042160 0.056210
7 0.237490 0.403110 0.067150 0.106250
10 0.462490 0.343740 0.053100 0.085920
3 0.156240 0.265600 0.035930 0.045270
3 0.231220 0.240600 0.043720 0.034380
3 0.609340 0.281210 0.037490 0.046880
3 0.562460 0.256210 0.034380 0.048430
3 0.603110 0.342180 0.037490 0.051540
3 0.749970 0.385900 0.040600 0.053100
3 0.796840 0.418720 0.043720 0.053100
3 0.821840 0.462490 0.043720 0.054660
2 0.657770 0.396840 0.053100 0.068710
2 0.200000 0.246880 0.043720 0.056210
5 0.904650 0.435930 0.056210 0.070270
5 0.656210 0.248430 0.040600 0.053100
0 0.815610 0.365580 0.048430 0.073430
0 0.703090 0.287480 0.043720 0.067150
1 0.703090 0.340630 0.054660 0.095310
4 0.740580 0.304650 0.049990 0.082760
9 0.074980 0.012500 0.021840 0.024990
9 0.089040 0.042160 0.020280 0.029660
9 0.121860 0.018720 0.020280 0.029660
9 0.168730 0.029660 0.021840 0.029660
9 0.092150 0.046880 0.014050 0.021840
7 0.040600 0.024990 0.031220 0.048430
8 0.135910 0.037490 0.026550 0.035930
3 0.215610 0.024990 0.020280 0.029660
