11 0.434380 0.340630 0.056210 0.135910
6 0.440600 0.431220 0.056210 0.148410
8 0.453100 0.646830 0.062490 0.160910
10 0.345300 0.148410 0.073430 0.189060
7 0.165580 0.303090 0.085920 0.215610
5 0.271870 0.070270 0.056210 0.121860
2 0.245270 0.643720 0.078100 0.167180
9 0.274980 0.165580 0.054660 0.112470
9 0.259370 0.337470 0.059330 0.112470
9 0.354680 0.560910 0.059330 0.117190
1 0.771850 0.296860 0.087480 0.206230
3 0.682760 0.340630 0.049990 0.107800
3 0.604670 0.535910 0.059330 0.121860
3 0.542180 0.667150 0.062490 0.126530
