5 0.856210 0.765580 0.073430 0.145300
1 0.735910 0.607780 0.093710 0.224990
4 0.609340 0.282760 0.073430 0.181230
3 0.695310 0.215610 0.049990 0.112470
3 0.635930 0.509360 0.051540 0.121860
3 0.523410 0.289040 0.051540 0.114030
2 0.440600 0.387460 0.078100 0.149970
10 0.359350 0.273430 0.068710 0.196840
7 0.260930 0.346850 0.076540 0.218720
9 0.437490 0.285920 0.059330 0.117190
9 0.365580 0.117190 0.054660 0.112470
9 0.279650 0.042160 0.049990 0.076540
9 0.246880 0.607780 0.067150 0.134360
11 0.178120 0.181230 0.067150 0.135910
11 0.649990 0.742180 0.078100 0.162460
