5 0.884370 0.824990 0.081210 0.149970
1 0.765580 0.660930 0.103090 0.232780
4 0.645270 0.324970 0.081210 0.187460
3 0.737470 0.256210 0.054660 0.114030
3 0.664040 0.557790 0.056210 0.126530
3 0.557790 0.331240 0.056210 0.118750
2 0.471870 0.429660 0.082760 0.156240
10 0.389060 0.315590 0.078100 0.201560
7 0.287480 0.387460 0.082760 0.224990
9 0.468710 0.328080 0.064040 0.118750
9 0.401560 0.153120 0.059330 0.117190
9 0.315590 0.060930 0.059330 0.109360
9 0.264040 0.656210 0.071870 0.135910
11 0.207780 0.215610 0.073430 0.140580
11 0.674980 0.800000 0.082760 0.167180
