1 0.796840 0.257770 0.087480 0.218720
0 0.614050 0.112470 0.059330 0.153120
5 0.590620 0.049990 0.067150 0.099980
5 0.529690 0.206230 0.068710 0.131240
2 0.448430 0.214050 0.062490 0.140580
3 0.428110 0.143740 0.056210 0.112470
3 0.707800 0.304650 0.054660 0.114030
3 0.621840 0.518750 0.056210 0.124970
3 0.760910 0.770290 0.067150 0.126530
3 0.551520 0.653100 0.067150 0.134360
2 0.445270 0.776520 0.078100 0.176520
7 0.148410 0.392170 0.093710 0.220280
11 0.192170 0.059330 0.071870 0.117190
8 0.226550 0.792170 0.087480 0.174960
10 0.346850 0.110920 0.071870 0.193730
6 0.179670 0.117190 0.062490 0.149970
6 0.356240 0.404670 0.064040 0.156240
9 0.518750 0.117190 0.056210 0.117190
9 0.273430 0.132800 0.062490 0.121860
9 0.254660 0.312470 0.056210 0.117190
9 0.251540 0.418720 0.067150 0.118750
9 0.356240 0.546850 0.067150 0.129690
