9 0.246880 0.318750 0.051540 0.062490
9 0.318750 0.309360 0.045270 0.064040
9 0.393730 0.309360 0.040600 0.065600
9 0.618720 0.310920 0.040600 0.064040
9 0.674980 0.307800 0.040600 0.064040
9 0.759350 0.304650 0.043720 0.064040
3 0.448430 0.632780 0.064040 0.074980
3 0.643720 0.640600 0.056210 0.076540
3 0.745300 0.635930 0.059330 0.078100
3 0.809340 0.490590 0.054660 0.079650
3 0.196840 0.489040 0.070270 0.070270
0 0.340630 0.629660 0.071870 0.087480
2 0.546850 0.489040 0.064040 0.081210
1 0.660930 0.728080 0.092150 0.112470
6 0.454660 0.482760 0.056210 0.090590
7 0.332800 0.239050 0.062490 0.120300
11 0.409340 0.264040 0.053100 0.082760
11 0.745300 0.264040 0.049990 0.085920
8 0.239050 0.639050 0.087480 0.103090
