9 0.634380 0.810890 0.057770 0.074980
9 0.657770 0.734360 0.059330 0.070270
9 0.660930 0.648430 0.065600 0.059330
9 0.657770 0.562460 0.048430 0.062490
9 0.492150 0.459330 0.071870 0.067150
9 0.684370 0.398400 0.067150 0.089040
9 0.696860 0.309360 0.049990 0.067150
9 0.701530 0.201560 0.046880 0.065600
3 0.260930 0.182790 0.065600 0.070270
3 0.257770 0.262490 0.057770 0.059330
3 0.249990 0.337470 0.056210 0.071870
3 0.249990 0.510920 0.073430 0.065600
3 0.414050 0.451540 0.048430 0.070270
3 0.253100 0.600000 0.062490 0.070270
3 0.245270 0.673430 0.081210 0.065600
3 0.242160 0.749970 0.057770 0.071870
5 0.178120 0.165580 0.071870 0.064040
5 0.167180 0.735910 0.081210 0.079650
11 0.806230 0.209340 0.065600 0.089040
11 0.728080 0.820280 0.068710 0.081210
8 0.742180 0.737470 0.065600 0.084370
8 0.776520 0.310920 0.060930 0.074980
2 0.340630 0.360910 0.068710 0.071870
2 0.153120 0.656210 0.098420 0.073430
0 0.171850 0.339020 0.090590 0.062490
0 0.156240 0.574960 0.099980 0.057770
6 0.773400 0.404670 0.076540 0.073430
6 0.735910 0.659370 0.079650 0.079650
10 0.432780 0.192170 0.092150 0.070270
4 0.153120 0.507800 0.117190 0.064040
1 0.156240 0.421840 0.112470 0.079650
7 0.765580 0.493710 0.078100 0.082760
