4 0.724970 0.790620 0.096860 0.114030
4 0.715590 0.439050 0.096860 0.081210
5 0.467150 0.537470 0.054660 0.062490
5 0.285920 0.456210 0.079650 0.067150
3 0.459330 0.374960 0.051540 0.059330
2 0.382790 0.457770 0.071870 0.064040
2 0.545300 0.628110 0.062490 0.071870
1 0.193730 0.467150 0.114030 0.081210
1 0.618720 0.439050 0.074980 0.081210
0 0.615610 0.292150 0.067150 0.093710
0 0.790620 0.534360 0.089040 0.067150
0 0.543740 0.446880 0.067150 0.067150
11 0.704650 0.359350 0.078100 0.074980
10 0.198400 0.635930 0.110920 0.089040
10 0.368730 0.709360 0.089040 0.099980
9 0.776520 0.195280 0.076540 0.068710
8 0.790620 0.442160 0.071870 0.079650
8 0.620280 0.531240 0.074980 0.074980
8 0.453100 0.200000 0.074980 0.093710
8 0.560910 0.781230 0.071870 0.090590
7 0.373400 0.356240 0.087480 0.098420
7 0.465600 0.609340 0.067150 0.074980
7 0.467150 0.609340 0.068710 0.070270
6 0.287480 0.535910 0.081210 0.059330
6 0.807780 0.701530 0.093710 0.074980
5 0.809340 0.606230 0.089040 0.062490
