11 0.240600 0.448430 0.049990 0.070270
11 0.317190 0.303090 0.028110 0.045270
6 0.268710 0.385900 0.040600 0.074980
6 0.301530 0.326530 0.031220 0.062490
10 0.285920 0.335910 0.043720 0.078100
7 0.273430 0.349970 0.051540 0.096860
9 0.309360 0.443720 0.035930 0.057770
9 0.312470 0.414050 0.032780 0.054660
9 0.323410 0.389060 0.028110 0.051540
9 0.353120 0.335910 0.023440 0.043720
9 0.353120 0.315590 0.021840 0.040600
9 0.368730 0.299980 0.020280 0.037490
9 0.454660 0.357790 0.023440 0.048430
9 0.495310 0.334360 0.018720 0.049990
8 0.403110 0.320300 0.029660 0.056210
8 0.385900 0.379670 0.035930 0.064040
3 0.509360 0.349970 0.024990 0.046880
3 0.629660 0.364020 0.026550 0.051540
3 0.640600 0.426550 0.032780 0.056210
3 0.649990 0.389060 0.023440 0.054660
3 0.553080 0.332800 0.023440 0.043720
3 0.593730 0.312470 0.023440 0.042160
3 0.590620 0.295310 0.021840 0.039050
3 0.571850 0.282760 0.020280 0.039050
2 0.554680 0.367180 0.039050 0.065600
2 0.545300 0.309360 0.028110 0.053100
5 0.717190 0.407780 0.039050 0.076540
5 0.634380 0.278100 0.021840 0.042160
0 0.682760 0.349970 0.031220 0.074980
0 0.639050 0.298420 0.020280 0.060930
1 0.662490 0.328080 0.034380 0.089040
4 0.656210 0.306250 0.032780 0.078100
