8 0.131240 0.224990 0.090590 0.092150
6 0.232780 0.228110 0.085920 0.093710
1 0.507800 0.228110 0.089040 0.099980
4 0.414050 0.229660 0.089040 0.095310
1 0.321860 0.224990 0.079650 0.093710
8 0.604670 0.326530 0.074980 0.081210
4 0.507800 0.331240 0.084370 0.078100
3 0.414050 0.320300 0.064040 0.056210
7 0.323410 0.326530 0.087480 0.078100
3 0.232780 0.323410 0.087480 0.074980
8 0.126530 0.314030 0.079650 0.078100
9 0.684370 0.414050 0.076540 0.078100
10 0.509360 0.414050 0.089040 0.087480
10 0.417170 0.412500 0.082760 0.082760
7 0.320300 0.410890 0.081210 0.070270
5 0.226550 0.412500 0.079650 0.093710
11 0.128080 0.410890 0.074980 0.085920
5 0.507800 0.510920 0.081210 0.078100
8 0.414050 0.509360 0.078100 0.084370
9 0.317190 0.501530 0.076540 0.076540
11 0.234380 0.506250 0.092150 0.085920
6 0.221840 0.593730 0.076540 0.076540
2 0.329690 0.600000 0.092150 0.095310
2 0.409340 0.593730 0.056210 0.070270
5 0.606230 0.224990 0.070270 0.078100
