1 0.203110 0.318750 0.073430 0.104650
2 0.228110 0.228110 0.056210 0.071870
2 0.754680 0.624990 0.064040 0.085920
0 0.648430 0.542180 0.056210 0.081210
5 0.251540 0.195280 0.045270 0.067150
3 0.196840 0.617170 0.057770 0.057770
3 0.235930 0.471870 0.049990 0.062490
3 0.276540 0.335910 0.040600 0.060930
3 0.298420 0.298420 0.035930 0.056210
3 0.307800 0.240600 0.034380 0.057770
3 0.317190 0.196840 0.031220 0.056210
9 0.676540 0.631220 0.048430 0.059330
9 0.629660 0.479650 0.037490 0.059330
9 0.624990 0.290590 0.032780 0.056210
9 0.618720 0.253100 0.029660 0.053100
9 0.620280 0.210890 0.028110 0.051540
7 0.706250 0.320300 0.064040 0.112470
