5 0.229660 0.790620 0.082760 0.073430
5 0.293710 0.379670 0.053100 0.074980
4 0.279650 0.501530 0.081210 0.099980
1 0.298420 0.309360 0.062490 0.099980
3 0.434380 0.765580 0.043720 0.053100
3 0.432780 0.684370 0.046880 0.059330
3 0.354680 0.585900 0.046880 0.057770
3 0.389060 0.317190 0.032780 0.054660
3 0.384340 0.276540 0.035930 0.054660
3 0.593730 0.367180 0.037490 0.059330
2 0.528080 0.506250 0.053100 0.071870
2 0.620280 0.490590 0.051540 0.087480
8 0.528080 0.432780 0.051540 0.081210
8 0.598400 0.428110 0.048430 0.073430
9 0.648430 0.253100 0.032780 0.059330
9 0.767180 0.748410 0.054660 0.057770
9 0.842160 0.637490 0.062490 0.062490
9 0.818720 0.565620 0.054660 0.060930
9 0.698420 0.492150 0.043720 0.060930
9 0.749970 0.367180 0.042160 0.059330
9 0.739020 0.304650 0.035930 0.057770
11 0.840600 0.346850 0.059330 0.070270
11 0.976520 0.757790 0.046880 0.065600
10 0.887480 0.457770 0.093710 0.107800
7 0.818720 0.274980 0.076540 0.115590
