9 0.229660 0.121860 0.070270 0.082760
9 0.228110 0.237490 0.079650 0.074980
9 0.418720 0.231220 0.084370 0.074980
9 0.410890 0.324970 0.062490 0.062490
9 0.604670 0.310920 0.068710 0.076540
9 0.328080 0.412500 0.068710 0.067150
9 0.420280 0.404670 0.062490 0.065600
9 0.695310 0.420280 0.062490 0.064040
9 0.135910 0.520300 0.082760 0.070270
9 0.329690 0.503090 0.060930 0.071870
9 0.414050 0.506250 0.064040 0.065600
9 0.343740 0.699980 0.070270 0.076540
9 0.524970 0.685920 0.073430 0.070270
9 0.415610 0.812500 0.068710 0.073430
9 0.614050 0.798400 0.073430 0.081210
3 0.399950 0.124970 0.071870 0.081210
3 0.515590 0.137470 0.081210 0.085920
3 0.789060 0.121860 0.074980 0.076540
3 0.134360 0.231220 0.079650 0.064040
3 0.317190 0.321860 0.070270 0.067150
3 0.785900 0.315590 0.074980 0.070270
3 0.514030 0.335910 0.064040 0.068710
3 0.512470 0.440600 0.079650 0.076540
3 0.509360 0.521860 0.067150 0.070270
3 0.139020 0.610890 0.081210 0.064040
3 0.329690 0.606230 0.065600 0.065600
3 0.414050 0.621840 0.068710 0.070270
3 0.139020 0.814050 0.085920 0.076540
3 0.321860 0.798400 0.065600 0.073430
3 0.779670 0.782790 0.084370 0.082760
