11 0.710920 0.142180 0.109360 0.115590
11 0.593730 0.285920 0.087480 0.096860
10 0.504650 0.409340 0.093710 0.085920
8 0.496860 0.292150 0.090590 0.095310
8 0.717190 0.462490 0.118750 0.081210
8 0.714030 0.562460 0.123410 0.074980
8 0.614050 0.678100 0.096860 0.098420
7 0.382790 0.149970 0.098420 0.149970
5 0.415610 0.585900 0.074980 0.087480
5 0.393730 0.403110 0.076540 0.078100
4 0.578120 0.159350 0.114030 0.143740
2 0.603110 0.473430 0.082760 0.081210
1 0.518750 0.779670 0.093710 0.143740
1 0.518750 0.589060 0.095310 0.128080
2 0.382790 0.303090 0.087480 0.098420
