7 0.646830 0.195280 0.167180 0.187460
7 0.378120 0.815610 0.135910 0.200000
10 0.499980 0.339020 0.126530 0.134360
6 0.356240 0.334360 0.103090 0.114030
5 0.514030 0.223440 0.112470 0.131240
5 0.374960 0.654660 0.115590 0.118750
0 0.328080 0.164020 0.104650 0.140580
1 0.521860 0.821840 0.140580 0.198400
4 0.651540 0.364020 0.157790 0.134360
2 0.634380 0.628110 0.112470 0.117190
4 0.359350 0.479650 0.115590 0.115590
8 0.628110 0.782790 0.128080 0.124970
11 0.512470 0.637490 0.109360 0.117190
10 0.504650 0.496860 0.139020 0.117190
