4 0.740580 0.801560 0.114030 0.114030
0 0.389060 0.234380 0.067150 0.085920
0 0.649990 0.709360 0.067150 0.068710
1 0.814050 0.378120 0.110920 0.087480
1 0.557790 0.449990 0.078100 0.074980
2 0.314030 0.821840 0.085920 0.079650
2 0.796840 0.623440 0.082760 0.065600
3 0.390620 0.629660 0.057770 0.051540
4 0.471870 0.621840 0.060930 0.067150
5 0.303090 0.628110 0.074980 0.064040
5 0.810890 0.707800 0.093710 0.071870
5 0.615610 0.282760 0.070270 0.087480
0 0.560910 0.709360 0.065600 0.070270
11 0.724970 0.709360 0.078100 0.081210
10 0.289040 0.717190 0.098420 0.089040
10 0.645270 0.800000 0.082760 0.107800
9 0.465600 0.246880 0.056210 0.065600
8 0.385900 0.318750 0.067150 0.078100
8 0.776520 0.534360 0.087480 0.071870
8 0.724970 0.629660 0.082760 0.065600
8 0.460930 0.812500 0.067150 0.093710
7 0.220280 0.485920 0.107800 0.081210
7 0.551520 0.217170 0.067150 0.117190
6 0.228110 0.656210 0.089040 0.062490
6 0.812500 0.807780 0.085920 0.089040
