7 0.718750 0.326530 0.081210 0.087480
8 0.478100 0.235930 0.051540 0.068710
8 0.567180 0.473430 0.051540 0.051540
11 0.415610 0.379670 0.056210 0.062490
11 0.632780 0.549970 0.054660 0.048430
5 0.414050 0.459330 0.056210 0.060930
1 0.487480 0.535910 0.054660 0.056210
4 0.724970 0.490590 0.079650 0.062490
2 0.568730 0.318750 0.051540 0.062490
2 0.629660 0.714030 0.057770 0.062490
1 0.714030 0.803110 0.081210 0.096860
5 0.534360 0.790620 0.048430 0.070270
8 0.393730 0.618720 0.068710 0.051540
8 0.724970 0.645270 0.073430 0.059330
10 0.478100 0.703090 0.060930 0.081210
