5 0.423440 0.249990 0.068710 0.070270
5 0.726530 0.445270 0.065600 0.060930
5 0.368730 0.845270 0.071870 0.085920
5 0.174960 0.624990 0.082760 0.067150
5 0.749970 0.551520 0.074980 0.068710
3 0.534360 0.149970 0.053100 0.070270
3 0.618720 0.174960 0.048430 0.059330
3 0.835930 0.243720 0.062490 0.059330
3 0.243720 0.165580 0.070270 0.057770
3 0.551520 0.359350 0.054660 0.051540
3 0.618720 0.373400 0.053100 0.051540
3 0.821840 0.354680 0.059330 0.056210
3 0.173400 0.368730 0.073430 0.053100
3 0.160910 0.470270 0.067150 0.048430
3 0.367180 0.468710 0.054660 0.051540
9 0.157790 0.165580 0.079650 0.062490
9 0.362460 0.170290 0.062490 0.064040
9 0.264040 0.367180 0.067150 0.056210
9 0.634380 0.446880 0.051540 0.053100
9 0.743740 0.360910 0.057770 0.053100
9 0.831220 0.446880 0.062490 0.057770
9 0.824990 0.135910 0.065600 0.070270
9 0.643720 0.553080 0.053100 0.049990
9 0.848430 0.542180 0.065600 0.053100
9 0.835930 0.834330 0.065600 0.078100
9 0.548410 0.724970 0.051540 0.065600
9 0.453100 0.823440 0.057770 0.067150
9 0.348410 0.570290 0.062490 0.054660
9 0.176520 0.751520 0.068710 0.060930
9 0.548410 0.632780 0.053100 0.056210
2 0.454660 0.148410 0.071870 0.090590
2 0.442160 0.651540 0.065600 0.079650
2 0.637490 0.748410 0.065600 0.087480
2 0.848430 0.731240 0.073430 0.087480
3 0.554680 0.823440 0.051540 0.068710
3 0.629660 0.835930 0.051540 0.071870
3 0.348410 0.715590 0.060930 0.062490
3 0.274980 0.821840 0.067150 0.067150
5 0.734360 0.143740 0.073430 0.090590
4 0.146850 0.290590 0.124970 0.079650
4 0.737470 0.245270 0.087480 0.096860
4 0.160910 0.545300 0.121860 0.074980
1 0.453100 0.751520 0.082760 0.099980
1 0.528080 0.256210 0.074980 0.093710
1 0.548410 0.460930 0.071870 0.076540
7 0.240600 0.259370 0.114030 0.096860
7 0.445270 0.460930 0.092150 0.076540
10 0.254660 0.564020 0.101530 0.082760
10 0.259370 0.651540 0.117190 0.092150
10 0.173400 0.856210 0.114030 0.103090
7 0.245270 0.756240 0.107800 0.106250
6 0.337470 0.648430 0.070270 0.067150
6 0.542180 0.567180 0.060930 0.057770
6 0.849990 0.626550 0.076540 0.071870
6 0.749970 0.753120 0.068710 0.081210
6 0.445270 0.368730 0.067150 0.071870
6 0.340630 0.343740 0.074980 0.057770
11 0.453100 0.560910 0.067150 0.071870
11 0.621840 0.245270 0.065600 0.084370
0 0.724970 0.640600 0.065600 0.073430
0 0.639050 0.640600 0.059330 0.073430
0 0.751520 0.839050 0.062490 0.095310
0 0.270270 0.459330 0.082760 0.062490
0 0.335910 0.273430 0.074980 0.065600
