3 0.378120 0.195280 0.065600 0.071870
3 0.481210 0.187460 0.062490 0.073430
3 0.743740 0.185900 0.065600 0.078100
3 0.860930 0.209340 0.081210 0.071870
3 0.285920 0.287480 0.065600 0.067150
3 0.578120 0.289040 0.068710 0.070270
3 0.678100 0.404670 0.067150 0.067150
3 0.182790 0.481210 0.079650 0.064040
3 0.584340 0.489040 0.057770 0.065600
3 0.254660 0.593730 0.076540 0.062490
3 0.171850 0.685920 0.082760 0.067150
3 0.670270 0.676540 0.062490 0.060930
3 0.878100 0.690590 0.081210 0.062490
3 0.376520 0.746850 0.068710 0.064040
3 0.384340 0.895310 0.068710 0.074980
9 0.160910 0.882760 0.081210 0.081210
9 0.581230 0.885920 0.071870 0.065600
9 0.890590 0.898420 0.090590 0.079650
9 0.589060 0.767180 0.074980 0.070270
9 0.557790 0.679650 0.065600 0.067150
9 0.759350 0.562460 0.071870 0.057770
9 0.557790 0.581230 0.065600 0.067150
9 0.385900 0.582790 0.062490 0.062490
9 0.478100 0.484370 0.059330 0.062490
9 0.874980 0.481210 0.079650 0.067150
9 0.878100 0.371850 0.082760 0.062490
9 0.774960 0.387460 0.071870 0.062490
9 0.274980 0.378120 0.070270 0.064040
9 0.168730 0.295310 0.076540 0.067150
9 0.576520 0.184340 0.057770 0.076540
