1 0.481210 0.524970 0.073430 0.073430
4 0.314030 0.360910 0.067150 0.068710
4 0.335910 0.717190 0.065600 0.103090
2 0.231220 0.078100 0.073430 0.109360
2 0.643720 0.195280 0.073430 0.078100
0 0.474980 0.268710 0.056210 0.062490
5 0.646830 0.439050 0.074980 0.049990
5 0.726530 0.295310 0.082760 0.062490
7 0.307800 0.257770 0.071870 0.090590
7 0.398400 0.084370 0.068710 0.118750
10 0.718750 0.501530 0.104650 0.068710
10 0.806230 0.203110 0.117190 0.085920
8 0.226550 0.359350 0.068710 0.064040
8 0.560910 0.096860 0.068710 0.093710
8 0.637490 0.684370 0.068710 0.079650
11 0.562460 0.364020 0.076540 0.056210
11 0.407780 0.601560 0.054660 0.068710
6 0.237490 0.615610 0.062490 0.070270
6 0.390620 0.451540 0.049990 0.053100
