7 0.795280 0.767180 0.107800 0.096860
7 0.396840 0.796840 0.076540 0.098420
10 0.693710 0.607780 0.087480 0.076540
10 0.303090 0.696860 0.087480 0.079650
1 0.214050 0.798400 0.099980 0.098420
4 0.465600 0.696860 0.064040 0.081210
4 0.617170 0.695310 0.073430 0.085920
10 0.696860 0.604670 0.087480 0.078100
10 0.303090 0.696860 0.089040 0.084370
7 0.396840 0.793730 0.082760 0.109360
7 0.796840 0.767180 0.118750 0.104650
4 0.618720 0.695310 0.079650 0.099980
4 0.464040 0.696860 0.071870 0.084370
1 0.212500 0.796840 0.107800 0.099980
