3 0.853100 0.114030 0.079650 0.090590
3 0.109360 0.124970 0.087480 0.082760
3 0.349970 0.217170 0.076540 0.082760
3 0.445270 0.329690 0.070270 0.070270
3 0.331240 0.320300 0.081210 0.070270
3 0.217170 0.335910 0.074980 0.079650
3 0.453100 0.537470 0.068710 0.065600
3 0.342180 0.539020 0.067150 0.065600
3 0.653100 0.535910 0.065600 0.076540
3 0.864040 0.640600 0.081210 0.076540
3 0.242160 0.657770 0.074980 0.071870
3 0.118750 0.645270 0.096860 0.070270
3 0.903090 0.860930 0.081210 0.087480
3 0.689040 0.740580 0.070270 0.071870
3 0.459330 0.746850 0.067150 0.071870
9 0.867150 0.315590 0.081210 0.068710
9 0.756240 0.414050 0.076540 0.073430
9 0.773400 0.526530 0.078100 0.067150
9 0.779670 0.728080 0.071870 0.079650
9 0.543740 0.407780 0.067150 0.070270
9 0.539020 0.320300 0.067150 0.076540
9 0.659370 0.304650 0.070270 0.074980
9 0.562460 0.743740 0.065600 0.078100
9 0.448430 0.640600 0.060930 0.064040
9 0.214050 0.449990 0.082760 0.071870
9 0.346850 0.746850 0.071870 0.076540
9 0.698420 0.854660 0.067150 0.073430
9 0.796840 0.865600 0.078100 0.076540
9 0.568730 0.867150 0.064040 0.078100
9 0.471870 0.857770 0.059330 0.076540
