0 0.798400 0.360910 0.079650 0.059330
0 0.803110 0.507800 0.081210 0.065600
0 0.549970 0.593730 0.057770 0.059330
1 0.795280 0.196840 0.107800 0.093710
1 0.493710 0.603110 0.059330 0.079650
2 0.471870 0.218720 0.059330 0.076540
2 0.324970 0.312470 0.068710 0.070270
3 0.635930 0.285920 0.048430 0.056210
4 0.221840 0.310920 0.103090 0.078100
4 0.634380 0.524970 0.071870 0.071870
5 0.278100 0.673430 0.074980 0.070270
5 0.368730 0.771850 0.068710 0.076540
5 0.645270 0.746850 0.076540 0.078100
11 0.256210 0.479650 0.078100 0.056210
10 0.482760 0.376520 0.065600 0.065600
10 0.495310 0.770290 0.059330 0.099980
9 0.646830 0.596840 0.053100 0.059330
8 0.403110 0.381230 0.068710 0.067150
8 0.240600 0.399950 0.071870 0.064040
8 0.232780 0.231220 0.071870 0.074980
8 0.426550 0.542180 0.053100 0.064040
7 0.648430 0.370290 0.079650 0.070270
7 0.320300 0.220280 0.085920 0.098420
6 0.562460 0.449990 0.057770 0.059330
6 0.785900 0.284370 0.085920 0.062490
