0 0.174960 0.435930 0.096860 0.078100
0 0.535910 0.278100 0.071870 0.081210
0 0.724970 0.290590 0.070270 0.081210
1 0.374960 0.762460 0.085920 0.107800
1 0.857770 0.642160 0.118750 0.104650
2 0.187460 0.549970 0.090590 0.078100
2 0.659370 0.203110 0.070270 0.093710
4 0.360910 0.179670 0.081210 0.118750
4 0.454660 0.557790 0.081210 0.082760
5 0.168730 0.754680 0.085920 0.081210
5 0.559350 0.462490 0.070270 0.074980
5 0.653100 0.714030 0.071870 0.090590
5 0.843720 0.837490 0.092150 0.104650
11 0.260930 0.842160 0.085920 0.096860
11 0.742180 0.834330 0.085920 0.103090
10 0.464040 0.356240 0.071870 0.101530
10 0.462490 0.824990 0.081210 0.115590
9 0.285920 0.282760 0.070270 0.070270
9 0.668710 0.362460 0.074980 0.078100
9 0.815610 0.368730 0.071870 0.089040
9 0.829660 0.734360 0.067150 0.071870
8 0.279650 0.367180 0.085920 0.085920
8 0.285920 0.634380 0.081210 0.082760
8 0.656210 0.824990 0.071870 0.085920
8 0.835930 0.274980 0.092150 0.081210
7 0.465600 0.173400 0.082760 0.121860
7 0.460930 0.639050 0.082760 0.081210
6 0.176520 0.201560 0.082760 0.096860
6 0.174960 0.649990 0.085920 0.081210
6 0.462490 0.448430 0.070270 0.070270
6 0.568730 0.537470 0.067150 0.074980
