4 0.179670 0.210890 0.103090 0.082760
6 0.282760 0.215610 0.067150 0.068710
6 0.371850 0.214050 0.054660 0.073430
7 0.454660 0.209340 0.062490 0.099980
7 0.604670 0.193730 0.064040 0.095310
3 0.684370 0.215610 0.051540 0.054660
5 0.774960 0.206230 0.070270 0.065600
5 0.217170 0.285920 0.053100 0.056210
1 0.285920 0.292150 0.082760 0.071870
3 0.465600 0.315590 0.043720 0.048430
9 0.535910 0.299980 0.042160 0.049990
1 0.203110 0.371850 0.101530 0.065600
4 0.290590 0.374960 0.082760 0.070270
9 0.528080 0.374960 0.045270 0.045270
3 0.682760 0.376520 0.049990 0.046880
11 0.774960 0.367180 0.073430 0.054660
2 0.214050 0.459330 0.081210 0.060930
9 0.304650 0.474980 0.057770 0.040600
2 0.445270 0.467150 0.051540 0.056210
0 0.532800 0.454660 0.049990 0.053100
11 0.690590 0.445270 0.067150 0.051540
5 0.764020 0.457770 0.071870 0.054660
5 0.537470 0.539020 0.049990 0.054660
9 0.690590 0.537470 0.056210 0.048430
10 0.785900 0.526530 0.098420 0.065600
0 0.206230 0.614050 0.070270 0.057770
8 0.448430 0.614050 0.053100 0.065600
8 0.612500 0.600000 0.062490 0.056210
6 0.310920 0.689040 0.067150 0.060930
6 0.457770 0.703090 0.056210 0.070270
10 0.623440 0.687480 0.073430 0.081210
3 0.776520 0.674980 0.060930 0.043720
8 0.215610 0.784340 0.068710 0.073430
8 0.378120 0.782790 0.059330 0.070270
0 0.706250 0.751520 0.060930 0.067150
9 0.767180 0.756240 0.054660 0.056210
