7 0.431220 0.203110 0.131240 0.164020
7 0.442160 0.640600 0.126530 0.131240
7 0.456210 0.795280 0.126530 0.182790
1 0.289040 0.339020 0.135910 0.142180
4 0.296860 0.514030 0.126530 0.109360
4 0.310920 0.789060 0.107800 0.171850
2 0.310920 0.646830 0.099980 0.107800
0 0.568730 0.748410 0.107800 0.118750
11 0.567180 0.359350 0.123410 0.129690
10 0.573400 0.614050 0.140580 0.126530
5 0.426550 0.334360 0.085920 0.109360
5 0.579670 0.198400 0.104650 0.132800
8 0.449990 0.493710 0.093710 0.104650
6 0.567180 0.510920 0.106250 0.078100
