7 0.354680 0.287480 0.073430 0.084370
7 0.332800 0.767180 0.073430 0.101530
10 0.335910 0.362460 0.071870 0.073430
10 0.342180 0.520300 0.068710 0.071870
4 0.342180 0.445270 0.057770 0.062490
4 0.340630 0.596840 0.064040 0.076540
1 0.351520 0.678100 0.057770 0.082760
10 0.337470 0.360910 0.076540 0.079650
10 0.339020 0.517190 0.073430 0.076540
7 0.354680 0.284370 0.082760 0.087480
7 0.331240 0.770290 0.081210 0.107800
1 0.349970 0.678100 0.070270 0.081210
4 0.342180 0.449990 0.076540 0.071870
4 0.340630 0.598400 0.070270 0.081210
