11 0.760910 0.603110 0.071870 0.060930
10 0.200000 0.374960 0.098420 0.067150
10 0.767180 0.446880 0.093710 0.062490
9 0.598400 0.204670 0.048430 0.059330
8 0.371850 0.381230 0.060930 0.065600
8 0.524970 0.592170 0.060930 0.059330
8 0.378120 0.770290 0.067150 0.079650
8 0.595280 0.773400 0.059330 0.081210
7 0.204670 0.210890 0.101530 0.092150
7 0.200000 0.689040 0.101530 0.085920
6 0.451540 0.465600 0.056210 0.049990
6 0.442160 0.207780 0.053100 0.079650
5 0.512470 0.206230 0.054660 0.084370
5 0.751520 0.379670 0.073430 0.059330
4 0.198400 0.548410 0.099980 0.071870
4 0.289040 0.790620 0.082760 0.103090
3 0.584340 0.529690 0.051540 0.042160
2 0.596840 0.682760 0.059330 0.070270
2 0.585900 0.443720 0.060930 0.056210
1 0.671870 0.462490 0.085920 0.067150
0 0.673430 0.198400 0.062490 0.073430
0 0.746850 0.287480 0.073430 0.064040
0 0.598400 0.303090 0.062490 0.067150
1 0.282760 0.707800 0.084370 0.087480
5 0.754680 0.757790 0.073430 0.079650
