0 0.348410 0.503090 0.068710 0.068710
1 0.192170 0.345300 0.112470 0.089040
1 0.771850 0.603110 0.099980 0.076540
2 0.503090 0.603110 0.068710 0.071870
2 0.573400 0.264040 0.060930 0.092150
3 0.453100 0.279650 0.049990 0.064040
3 0.193730 0.173400 0.074980 0.070270
4 0.181230 0.589060 0.110920 0.076540
4 0.768730 0.604670 0.107800 0.081210
4 0.606230 0.682760 0.084370 0.085920
5 0.353120 0.767180 0.071870 0.081210
5 0.770290 0.689040 0.085920 0.070270
11 0.345300 0.243720 0.064040 0.087480
11 0.762460 0.262490 0.084370 0.082760
10 0.362460 0.176520 0.082760 0.112470
10 0.345300 0.600000 0.087480 0.079650
9 0.265600 0.679650 0.065600 0.070270
9 0.592170 0.754680 0.059330 0.070270
8 0.670270 0.584340 0.062490 0.074980
8 0.598400 0.520300 0.071870 0.067150
8 0.189060 0.501530 0.093710 0.078100
6 0.771850 0.770290 0.081210 0.078100
6 0.539020 0.424990 0.060930 0.068710
8 0.364020 0.424990 0.074980 0.071870
7 0.609340 0.149970 0.087480 0.128080
7 0.432780 0.692150 0.079650 0.099980
