0 0.409340 0.167180 0.071870 0.085920
0 0.407780 0.507800 0.065600 0.059330
2 0.240600 0.342180 0.070270 0.067150
2 0.560910 0.659370 0.074980 0.085920
1 0.578120 0.517190 0.084370 0.078100
4 0.565620 0.173400 0.084370 0.099980
5 0.470270 0.753120 0.059330 0.085920
5 0.484370 0.556240 0.051540 0.067150
7 0.489040 0.253100 0.067150 0.096860
7 0.240600 0.678100 0.090590 0.099980
10 0.249990 0.160910 0.093710 0.110920
10 0.245270 0.506250 0.096860 0.074980
8 0.328080 0.592170 0.065600 0.074980
8 0.579670 0.346850 0.067150 0.076540
8 0.648430 0.479650 0.065600 0.076540
6 0.323410 0.256210 0.065600 0.081210
6 0.648430 0.662490 0.070270 0.071870
11 0.731240 0.348410 0.085920 0.071870
11 0.793730 0.179670 0.084370 0.073430
