1 0.514030 0.524970 0.059330 0.067150
1 0.418720 0.604670 0.068710 0.081210
4 0.249990 0.595280 0.092150 0.074980
5 0.409340 0.434380 0.057770 0.057770
5 0.496860 0.281210 0.054660 0.073430
8 0.499980 0.442160 0.056210 0.057770
8 0.328080 0.201560 0.073430 0.085920
2 0.257770 0.281210 0.073430 0.065600
8 0.581230 0.354680 0.057770 0.057770
8 0.570290 0.582790 0.057770 0.062490
7 0.342180 0.685920 0.084370 0.090590
10 0.326530 0.360910 0.085920 0.078100
11 0.264040 0.448430 0.071870 0.056210
11 0.339020 0.517190 0.067150 0.053100
2 0.257770 0.756240 0.082760 0.076540
