1 0.549970 0.312470 0.073430 0.081210
1 0.559350 0.373400 0.065600 0.084370
2 0.707800 0.657770 0.084370 0.071870
2 0.478100 0.470270 0.062490 0.059330
4 0.699980 0.379670 0.090590 0.084370
5 0.695310 0.318750 0.070270 0.064040
5 0.707800 0.532800 0.085920 0.062490
7 0.639050 0.748410 0.085920 0.095310
8 0.339020 0.387460 0.057770 0.078100
8 0.684370 0.228110 0.068710 0.087480
8 0.482760 0.668710 0.059330 0.078100
8 0.270270 0.539020 0.068710 0.068710
10 0.326530 0.607780 0.082760 0.067150
11 0.282760 0.743740 0.068710 0.074980
11 0.620280 0.470270 0.068710 0.062490
