7 0.184340 0.214050 0.087480 0.087480
4 0.537470 0.234380 0.078100 0.090590
7 0.795280 0.246880 0.078100 0.087480
2 0.437490 0.495310 0.078100 0.085920
4 0.782790 0.507800 0.084370 0.082760
1 0.264040 0.484370 0.084370 0.085920
3 0.168730 0.567180 0.079650 0.089040
11 0.259370 0.573400 0.085920 0.089040
6 0.345300 0.576520 0.081210 0.089040
8 0.432780 0.579670 0.076540 0.087480
2 0.518750 0.584340 0.076540 0.087480
9 0.690590 0.592170 0.081210 0.089040
8 0.164020 0.656210 0.082760 0.093710
5 0.428110 0.668710 0.082760 0.092150
9 0.600000 0.674980 0.082760 0.092150
3 0.773400 0.684370 0.082760 0.090590
8 0.334360 0.754680 0.078100 0.092150
8 0.510920 0.760910 0.082760 0.089040
10 0.146850 0.835930 0.062490 0.089040
5 0.232780 0.839050 0.060930 0.087480
11 0.331240 0.845270 0.074980 0.082760
6 0.420280 0.848430 0.076540 0.092150
0 0.682760 0.856210 0.082760 0.092150
10 0.770290 0.860930 0.084370 0.087480
1 0.504650 0.851540 0.079650 0.089040
