10 0.481210 0.220280 0.096860 0.182790
10 0.489040 0.453100 0.092150 0.135910
7 0.362460 0.728080 0.128080 0.129690
7 0.748410 0.576520 0.149970 0.104650
11 0.367180 0.471870 0.106250 0.101530
11 0.614050 0.685920 0.109360 0.098420
8 0.368730 0.374960 0.096860 0.104650
8 0.723410 0.453100 0.089040 0.107800
6 0.239050 0.473430 0.107800 0.084370
6 0.223440 0.732800 0.114030 0.081210
4 0.217170 0.600000 0.157790 0.095310
1 0.765580 0.706250 0.153120 0.103090
2 0.368730 0.592170 0.095310 0.081210
2 0.699980 0.339020 0.085920 0.112470
5 0.228110 0.351520 0.110920 0.112470
5 0.596840 0.334360 0.076540 0.117190
3 0.496860 0.589060 0.068710 0.073430
4 0.617170 0.573400 0.104650 0.098420
