1 0.690590 0.268710 0.093710 0.110920
1 0.470270 0.689040 0.076540 0.092150
2 0.629660 0.521860 0.076540 0.073430
2 0.589060 0.179670 0.084370 0.101530
4 0.204670 0.543740 0.110920 0.085920
5 0.303090 0.696860 0.087480 0.082760
5 0.590620 0.796840 0.078100 0.103090
7 0.812500 0.768730 0.123410 0.117190
8 0.781230 0.434380 0.093710 0.082760
8 0.359350 0.443720 0.067150 0.087480
8 0.226550 0.784340 0.104650 0.089040
8 0.399950 0.779670 0.079650 0.079650
10 0.440600 0.203110 0.073430 0.110920
11 0.456210 0.360910 0.067150 0.071870
11 0.532800 0.434380 0.065600 0.081210
