11 0.546850 0.339020 0.076540 0.068710
11 0.445270 0.415610 0.062490 0.074980
10 0.523410 0.495310 0.073430 0.082760
8 0.376520 0.512470 0.071870 0.060930
8 0.214050 0.182790 0.085920 0.098420
8 0.617170 0.749970 0.076540 0.076540
8 0.462490 0.574960 0.074980 0.067150
7 0.610890 0.584340 0.084370 0.079650
5 0.615610 0.429660 0.062490 0.079650
5 0.692150 0.507800 0.079650 0.073430
4 0.299980 0.256210 0.096860 0.098420
2 0.526530 0.682760 0.067150 0.090590
2 0.684370 0.653100 0.082760 0.073430
1 0.367180 0.343740 0.082760 0.090590
1 0.773400 0.739020 0.109360 0.109360
