1 0.870270 0.776520 0.117190 0.107800
1 0.607780 0.793730 0.073430 0.110920
4 0.287480 0.793730 0.090590 0.107800
2 0.595280 0.206230 0.059330 0.084370
2 0.699980 0.617170 0.073430 0.076540
5 0.776520 0.296860 0.079650 0.071870
5 0.851540 0.604670 0.087480 0.065600
7 0.268710 0.212500 0.099980 0.106250
10 0.864040 0.189060 0.118750 0.106250
8 0.624990 0.307800 0.062490 0.074980
8 0.865600 0.443720 0.101530 0.064040
8 0.296860 0.478100 0.073430 0.059330
8 0.543740 0.782790 0.059330 0.079650
11 0.310920 0.629660 0.071870 0.068710
11 0.439050 0.220280 0.059330 0.081210
