3 0.156240 0.129690 0.067150 0.079650
3 0.267150 0.151520 0.065600 0.079650
3 0.446880 0.148410 0.057770 0.081210
3 0.637490 0.143740 0.065600 0.078100
3 0.748410 0.153120 0.074980 0.071870
3 0.834330 0.159350 0.079650 0.065600
3 0.849990 0.245270 0.082760 0.059330
3 0.849990 0.335910 0.085920 0.059330
3 0.845270 0.420280 0.079650 0.057770
3 0.831220 0.526530 0.087480 0.062490
3 0.831220 0.624990 0.076540 0.060930
3 0.826550 0.704650 0.074980 0.070270
3 0.848430 0.810890 0.079650 0.078100
3 0.654660 0.809340 0.067150 0.089040
3 0.173400 0.803110 0.082760 0.076540
9 0.385900 0.351520 0.056210 0.056210
9 0.471870 0.242160 0.056210 0.060930
9 0.557790 0.240600 0.059330 0.062490
9 0.470270 0.340630 0.054660 0.057770
9 0.560910 0.337470 0.051540 0.049990
9 0.643720 0.356240 0.057770 0.056210
9 0.651540 0.426550 0.056210 0.051540
9 0.571850 0.435930 0.051540 0.053100
9 0.462490 0.431220 0.056210 0.049990
9 0.373400 0.431220 0.054660 0.054660
9 0.370290 0.529690 0.049990 0.056210
9 0.465600 0.535910 0.057770 0.053100
9 0.568730 0.534360 0.053100 0.054660
9 0.648430 0.531240 0.059330 0.059330
9 0.553080 0.617170 0.054660 0.056210
