11 0.098420 0.632780 0.085920 0.073430
11 0.235930 0.357790 0.056210 0.070270
7 0.265600 0.278100 0.068710 0.107800
10 0.464040 0.353120 0.054660 0.103090
8 0.414050 0.309360 0.048430 0.074980
9 0.626550 0.331240 0.034380 0.059330
9 0.348410 0.317190 0.039050 0.056210
9 0.346850 0.260930 0.034380 0.056210
9 0.376520 0.220280 0.032780 0.054660
9 0.449990 0.428110 0.037490 0.059330
9 0.206230 0.624990 0.057770 0.056210
9 0.221840 0.564020 0.054660 0.056210
9 0.281210 0.485920 0.048430 0.056210
3 0.589060 0.617170 0.042160 0.060930
3 0.665600 0.724970 0.049990 0.060930
3 0.676540 0.535910 0.042160 0.059330
3 0.690590 0.398400 0.037490 0.059330
3 0.634380 0.290590 0.031220 0.057770
3 0.699980 0.240600 0.034380 0.060930
0 0.626550 0.232780 0.035930 0.079650
5 0.764020 0.248430 0.048430 0.076540
5 0.767180 0.542180 0.064040 0.081210
4 0.765580 0.385900 0.073430 0.110920
1 0.784340 0.624990 0.089040 0.104650
