6 0.195280 0.332800 0.046880 0.073430
0 0.496860 0.521860 0.040600 0.065600
1 0.296860 0.643720 0.067150 0.085920
7 0.651540 0.373400 0.062490 0.093710
2 0.078100 0.140580 0.035930 0.031220
8 0.621840 0.457770 0.046880 0.070270
3 0.392170 0.473430 0.034380 0.054660
3 0.364020 0.568730 0.039050 0.051540
3 0.376520 0.623440 0.039050 0.048430
3 0.410890 0.712470 0.045270 0.049990
9 0.496860 0.379670 0.029660 0.049990
9 0.506250 0.271870 0.028110 0.048430
9 0.521860 0.212500 0.026550 0.049990
9 0.717190 0.503090 0.043720 0.046880
9 0.762460 0.562460 0.049990 0.048430
11 0.815610 0.524970 0.064040 0.059330
