6 0.182790 0.203110 0.092150 0.082760
4 0.195280 0.289040 0.106250 0.089040
1 0.378120 0.285920 0.081210 0.098420
7 0.470270 0.196840 0.073430 0.106250
4 0.832780 0.187460 0.106250 0.114030
2 0.824990 0.303090 0.082760 0.079650
9 0.554680 0.310920 0.053100 0.060930
9 0.657770 0.292150 0.056210 0.060930
5 0.376520 0.389060 0.065600 0.070270
10 0.657770 0.460930 0.082760 0.081210
11 0.478100 0.481210 0.057770 0.059330
9 0.381230 0.553080 0.049990 0.049990
9 0.557790 0.559350 0.051540 0.054660
8 0.181230 0.568730 0.087480 0.064040
0 0.281210 0.482760 0.067150 0.064040
8 0.729690 0.543740 0.076540 0.070270
7 0.835930 0.546850 0.114030 0.085920
8 0.653100 0.648430 0.068710 0.070270
0 0.742180 0.653100 0.073430 0.074980
11 0.468710 0.645270 0.057770 0.065600
8 0.381230 0.718750 0.071870 0.078100
6 0.285920 0.634380 0.078100 0.067150
5 0.189060 0.740580 0.087480 0.074980
5 0.181230 0.828110 0.082760 0.082760
1 0.276540 0.845270 0.089040 0.117190
6 0.368730 0.832780 0.070270 0.089040
2 0.560910 0.828110 0.081210 0.093710
5 0.660930 0.740580 0.079650 0.078100
0 0.728080 0.840600 0.079650 0.092150
6 0.643720 0.832780 0.068710 0.085920
10 0.834330 0.753120 0.114030 0.101530
