4 0.737470 0.798400 0.098420 0.099980
1 0.270270 0.849990 0.096860 0.110920
2 0.184340 0.662490 0.093710 0.064040
5 0.529690 0.634380 0.053100 0.054660
8 0.814050 0.773400 0.093710 0.067150
10 0.465600 0.826550 0.064040 0.107800
10 0.642160 0.807780 0.085920 0.106250
8 0.357790 0.567180 0.071870 0.059330
8 0.709360 0.614050 0.078100 0.059330
8 0.424990 0.240600 0.059330 0.074980
7 0.615610 0.549970 0.074980 0.062490
5 0.503090 0.371850 0.049990 0.067150
4 0.795280 0.542180 0.109360 0.060930
2 0.520300 0.551520 0.054660 0.054660
0 0.173400 0.428110 0.082760 0.057770
1 0.245270 0.320300 0.098420 0.096860
