5 0.574960 0.404670 0.053100 0.057770
5 0.295310 0.559350 0.062490 0.057770
4 0.210890 0.187460 0.085920 0.112470
2 0.701530 0.193730 0.067150 0.081210
2 0.196840 0.701530 0.074980 0.068710
1 0.739020 0.707800 0.089040 0.085920
1 0.432780 0.409340 0.045270 0.060930
8 0.357790 0.340630 0.062490 0.071870
8 0.573400 0.492150 0.056210 0.056210
8 0.584340 0.568730 0.054660 0.062490
8 0.431220 0.567180 0.051540 0.060930
7 0.442160 0.710920 0.067150 0.081210
10 0.668710 0.273430 0.082760 0.081210
11 0.221840 0.479650 0.062490 0.054660
11 0.714030 0.498420 0.068710 0.054660
