11 0.456210 0.437490 0.074980 0.070270
11 0.274980 0.539020 0.085920 0.078100
10 0.449990 0.235930 0.082760 0.110920
10 0.662490 0.837490 0.112470 0.137470
9 0.834330 0.221840 0.070270 0.067150
9 0.351520 0.357790 0.060930 0.060930
9 0.848430 0.721860 0.082760 0.074980
9 0.156240 0.745300 0.085920 0.078100
8 0.154680 0.151520 0.099980 0.093710
8 0.274980 0.256210 0.092150 0.085920
8 0.556240 0.231220 0.085920 0.118750
8 0.843720 0.612500 0.082760 0.089040
7 0.559350 0.631220 0.090590 0.093710
7 0.474980 0.823440 0.096860 0.121860
6 0.149970 0.345300 0.090590 0.085920
6 0.456210 0.339020 0.081210 0.082760
6 0.465600 0.521860 0.078100 0.074980
6 0.748410 0.507800 0.089040 0.081210
5 0.640600 0.428110 0.074980 0.078100
5 0.156240 0.524970 0.099980 0.071870
5 0.157790 0.843720 0.092150 0.089040
5 0.864040 0.823440 0.112470 0.104650
4 0.632780 0.332800 0.096860 0.093710
4 0.360910 0.849990 0.085920 0.112470
2 0.740580 0.324970 0.074980 0.089040
2 0.349970 0.721860 0.093710 0.089040
1 0.640600 0.528080 0.101530 0.093710
1 0.757790 0.617170 0.107800 0.090590
0 0.362460 0.135910 0.082760 0.104650
0 0.746850 0.231220 0.085920 0.085920
0 0.870270 0.423440 0.099980 0.074980
