3 0.310920 0.148410 0.081210 0.084370
3 0.414050 0.132800 0.074980 0.089040
3 0.692150 0.129690 0.073430 0.079650
3 0.810890 0.145300 0.089040 0.081210
3 0.212500 0.245270 0.089040 0.079650
3 0.518750 0.234380 0.074980 0.084370
3 0.629660 0.351520 0.071870 0.081210
3 0.117190 0.451540 0.087480 0.070270
3 0.535910 0.445270 0.081210 0.068710
3 0.196840 0.570290 0.096860 0.068710
3 0.112470 0.664040 0.099980 0.078100
3 0.639050 0.634380 0.076540 0.070270
3 0.848430 0.645270 0.085920 0.067150
3 0.332800 0.718750 0.070270 0.067150
3 0.342180 0.870270 0.070270 0.073430
9 0.515590 0.134360 0.078100 0.090590
9 0.092150 0.259370 0.084370 0.078100
9 0.204670 0.340630 0.084370 0.070270
9 0.729690 0.332800 0.081210 0.074980
9 0.828110 0.310920 0.082760 0.079650
9 0.426550 0.440600 0.065600 0.068710
9 0.837490 0.426550 0.095310 0.065600
9 0.329690 0.545300 0.074980 0.070270
9 0.512470 0.543740 0.067150 0.065600
9 0.720300 0.515590 0.076540 0.070270
9 0.518750 0.639050 0.070270 0.064040
9 0.548410 0.729690 0.068710 0.067150
9 0.114030 0.859370 0.084370 0.079650
9 0.543740 0.853100 0.085920 0.076540
9 0.874980 0.853100 0.085920 0.084370
