2 0.507800 0.464040 0.060930 0.060930
2 0.665600 0.464040 0.076540 0.056210
1 0.523410 0.310920 0.071870 0.085920
1 0.356240 0.624990 0.070270 0.081210
4 0.678100 0.690590 0.099980 0.081210
5 0.279650 0.296860 0.067150 0.081210
5 0.523410 0.632780 0.060930 0.064040
11 0.201560 0.381230 0.073430 0.068710
11 0.206230 0.712470 0.070270 0.076540
8 0.665600 0.551520 0.067150 0.064040
8 0.515590 0.545300 0.067150 0.062490
8 0.356240 0.470270 0.057770 0.070270
8 0.423440 0.321860 0.059330 0.062490
10 0.279650 0.551520 0.073430 0.068710
7 0.667150 0.378120 0.095310 0.081210
