7 0.246880 0.149970 0.081210 0.110920
7 0.257770 0.724970 0.078100 0.096860
8 0.396840 0.159350 0.062490 0.093710
8 0.545300 0.181230 0.071870 0.076540
8 0.621840 0.268710 0.065600 0.070270
10 0.259370 0.568730 0.068710 0.065600
10 0.396840 0.470270 0.056210 0.060930
6 0.323410 0.414050 0.049990 0.051540
6 0.456210 0.556240 0.057770 0.060930
11 0.314030 0.626550 0.057770 0.062490
11 0.682760 0.484370 0.070270 0.053100
5 0.409340 0.337470 0.049990 0.065600
5 0.549970 0.474980 0.067150 0.048430
0 0.460930 0.696860 0.059330 0.074980
4 0.549970 0.331240 0.085920 0.073430
4 0.768730 0.200000 0.106250 0.095310
2 0.326530 0.251540 0.067150 0.084370
2 0.540630 0.628110 0.060930 0.079650
1 0.615610 0.629660 0.087480 0.078100
