11 0.742180 0.823440 0.092150 0.099980
11 0.232780 0.842160 0.110920 0.101530
10 0.442160 0.137470 0.089040 0.137470
10 0.445270 0.828110 0.107800 0.096860
9 0.243720 0.251540 0.082760 0.089040
9 0.809340 0.324970 0.081210 0.071870
9 0.542180 0.639050 0.078100 0.089040
9 0.834330 0.715590 0.082760 0.078100
8 0.237490 0.335910 0.104650 0.089040
8 0.629660 0.340630 0.085920 0.085920
8 0.253100 0.634380 0.107800 0.082760
8 0.643720 0.817170 0.085920 0.085920
7 0.640600 0.237490 0.101530 0.110920
7 0.445270 0.628110 0.092150 0.082760
6 0.128080 0.168730 0.103090 0.103090
6 0.442160 0.432780 0.082760 0.085920
6 0.731240 0.514030 0.085920 0.085920
6 0.131240 0.643720 0.103090 0.085920
5 0.812500 0.431220 0.085920 0.082760
5 0.853100 0.832780 0.107800 0.099980
5 0.646830 0.701530 0.081210 0.092150
5 0.128080 0.757790 0.096860 0.085920
4 0.429660 0.537470 0.101530 0.090590
4 0.534360 0.432780 0.082760 0.096860
2 0.143740 0.537470 0.099980 0.081210
2 0.820280 0.237490 0.096860 0.101530
1 0.349970 0.760910 0.099980 0.101530
1 0.860930 0.628110 0.129690 0.096860
0 0.132800 0.421840 0.110920 0.096860
0 0.639050 0.531240 0.074980 0.078100
0 0.629660 0.140580 0.092150 0.093710
