1 0.714030 0.279650 0.087480 0.123410
4 0.318750 0.424990 0.085920 0.095310
4 0.557790 0.679650 0.074980 0.076540
2 0.639050 0.442160 0.078100 0.065600
2 0.220280 0.664040 0.087480 0.089040
0 0.707800 0.531240 0.067150 0.073430
5 0.393730 0.429660 0.059330 0.073430
5 0.482760 0.585900 0.053100 0.057770
8 0.173400 0.196840 0.078100 0.085920
8 0.321860 0.353120 0.087480 0.071870
10 0.396840 0.514030 0.065600 0.059330
10 0.296860 0.756240 0.087480 0.079650
7 0.481210 0.751520 0.065600 0.092150
7 0.651540 0.603110 0.087480 0.074980
11 0.476540 0.209340 0.064040 0.082760
11 0.309360 0.499980 0.071870 0.054660
6 0.223440 0.506250 0.070270 0.060930
6 0.556240 0.524970 0.053100 0.062490
8 0.145300 0.501530 0.084370 0.073430
