5 0.396840 0.301530 0.046880 0.064040
5 0.609340 0.512470 0.062490 0.057770
1 0.457770 0.670270 0.056210 0.067150
1 0.548410 0.378120 0.071870 0.073430
2 0.237490 0.676540 0.068710 0.078100
2 0.674980 0.596840 0.067150 0.065600
11 0.385900 0.664040 0.057770 0.067150
11 0.457770 0.456210 0.046880 0.054660
10 0.307800 0.515590 0.073430 0.084370
8 0.739020 0.237490 0.062490 0.082760
8 0.224990 0.773400 0.067150 0.084370
8 0.526530 0.674980 0.053100 0.067150
8 0.749970 0.746850 0.078100 0.070270
7 0.456210 0.756240 0.067150 0.087480
4 0.232780 0.201560 0.079650 0.109360
