3 0.229660 0.204670 0.076540 0.073430
3 0.681210 0.210890 0.064040 0.067150
3 0.860930 0.204670 0.085920 0.071870
3 0.576520 0.381230 0.059330 0.074980
3 0.662490 0.399950 0.068710 0.060930
3 0.846880 0.401560 0.076540 0.060930
3 0.484370 0.473430 0.059330 0.062490
3 0.478100 0.548410 0.057770 0.057770
3 0.206230 0.653100 0.074980 0.070270
3 0.470270 0.653100 0.067150 0.074980
3 0.656210 0.674980 0.065600 0.073430
3 0.821840 0.770290 0.060930 0.082760
3 0.198400 0.835930 0.074980 0.074980
3 0.456210 0.840600 0.057770 0.076540
3 0.565620 0.856210 0.070270 0.085920
9 0.393730 0.196840 0.065600 0.079650
9 0.585900 0.192170 0.070270 0.076540
9 0.474980 0.310920 0.070270 0.067150
9 0.648430 0.306250 0.068710 0.070270
9 0.565620 0.485920 0.065600 0.071870
9 0.656210 0.496860 0.064040 0.068710
9 0.848430 0.493710 0.076540 0.073430
9 0.296860 0.559350 0.070270 0.068710
9 0.560910 0.592170 0.065600 0.070270
9 0.656210 0.585900 0.068710 0.070270
9 0.381230 0.667150 0.074980 0.070270
9 0.567180 0.667150 0.073430 0.065600
9 0.557790 0.754680 0.065600 0.070270
9 0.735910 0.759350 0.060930 0.070270
9 0.724970 0.864040 0.062490 0.089040
