6 0.282760 0.220280 0.074980 0.070270
6 0.365580 0.220280 0.071870 0.067150
5 0.443720 0.220280 0.078100 0.074980
7 0.596840 0.220280 0.074980 0.071870
11 0.749970 0.217170 0.078100 0.067150
3 0.448430 0.299980 0.071870 0.070270
9 0.529690 0.303090 0.060930 0.073430
3 0.674980 0.293710 0.071870 0.068710
1 0.751520 0.364020 0.078100 0.060930
3 0.606230 0.371850 0.071870 0.074980
9 0.521860 0.376520 0.076540 0.065600
4 0.292150 0.378120 0.078100 0.070270
2 0.214050 0.454660 0.073430 0.071870
9 0.298420 0.456210 0.068710 0.059330
1 0.448430 0.449990 0.067150 0.062490
10 0.603110 0.449990 0.071870 0.068710
5 0.681210 0.446880 0.073430 0.073430
11 0.757790 0.446880 0.070270 0.070270
5 0.760910 0.521860 0.071870 0.064040
0 0.684370 0.526530 0.065600 0.056210
9 0.453100 0.526530 0.070270 0.057770
0 0.218720 0.606230 0.073430 0.064040
4 0.378120 0.601560 0.074980 0.065600
8 0.445270 0.603110 0.043720 0.056210
8 0.603110 0.598400 0.071870 0.070270
2 0.757790 0.601560 0.081210 0.067150
3 0.762460 0.671870 0.071870 0.056210
4 0.684370 0.671870 0.071870 0.071870
5 0.529690 0.674980 0.070270 0.068710
6 0.303090 0.679650 0.074980 0.065600
8 0.220280 0.685920 0.073430 0.065600
9 0.768730 0.749970 0.059330 0.062490
0 0.614050 0.748410 0.068710 0.071870
7 0.532800 0.754680 0.078100 0.068710
6 0.379670 0.754680 0.073430 0.071870
8 0.224990 0.759350 0.081210 0.071870
11 0.773400 0.203110 0.090590 0.098420
11 0.767180 0.445270 0.084370 0.068710
10 0.354680 0.603110 0.098420 0.079650
10 0.603110 0.443720 0.084370 0.087480
8 0.201560 0.774960 0.110920 0.079650
8 0.206230 0.698420 0.087480 0.085920
8 0.442160 0.604670 0.071870 0.067150
7 0.534360 0.778120 0.089040 0.120300
7 0.607780 0.189060 0.084370 0.118750
6 0.354680 0.203110 0.074980 0.089040
6 0.274980 0.204670 0.089040 0.095310
6 0.381230 0.767180 0.070270 0.103090
6 0.296860 0.684370 0.093710 0.076540
5 0.681210 0.429660 0.065600 0.068710
5 0.529690 0.674980 0.068710 0.087480
5 0.770290 0.517190 0.093710 0.064040
4 0.259370 0.357790 0.099980 0.090590
4 0.701530 0.687480 0.096860 0.103090
3 0.774960 0.670270 0.065600 0.067150
3 0.689040 0.273430 0.062490 0.081210
2 0.776520 0.596840 0.096860 0.073430
1 0.201560 0.454660 0.099980 0.079650
1 0.767180 0.356240 0.104650 0.085920
1 0.448430 0.454660 0.074980 0.078100
0 0.620280 0.767180 0.064040 0.092150
0 0.198400 0.603110 0.101530 0.078100
