5 0.140580 0.696860 0.095310 0.089040
5 0.245270 0.329690 0.054660 0.081210
4 0.218720 0.429660 0.082760 0.112470
1 0.256210 0.267150 0.064040 0.106250
3 0.354680 0.684370 0.051540 0.067150
3 0.357790 0.606230 0.048430 0.068710
3 0.287480 0.515590 0.049990 0.065600
3 0.343740 0.279650 0.032780 0.062490
3 0.343740 0.246880 0.032780 0.056210
3 0.537470 0.328080 0.029660 0.060930
2 0.471870 0.443720 0.049990 0.090590
2 0.562460 0.440600 0.054660 0.079650
8 0.468710 0.378120 0.048430 0.074980
8 0.548410 0.371850 0.048430 0.085920
9 0.689040 0.676540 0.054660 0.067150
9 0.767180 0.576520 0.057770 0.068710
9 0.743740 0.510920 0.049990 0.070270
9 0.656210 0.448430 0.042160 0.065600
9 0.689040 0.337470 0.037490 0.059330
9 0.678100 0.281210 0.034380 0.060930
9 0.596840 0.235930 0.029660 0.056210
11 0.776520 0.321860 0.056210 0.071870
11 0.923410 0.682760 0.099980 0.087480
10 0.812500 0.415610 0.085920 0.114030
7 0.765580 0.253100 0.068710 0.120300
