4 0.109360 0.243720 0.120300 0.110920
9 0.226550 0.254660 0.070270 0.059330
11 0.143740 0.431220 0.092150 0.070270
1 0.212500 0.532800 0.109360 0.071870
0 0.148410 0.617170 0.092150 0.068710
2 0.142180 0.726530 0.101530 0.074980
8 0.162460 0.824990 0.098420 0.082760
8 0.339020 0.714030 0.081210 0.073430
8 0.443720 0.796840 0.078100 0.074980
5 0.418720 0.621840 0.067150 0.067150
9 0.331240 0.526530 0.057770 0.056210
9 0.421840 0.332800 0.059330 0.065600
6 0.329690 0.351520 0.071870 0.070270
2 0.417170 0.154680 0.070270 0.101530
5 0.543740 0.146850 0.067150 0.092150
0 0.523410 0.254660 0.060930 0.074980
7 0.609340 0.317190 0.076540 0.096860
11 0.521860 0.418720 0.060930 0.074980
6 0.629660 0.431220 0.068710 0.067150
8 0.517190 0.520300 0.067150 0.067150
10 0.537470 0.612500 0.073430 0.082760
9 0.651540 0.696860 0.056210 0.064040
1 0.523410 0.714030 0.076540 0.095310
6 0.732800 0.798400 0.082760 0.089040
5 0.829660 0.684370 0.092150 0.078100
0 0.806230 0.600000 0.085920 0.059330
5 0.723410 0.596840 0.076540 0.074980
6 0.809340 0.521860 0.085920 0.070270
10 0.728080 0.429660 0.095310 0.098420
7 0.814050 0.303090 0.104650 0.093710
4 0.714030 0.243720 0.089040 0.103090
