2 0.365580 0.103090 0.117190 0.204670
8 0.517190 0.123410 0.124970 0.185900
0 0.684370 0.128080 0.151520 0.160910
4 0.543740 0.271870 0.168730 0.189060
4 0.364020 0.298420 0.131240 0.185900
5 0.546850 0.459330 0.121860 0.140580
5 0.534360 0.631220 0.142180 0.142180
1 0.387460 0.653100 0.126530 0.170290
11 0.698420 0.303090 0.149970 0.156240
6 0.704650 0.481210 0.159350 0.115590
10 0.703090 0.604670 0.209340 0.143740
10 0.715590 0.774960 0.220280 0.206230
7 0.378120 0.515590 0.131240 0.131240
7 0.387460 0.840600 0.148410 0.232780
