0 0.670270 0.881210 0.078100 0.096860
1 0.584340 0.873430 0.084370 0.126530
1 0.582790 0.585900 0.085920 0.081210
2 0.485920 0.581230 0.073430 0.078100
2 0.464040 0.771850 0.074980 0.085920
3 0.089040 0.659370 0.074980 0.084370
3 0.170290 0.879650 0.070270 0.079650
4 0.162460 0.792170 0.112470 0.106250
4 0.774960 0.871870 0.110920 0.124970
5 0.370290 0.579670 0.078100 0.068710
6 0.387460 0.779670 0.067150 0.084370
6 0.282760 0.565620 0.079650 0.070270
11 0.093710 0.587460 0.096860 0.079650
11 0.384340 0.879650 0.071870 0.112470
10 0.271870 0.779670 0.096860 0.112470
10 0.276540 0.684370 0.093710 0.101530
9 0.576520 0.659370 0.060930 0.065600
9 0.648430 0.773400 0.059330 0.074980
8 0.565620 0.760910 0.079650 0.087480
8 0.473430 0.665600 0.068710 0.078100
8 0.385900 0.665600 0.084370 0.074980
7 0.060930 0.795280 0.120300 0.124970
7 0.492150 0.885920 0.074980 0.129690
8 0.162460 0.689040 0.082760 0.089040
