0 0.562460 0.174960 0.074980 0.085920
0 0.737470 0.545300 0.082760 0.081210
0 0.718750 0.732800 0.089040 0.085920
1 0.476540 0.364020 0.082760 0.085920
1 0.451540 0.751520 0.074980 0.103090
2 0.462490 0.554680 0.074980 0.074980
2 0.803110 0.668710 0.085920 0.089040
4 0.834330 0.364020 0.112470 0.096860
4 0.556240 0.853100 0.096860 0.129690
5 0.162460 0.176520 0.099980 0.101530
5 0.637490 0.362460 0.078100 0.071870
5 0.454660 0.660930 0.071870 0.082760
5 0.367180 0.746850 0.074980 0.092150
11 0.174960 0.745300 0.085920 0.082760
11 0.301530 0.278100 0.092150 0.092150
10 0.367180 0.171850 0.092150 0.112470
10 0.267150 0.651540 0.096860 0.096860
9 0.726530 0.285920 0.060930 0.074980
9 0.642160 0.670270 0.071870 0.081210
9 0.274980 0.837490 0.081210 0.078100
9 0.648430 0.824990 0.067150 0.085920
8 0.543740 0.264040 0.074980 0.090590
8 0.643720 0.274980 0.081210 0.085920
8 0.184340 0.353120 0.082760 0.096860
8 0.740580 0.846880 0.089040 0.101530
7 0.362460 0.459330 0.082760 0.081210
7 0.832780 0.467150 0.131240 0.092150
6 0.810890 0.171850 0.082760 0.101530
6 0.554680 0.473430 0.074980 0.074980
6 0.268710 0.556240 0.078100 0.078100
6 0.371850 0.562460 0.067150 0.081210
