9 0.168730 0.184340 0.081210 0.082760
9 0.270270 0.389060 0.070270 0.056210
9 0.531240 0.301530 0.065600 0.070270
9 0.635930 0.382790 0.060930 0.070270
9 0.837490 0.190620 0.070270 0.079650
9 0.826550 0.485920 0.064040 0.059330
9 0.845270 0.581230 0.073430 0.067150
9 0.559350 0.481210 0.054660 0.059330
9 0.164020 0.479650 0.074980 0.059330
9 0.545300 0.665600 0.065600 0.070270
9 0.643720 0.589060 0.064040 0.074980
9 0.268710 0.762460 0.070270 0.078100
9 0.353120 0.867150 0.074980 0.082760
9 0.543740 0.762460 0.065600 0.076540
9 0.823440 0.878100 0.070270 0.085920
7 0.346850 0.181230 0.109360 0.121860
5 0.448430 0.876540 0.078100 0.101530
5 0.748410 0.589060 0.084370 0.081210
5 0.640600 0.489040 0.062490 0.071870
5 0.728080 0.478100 0.082760 0.074980
5 0.451540 0.171850 0.074980 0.096860
5 0.440600 0.282760 0.074980 0.078100
4 0.334360 0.567180 0.101530 0.084370
4 0.160910 0.568730 0.135910 0.092150
4 0.635930 0.889040 0.073430 0.120300
3 0.162460 0.321860 0.074980 0.076540
3 0.373400 0.382790 0.065600 0.065600
3 0.565620 0.192170 0.060930 0.078100
3 0.653100 0.193730 0.064040 0.067150
3 0.729690 0.179670 0.059330 0.076540
3 0.837490 0.285920 0.070270 0.076540
3 0.820280 0.390620 0.067150 0.065600
3 0.729690 0.368730 0.074980 0.060930
3 0.528080 0.385900 0.062490 0.054660
3 0.451540 0.471870 0.059330 0.059330
3 0.257770 0.473430 0.074980 0.057770
3 0.440600 0.559350 0.059330 0.056210
3 0.337470 0.739020 0.060930 0.076540
3 0.171850 0.856210 0.079650 0.084370
3 0.543740 0.865600 0.059330 0.079650
2 0.239050 0.182790 0.090590 0.089040
2 0.837490 0.773400 0.082760 0.098420
2 0.439050 0.679650 0.071870 0.093710
2 0.631220 0.776520 0.078100 0.092150
1 0.156240 0.671870 0.129690 0.101530
1 0.743740 0.264040 0.103090 0.106250
0 0.724970 0.674980 0.076540 0.081210
3 0.451540 0.471870 0.059330 0.059330
0 0.739020 0.876540 0.076540 0.101530
