9 0.810890 0.173400 0.062490 0.064040
3 0.704650 0.179670 0.054660 0.062490
3 0.626550 0.189060 0.046880 0.057770
3 0.529690 0.181230 0.048430 0.059330
3 0.462490 0.174960 0.049990 0.059330
1 0.335910 0.162460 0.085920 0.104650
2 0.235930 0.184340 0.076540 0.079650
9 0.162460 0.182790 0.062490 0.064040
3 0.164020 0.317190 0.062490 0.049990
2 0.340630 0.278100 0.067150 0.073430
9 0.515590 0.296860 0.049990 0.053100
5 0.620280 0.281210 0.062490 0.070270
3 0.804670 0.281210 0.060930 0.054660
5 0.823440 0.381230 0.079650 0.062490
9 0.268710 0.382790 0.057770 0.048430
3 0.368730 0.378120 0.051540 0.048430
5 0.437490 0.371850 0.057770 0.060930
3 0.706250 0.359350 0.054660 0.048430
9 0.618720 0.368730 0.049990 0.048430
3 0.520300 0.376520 0.048430 0.046880
9 0.162460 0.473430 0.059330 0.048430
3 0.259370 0.467150 0.057770 0.046880
5 0.345300 0.478100 0.065600 0.056210
9 0.551520 0.465600 0.046880 0.048430
5 0.631220 0.473430 0.062490 0.056210
5 0.707800 0.462490 0.070270 0.056210
9 0.800000 0.465600 0.060930 0.049990
7 0.345300 0.573400 0.082760 0.071870
3 0.435930 0.546850 0.046880 0.045270
4 0.534360 0.553080 0.067150 0.068710
9 0.720300 0.543740 0.054660 0.048430
9 0.806230 0.637490 0.060930 0.051540
3 0.689040 0.640600 0.049990 0.051540
1 0.171850 0.654660 0.106250 0.087480
2 0.439050 0.657770 0.060930 0.074980
9 0.539020 0.639050 0.046880 0.051540
2 0.626550 0.664040 0.062490 0.073430
3 0.187460 0.839050 0.060930 0.064040
9 0.281210 0.742180 0.056210 0.059330
3 0.346850 0.720300 0.049990 0.054660
9 0.537470 0.729690 0.046880 0.057770
4 0.818720 0.749970 0.099980 0.098420
4 0.440600 0.768730 0.068710 0.103090
3 0.545300 0.823440 0.046880 0.064040
0 0.635930 0.831220 0.059330 0.081210
0 0.726530 0.828110 0.065600 0.082760
9 0.809340 0.831220 0.060930 0.059330
9 0.456210 0.848430 0.046880 0.053100
