9 0.254660 0.190620 0.060930 0.064040
11 0.417170 0.195280 0.067150 0.076540
5 0.493710 0.195280 0.048430 0.078100
9 0.589060 0.182790 0.037490 0.053100
3 0.728080 0.185900 0.056210 0.054660
3 0.246880 0.279650 0.053100 0.048430
5 0.409340 0.287480 0.059330 0.059330
2 0.579670 0.289040 0.057770 0.064040
2 0.653100 0.268710 0.060930 0.076540
3 0.189060 0.357790 0.062490 0.040600
11 0.259370 0.360910 0.068710 0.053100
8 0.499980 0.360910 0.053100 0.056210
0 0.582790 0.374960 0.043720 0.051540
0 0.745300 0.351520 0.067150 0.051540
9 0.265600 0.445270 0.056210 0.040600
7 0.340630 0.437490 0.076540 0.048430
9 0.421840 0.440600 0.048430 0.039050
5 0.665600 0.446880 0.068710 0.045270
7 0.168730 0.526530 0.103090 0.054660
3 0.285920 0.514030 0.046880 0.037490
9 0.364020 0.517190 0.048430 0.037490
10 0.504650 0.517190 0.062490 0.053100
8 0.581230 0.534360 0.056210 0.045270
7 0.754680 0.532800 0.095310 0.060930
6 0.262490 0.604670 0.062490 0.049990
4 0.423440 0.617170 0.062490 0.071870
10 0.581230 0.617170 0.067150 0.068710
6 0.648430 0.609340 0.059330 0.053100
5 0.267150 0.685920 0.067150 0.062490
6 0.503090 0.701530 0.057770 0.059330
0 0.662490 0.693710 0.064040 0.067150
6 0.259370 0.768730 0.057770 0.065600
7 0.340630 0.773400 0.068710 0.092150
4 0.423440 0.778120 0.051540 0.096860
8 0.578120 0.751520 0.064040 0.060930
8 0.748410 0.771850 0.071870 0.064040
