2 0.579670 0.431220 0.096860 0.114030
2 0.604670 0.682760 0.101530 0.117190
7 0.304650 0.245270 0.174960 0.198400
8 0.299980 0.534360 0.137470 0.117190
8 0.595280 0.290590 0.103090 0.137470
5 0.445270 0.559350 0.099980 0.103090
5 0.446880 0.699980 0.099980 0.106250
11 0.762460 0.281210 0.131240 0.134360
11 0.753120 0.681210 0.131240 0.099980
7 0.470270 0.390620 0.110920 0.157790
1 0.779670 0.560910 0.214050 0.115590
4 0.310920 0.392170 0.151520 0.154680
4 0.289040 0.698420 0.160910 0.131240
10 0.604670 0.562460 0.118750 0.117190
10 0.774960 0.398400 0.178120 0.146850
