3 0.134360 0.160910 0.090590 0.073430
3 0.331240 0.159350 0.076540 0.076540
3 0.814050 0.146850 0.068710 0.070270
3 0.540630 0.240600 0.064040 0.074980
3 0.368730 0.351520 0.076540 0.064040
3 0.640600 0.351520 0.076540 0.068710
3 0.720300 0.329690 0.070270 0.054660
3 0.157790 0.451540 0.079650 0.073430
3 0.548410 0.439050 0.065600 0.064040
3 0.164020 0.649990 0.071870 0.059330
3 0.354680 0.642160 0.082760 0.074980
3 0.648430 0.623440 0.074980 0.070270
3 0.835930 0.623440 0.076540 0.070270
3 0.464040 0.810890 0.062490 0.078100
3 0.651540 0.812500 0.076540 0.073430
9 0.645270 0.149970 0.074980 0.073430
9 0.242160 0.267150 0.076540 0.070270
9 0.832780 0.226550 0.079650 0.062490
9 0.254660 0.353120 0.070270 0.059330
9 0.834330 0.423440 0.070270 0.068710
9 0.357790 0.546850 0.070270 0.060930
9 0.534360 0.531240 0.081210 0.060930
9 0.264040 0.637490 0.070270 0.065600
9 0.539020 0.623440 0.068710 0.059330
9 0.735910 0.609340 0.073430 0.076540
9 0.748410 0.714030 0.079650 0.065600
9 0.176520 0.829660 0.092150 0.071870
9 0.365580 0.829660 0.067150 0.082760
9 0.562460 0.817170 0.065600 0.074980
9 0.765580 0.806230 0.087480 0.076540
