4 0.218720 0.220280 0.087480 0.071870
6 0.304650 0.223440 0.070270 0.076540
6 0.382790 0.223440 0.065600 0.068710
7 0.465600 0.228110 0.074980 0.074980
7 0.617170 0.224990 0.067150 0.067150
3 0.698420 0.223440 0.070270 0.065600
5 0.781230 0.209340 0.054660 0.043720
5 0.224990 0.299980 0.078100 0.067150
3 0.462490 0.307800 0.068710 0.060930
9 0.545300 0.304650 0.062490 0.068710
4 0.770290 0.303090 0.071870 0.070270
11 0.776520 0.379670 0.071870 0.064040
3 0.690590 0.379670 0.074980 0.065600
9 0.543740 0.382790 0.067150 0.057770
1 0.382790 0.381230 0.070270 0.073430
2 0.224990 0.454660 0.081210 0.070270
9 0.317190 0.460930 0.060930 0.071870
5 0.390620 0.457770 0.068710 0.065600
2 0.467150 0.459330 0.065600 0.071870
0 0.543740 0.453100 0.062490 0.060930
11 0.693710 0.460930 0.068710 0.071870
5 0.782790 0.459330 0.065600 0.065600
0 0.232780 0.612500 0.076540 0.068710
8 0.465600 0.614050 0.065600 0.073430
8 0.624990 0.609340 0.073430 0.068710
3 0.768730 0.679650 0.073430 0.067150
10 0.626550 0.685920 0.073430 0.076540
6 0.470270 0.687480 0.070270 0.070270
6 0.317190 0.693710 0.076540 0.074980
8 0.237490 0.767180 0.074980 0.079650
8 0.393730 0.770290 0.070270 0.057770
0 0.706250 0.759350 0.074980 0.056210
9 0.779670 0.754680 0.054660 0.062490
5 0.545300 0.535910 0.078100 0.065600
9 0.701530 0.539020 0.065600 0.056210
10 0.779670 0.534360 0.057770 0.062490
11 0.785900 0.373400 0.095310 0.074980
11 0.706250 0.449990 0.078100 0.067150
10 0.801560 0.534360 0.110920 0.074980
10 0.635930 0.696860 0.090590 0.101530
8 0.218720 0.793730 0.093710 0.106250
8 0.378120 0.796840 0.068710 0.112470
8 0.457770 0.615610 0.070270 0.079650
7 0.464040 0.200000 0.081210 0.117190
7 0.617170 0.195280 0.092150 0.114030
6 0.295310 0.209340 0.089040 0.082760
6 0.379670 0.209340 0.070270 0.092150
6 0.462490 0.706250 0.059330 0.095310
6 0.312470 0.696860 0.074980 0.089040
5 0.549970 0.537470 0.074980 0.074980
4 0.779670 0.456210 0.081210 0.067150
4 0.185900 0.203110 0.121860 0.112470
4 0.389060 0.454660 0.076540 0.068710
5 0.790620 0.200000 0.093710 0.092150
2 0.454660 0.462490 0.057770 0.073430
1 0.212500 0.456210 0.095310 0.074980
1 0.796840 0.276540 0.118750 0.104650
1 0.382790 0.364020 0.079650 0.087480
0 0.209340 0.620280 0.095310 0.085920
0 0.720300 0.759350 0.082760 0.074980
