1 0.753120 0.142180 0.101530 0.117190
1 0.774960 0.396840 0.109360 0.084370
2 0.598400 0.304650 0.070270 0.076540
2 0.514030 0.471870 0.060930 0.057770
5 0.587460 0.159350 0.062490 0.093710
5 0.282760 0.226550 0.071870 0.082760
4 0.779670 0.724970 0.107800 0.090590
7 0.179670 0.734360 0.109360 0.095310
10 0.178120 0.140580 0.106250 0.124970
8 0.446880 0.324970 0.057770 0.070270
8 0.510920 0.385900 0.059330 0.073430
8 0.681210 0.468710 0.079650 0.059330
8 0.348410 0.551520 0.062490 0.062490
11 0.353120 0.398400 0.064040 0.064040
11 0.607780 0.621840 0.064040 0.062490
