3 0.195280 0.167180 0.078100 0.090590
3 0.896860 0.140580 0.078100 0.081210
3 0.878100 0.251540 0.081210 0.076540
3 0.890590 0.432780 0.087480 0.060930
3 0.907800 0.642160 0.085920 0.068710
3 0.898420 0.762460 0.076540 0.074980
3 0.901530 0.854660 0.081210 0.078100
3 0.801560 0.870270 0.070270 0.079650
3 0.707800 0.878100 0.070270 0.082760
3 0.618720 0.882760 0.062490 0.089040
3 0.499980 0.865600 0.065600 0.076540
3 0.395280 0.873430 0.059330 0.081210
3 0.306250 0.871870 0.057770 0.085920
3 0.185900 0.893710 0.076540 0.090590
3 0.185900 0.681210 0.068710 0.062490
9 0.671870 0.381230 0.067150 0.056210
9 0.589060 0.370290 0.062490 0.062490
9 0.485920 0.370290 0.060930 0.060930
9 0.481210 0.470270 0.057770 0.057770
9 0.482760 0.576520 0.053100 0.057770
9 0.395280 0.567180 0.056210 0.060930
9 0.689040 0.471870 0.062490 0.053100
9 0.795280 0.470270 0.070270 0.060930
9 0.798400 0.560910 0.070270 0.060930
9 0.693710 0.567180 0.062490 0.062490
9 0.590620 0.581230 0.056210 0.057770
9 0.590620 0.468710 0.056210 0.056210
9 0.679650 0.657770 0.065600 0.065600
9 0.603110 0.664040 0.059330 0.062490
9 0.487480 0.667150 0.062490 0.059330
