7 0.164020 0.615610 0.082760 0.099980
11 0.231220 0.378120 0.043720 0.065600
6 0.364020 0.489040 0.040600 0.071870
9 0.245270 0.709360 0.045270 0.060930
9 0.349970 0.645270 0.040600 0.054660
9 0.271870 0.560910 0.040600 0.053100
9 0.293710 0.382790 0.032780 0.054660
9 0.318750 0.298420 0.028110 0.049990
9 0.378120 0.342180 0.031220 0.048430
5 0.274980 0.490590 0.043720 0.067150
1 0.768730 0.653100 0.089040 0.085920
2 0.431220 0.498420 0.043720 0.065600
3 0.509360 0.581230 0.035930 0.053100
3 0.673430 0.728080 0.049990 0.051540
3 0.484370 0.404670 0.029660 0.049990
3 0.604670 0.320300 0.029660 0.048430
