4 0.489040 0.318750 0.098420 0.151520
4 0.206230 0.443720 0.146850 0.120300
5 0.214050 0.323410 0.112470 0.115590
5 0.600000 0.320300 0.092150 0.120300
2 0.606230 0.567180 0.098420 0.081210
2 0.201560 0.710920 0.120300 0.089040
1 0.631220 0.698420 0.131240 0.109360
0 0.490590 0.728080 0.073430 0.089040
6 0.376520 0.676540 0.081210 0.090590
7 0.760910 0.581230 0.160910 0.092150
10 0.760910 0.676540 0.159350 0.095310
7 0.487480 0.445270 0.092150 0.118750
8 0.364020 0.349970 0.090590 0.109360
8 0.723410 0.442160 0.101530 0.103090
11 0.351520 0.562460 0.089040 0.079650
11 0.485920 0.576520 0.081210 0.076540
6 0.215610 0.574960 0.106250 0.074980
10 0.732800 0.328080 0.145300 0.131240
