6 0.409340 0.567180 0.739020 0.615610
5 0.165580 0.534360 0.059330 0.059330
4 0.259370 0.385900 0.054660 0.081210
1 0.324970 0.306250 0.045270 0.081210
3 0.189060 0.621840 0.046880 0.049990
3 0.295310 0.567180 0.040600 0.049990
3 0.381230 0.546850 0.037490 0.049990
3 0.353120 0.365580 0.026550 0.043720
3 0.418720 0.343740 0.024990 0.045270
3 0.398400 0.301530 0.024990 0.043720
2 0.451540 0.389060 0.032780 0.059330
10 0.414050 0.478100 0.049990 0.081210
8 0.487480 0.453100 0.040600 0.065600
9 0.551520 0.739020 0.039050 0.056210
9 0.557790 0.649990 0.037490 0.049990
9 0.517190 0.564020 0.034380 0.043720
9 0.481210 0.507800 0.034380 0.049990
9 0.648430 0.395280 0.031220 0.048430
9 0.651540 0.353120 0.026550 0.043720
11 0.684370 0.496860 0.045270 0.062490
7 0.710920 0.384340 0.046880 0.089040
