1 0.684370 0.320300 0.098420 0.098420
1 0.531240 0.399950 0.076540 0.085920
2 0.370290 0.331240 0.070270 0.078100
2 0.531240 0.329690 0.070270 0.070270
4 0.634380 0.712470 0.099980 0.084370
5 0.304650 0.742180 0.078100 0.078100
5 0.774960 0.707800 0.090590 0.074980
7 0.615610 0.474980 0.085920 0.082760
8 0.292150 0.484370 0.081210 0.076540
8 0.314030 0.648430 0.064040 0.073430
8 0.467150 0.643720 0.074980 0.074980
8 0.687480 0.623440 0.079650 0.074980
10 0.534360 0.557790 0.076540 0.074980
11 0.221840 0.570290 0.078100 0.074980
11 0.768730 0.626550 0.081210 0.074980
