6 0.234380 0.618720 0.079650 0.057770
6 0.462490 0.545300 0.051540 0.062490
11 0.776520 0.528080 0.079650 0.068710
10 0.539020 0.807780 0.062490 0.107800
10 0.698420 0.384340 0.090590 0.081210
9 0.306250 0.478100 0.054660 0.056210
8 0.534360 0.545300 0.068710 0.056210
8 0.615610 0.543740 0.068710 0.059330
8 0.782790 0.428110 0.081210 0.074980
8 0.704650 0.685920 0.071870 0.074980
7 0.287480 0.392170 0.090590 0.071870
7 0.298420 0.790620 0.085920 0.106250
5 0.195280 0.237490 0.078100 0.073430
5 0.756240 0.240600 0.071870 0.076540
5 0.617170 0.303090 0.060930 0.079650
4 0.464040 0.687480 0.067150 0.082760
4 0.804670 0.600000 0.107800 0.078100
3 0.314030 0.690590 0.059330 0.065600
2 0.610890 0.784340 0.060930 0.081210
2 0.629660 0.693710 0.060930 0.076540
1 0.210890 0.792170 0.101530 0.106250
1 0.287480 0.295310 0.087480 0.089040
0 0.370290 0.246880 0.068710 0.079650
0 0.476540 0.396840 0.053100 0.062490
0 0.220280 0.481210 0.090590 0.067150
