4 0.398400 0.481210 0.074980 0.067150
4 0.562460 0.223440 0.074980 0.093710
2 0.234380 0.299980 0.081210 0.087480
2 0.565620 0.720300 0.068710 0.084370
1 0.718750 0.396840 0.096860 0.074980
5 0.567180 0.387460 0.070270 0.067150
5 0.234380 0.462490 0.084370 0.067150
0 0.224990 0.126530 0.079650 0.095310
10 0.332800 0.396840 0.078100 0.065600
10 0.312470 0.554680 0.078100 0.071870
7 0.309360 0.132800 0.084370 0.115590
7 0.392170 0.715590 0.076540 0.089040
8 0.476540 0.154680 0.071870 0.087480
8 0.484370 0.321860 0.059330 0.074980
8 0.628110 0.315590 0.060930 0.071870
11 0.234380 0.645270 0.071870 0.070270
11 0.699980 0.553080 0.076540 0.068710
6 0.403110 0.309360 0.067150 0.065600
6 0.553080 0.489040 0.059330 0.059330
