11 0.203110 0.262490 0.076540 0.078100
11 0.449990 0.792170 0.067150 0.073430
10 0.681210 0.634380 0.081210 0.079650
8 0.362460 0.256210 0.084370 0.071870
7 0.356240 0.468710 0.076540 0.071870
8 0.606230 0.385900 0.068710 0.078100
8 0.448430 0.551520 0.067150 0.068710
8 0.610890 0.548410 0.070270 0.068710
5 0.378120 0.717190 0.068710 0.076540
5 0.545300 0.624990 0.051540 0.056210
2 0.784340 0.707800 0.087480 0.070270
2 0.610890 0.784340 0.057770 0.078100
4 0.531240 0.478100 0.070270 0.070270
1 0.442160 0.393730 0.070270 0.079650
1 0.267150 0.545300 0.107800 0.062490
