3 0.704650 0.210890 0.067150 0.068710
3 0.553080 0.303090 0.059330 0.059330
3 0.296860 0.385900 0.060930 0.060930
3 0.643720 0.414050 0.062490 0.065600
3 0.468710 0.478100 0.062490 0.057770
3 0.843720 0.515590 0.070270 0.056210
3 0.187460 0.587460 0.076540 0.053100
3 0.645270 0.568730 0.057770 0.060930
3 0.842160 0.579670 0.074980 0.053100
3 0.837490 0.685920 0.071870 0.059330
3 0.370290 0.746850 0.067150 0.062490
3 0.660930 0.760910 0.060930 0.067150
3 0.840600 0.765580 0.073430 0.070270
3 0.739020 0.871870 0.068710 0.082760
3 0.549970 0.206230 0.060930 0.071870
9 0.837490 0.210890 0.067150 0.071870
9 0.276540 0.318750 0.070270 0.065600
9 0.640600 0.310920 0.067150 0.062490
9 0.164020 0.498420 0.071870 0.059330
9 0.284370 0.581230 0.067150 0.056210
9 0.374960 0.587460 0.053100 0.062490
9 0.551520 0.596840 0.065600 0.067150
9 0.723410 0.565620 0.060930 0.060930
9 0.651540 0.671870 0.059330 0.068710
9 0.467150 0.778120 0.065600 0.078100
9 0.170290 0.862490 0.070270 0.074980
9 0.368730 0.864040 0.071870 0.071870
9 0.548410 0.860930 0.065600 0.081210
9 0.848430 0.876540 0.074980 0.074980
9 0.368730 0.214050 0.092150 0.106250
2 0.842160 0.285920 0.084370 0.074980
2 0.745300 0.389060 0.082760 0.070270
2 0.359350 0.478100 0.089040 0.070270
2 0.349970 0.673430 0.090590 0.064040
2 0.542180 0.389060 0.070270 0.068710
1 0.860930 0.387460 0.117190 0.085920
1 0.248430 0.481210 0.107800 0.067150
5 0.648430 0.487480 0.065600 0.060930
4 0.457770 0.582790 0.071870 0.071870
4 0.171850 0.679650 0.087480 0.064040
0 0.178120 0.774960 0.087480 0.074980
5 0.540630 0.676540 0.062490 0.067150
5 0.739020 0.670270 0.081210 0.076540
5 0.554680 0.768730 0.060930 0.074980
5 0.639050 0.889040 0.067150 0.096860
4 0.257770 0.879650 0.101530 0.117190
4 0.445270 0.389060 0.076540 0.085920
3 0.179670 0.224990 0.070270 0.067150
