1 0.251540 0.167180 0.087480 0.114030
1 0.715590 0.507800 0.107800 0.059330
0 0.335910 0.434380 0.056210 0.062490
2 0.770290 0.360910 0.082760 0.067150
2 0.556240 0.590620 0.071870 0.060930
3 0.342180 0.270270 0.057770 0.057770
3 0.574960 0.279650 0.057770 0.064040
4 0.326530 0.668710 0.079650 0.089040
4 0.654660 0.762460 0.099980 0.093710
5 0.495310 0.745300 0.064040 0.073430
5 0.579670 0.667150 0.071870 0.067150
6 0.782790 0.207780 0.087480 0.079650
6 0.646830 0.584340 0.073430 0.062490
7 0.492150 0.424990 0.079650 0.078100
7 0.239050 0.760910 0.081210 0.099980
8 0.492150 0.259370 0.067150 0.082760
8 0.335910 0.337470 0.067150 0.079650
8 0.795280 0.743740 0.084370 0.082760
8 0.634380 0.421840 0.067150 0.073430
9 0.249990 0.499980 0.056210 0.060930
9 0.392170 0.743740 0.053100 0.065600
10 0.410890 0.581230 0.065600 0.067150
10 0.712470 0.274980 0.103090 0.084370
11 0.253100 0.340630 0.073430 0.074980
11 0.726530 0.657770 0.085920 0.064040
