10 0.443720 0.789060 0.059330 0.092150
7 0.634380 0.317190 0.070270 0.087480
11 0.737470 0.606230 0.065600 0.053100
11 0.490590 0.332800 0.049990 0.065600
8 0.279650 0.415610 0.070270 0.056210
8 0.435930 0.474980 0.051540 0.064040
8 0.423440 0.632780 0.053100 0.057770
8 0.664040 0.771850 0.065600 0.081210
1 0.207780 0.793730 0.099980 0.093710
1 0.342180 0.332800 0.074980 0.078100
2 0.568730 0.624990 0.049990 0.049990
2 0.712470 0.243720 0.068710 0.070270
5 0.756240 0.778120 0.070270 0.074980
5 0.279650 0.628110 0.068710 0.056210
4 0.723410 0.324970 0.081210 0.081210
