7 0.310920 0.709360 0.065600 0.089040
8 0.307800 0.787460 0.051540 0.073430
11 0.299980 0.623440 0.054660 0.054660
11 0.376520 0.629660 0.048430 0.056210
10 0.212500 0.621840 0.087480 0.073430
1 0.470270 0.617170 0.048430 0.059330
1 0.470270 0.707800 0.056210 0.081210
4 0.395280 0.715590 0.045270 0.079650
4 0.481210 0.795280 0.054660 0.089040
2 0.548410 0.781230 0.049990 0.082760
5 0.537470 0.695310 0.051540 0.060930
5 0.542180 0.609340 0.049990 0.056210
2 0.393730 0.548410 0.046880 0.051540
3 0.468710 0.545300 0.039050 0.045270
9 0.534360 0.529690 0.046880 0.045270
8 0.615610 0.610890 0.054660 0.062490
8 0.623440 0.781230 0.067150 0.068710
8 0.307800 0.553080 0.054660 0.057770
7 0.210890 0.548410 0.089040 0.056210
6 0.398400 0.470270 0.051540 0.054660
6 0.242160 0.709360 0.060930 0.062490
3 0.224990 0.784340 0.051540 0.062490
10 0.389060 0.787460 0.049990 0.087480
0 0.623440 0.701530 0.054660 0.057770
9 0.624990 0.539020 0.046880 0.045270
