7 0.410890 0.690590 0.065600 0.093710
7 0.779670 0.762460 0.104650 0.092150
10 0.467150 0.223440 0.060930 0.098420
10 0.326530 0.457770 0.078100 0.067150
4 0.232780 0.206230 0.087480 0.109360
4 0.692150 0.521860 0.084370 0.065600
1 0.242160 0.781230 0.092150 0.096860
1 0.245270 0.776520 0.095310 0.104650
4 0.235930 0.204670 0.090590 0.118750
4 0.689040 0.526530 0.096860 0.079650
7 0.404670 0.693710 0.079650 0.106250
7 0.779670 0.767180 0.110920 0.103090
10 0.468710 0.224990 0.070270 0.110920
10 0.329690 0.462490 0.090590 0.090590
