11 0.215610 0.328080 0.079650 0.081210
11 0.470270 0.668710 0.071870 0.079650
10 0.389060 0.659370 0.078100 0.107800
8 0.296860 0.420280 0.092150 0.081210
8 0.459330 0.256210 0.071870 0.089040
8 0.546850 0.321860 0.073430 0.096860
8 0.635930 0.731240 0.093710 0.084370
7 0.285920 0.581230 0.095310 0.081210
5 0.790620 0.679650 0.092150 0.079650
5 0.553080 0.751520 0.071870 0.093710
4 0.470270 0.414050 0.067150 0.090590
2 0.201560 0.771850 0.078100 0.099980
2 0.551520 0.576520 0.076540 0.065600
1 0.615610 0.484370 0.098420 0.084370
1 0.632780 0.581230 0.093710 0.073430
