0 0.387460 0.243720 0.067150 0.060930
0 0.701530 0.328080 0.059330 0.056210
0 0.798400 0.478100 0.070270 0.076540
1 0.304650 0.487480 0.081210 0.056210
1 0.546850 0.632780 0.064040 0.070270
2 0.693710 0.395280 0.067150 0.056210
2 0.395280 0.706250 0.062490 0.062490
4 0.223440 0.648430 0.092150 0.071870
4 0.620280 0.329690 0.074980 0.081210
5 0.228110 0.487480 0.081210 0.071870
5 0.453100 0.798400 0.064040 0.074980
5 0.615610 0.482760 0.067150 0.071870
5 0.789060 0.801560 0.073430 0.085920
11 0.624990 0.793730 0.070270 0.074980
11 0.464040 0.473430 0.053100 0.053100
10 0.456210 0.324970 0.074980 0.078100
10 0.710920 0.720300 0.092150 0.092150
9 0.234380 0.807780 0.070270 0.071870
9 0.381230 0.421840 0.059330 0.059330
9 0.768730 0.310920 0.053100 0.067150
9 0.782790 0.707800 0.060930 0.067150
8 0.220280 0.259370 0.074980 0.078100
8 0.546850 0.320300 0.067150 0.071870
8 0.235930 0.562460 0.071870 0.070270
8 0.773400 0.624990 0.074980 0.070270
7 0.390620 0.632780 0.071870 0.070270
7 0.551520 0.714030 0.081210 0.081210
6 0.223440 0.414050 0.081210 0.056210
6 0.539020 0.473430 0.056210 0.056210
6 0.704650 0.546850 0.081210 0.062490
6 0.478100 0.556240 0.070270 0.070270
