11 0.729690 0.624990 0.078100 0.065600
11 0.524970 0.579670 0.057770 0.060930
8 0.598400 0.501530 0.070270 0.064040
8 0.745300 0.715590 0.073430 0.074980
8 0.399950 0.584340 0.062490 0.062490
8 0.307800 0.451540 0.079650 0.057770
7 0.528080 0.371850 0.062490 0.081210
10 0.242160 0.579670 0.089040 0.074980
1 0.237490 0.756240 0.082760 0.095310
1 0.665600 0.434380 0.079650 0.084370
4 0.743740 0.509360 0.092150 0.068710
2 0.393730 0.728080 0.054660 0.070270
2 0.612500 0.724970 0.070270 0.068710
5 0.451540 0.456210 0.056210 0.057770
5 0.606230 0.656210 0.062490 0.059330
2 0.395280 0.724970 0.062490 0.074980
2 0.614050 0.723410 0.070270 0.079650
5 0.610890 0.653100 0.067150 0.065600
5 0.453100 0.462490 0.067150 0.067150
4 0.743740 0.507800 0.093710 0.073430
1 0.237490 0.757790 0.085920 0.096860
1 0.665600 0.435930 0.084370 0.084370
7 0.528080 0.370290 0.070270 0.081210
8 0.307800 0.449990 0.082760 0.060930
8 0.403110 0.585900 0.070270 0.062490
8 0.745300 0.714030 0.078100 0.076540
8 0.598400 0.499980 0.074980 0.067150
10 0.243720 0.576520 0.089040 0.076540
11 0.526530 0.578120 0.067150 0.064040
11 0.731240 0.621840 0.084370 0.068710
