7 0.804670 0.543740 0.121860 0.092150
7 0.520300 0.468710 0.074980 0.074980
6 0.624990 0.848430 0.078100 0.101530
6 0.339020 0.864040 0.081210 0.092150
6 0.256210 0.574960 0.085920 0.067150
8 0.140580 0.881210 0.106250 0.103090
8 0.439050 0.846880 0.081210 0.089040
8 0.696860 0.542180 0.085920 0.070270
8 0.449990 0.753120 0.074980 0.084370
9 0.343740 0.579670 0.065600 0.059330
9 0.706250 0.393730 0.079650 0.064040
9 0.529690 0.748410 0.065600 0.067150
10 0.832780 0.851540 0.124970 0.118750
10 0.620280 0.456210 0.092150 0.074980
11 0.431220 0.367180 0.073430 0.074980
11 0.365580 0.745300 0.078100 0.082760
5 0.251540 0.856210 0.082760 0.099980
5 0.724970 0.737470 0.085920 0.082760
5 0.443720 0.556240 0.084370 0.068710
1 0.135910 0.681210 0.128080 0.093710
0 0.126530 0.499980 0.106250 0.076540
4 0.635930 0.639050 0.071870 0.073430
4 0.521860 0.642160 0.082760 0.071870
4 0.517190 0.284370 0.090590 0.103090
4 0.114030 0.215610 0.121860 0.110920
2 0.684370 0.173400 0.087480 0.099980
2 0.690590 0.282760 0.098420 0.090590
1 0.326530 0.273430 0.096860 0.106250
5 0.210890 0.195280 0.090590 0.095310
6 0.328080 0.210890 0.082760 0.089040
9 0.501530 0.195280 0.068710 0.071870
