5 0.674980 0.432780 0.068710 0.060930
5 0.528080 0.735910 0.073430 0.087480
1 0.746850 0.187460 0.096860 0.104650
1 0.293710 0.289040 0.084370 0.081210
4 0.278100 0.210890 0.092150 0.099980
4 0.209340 0.290590 0.103090 0.084370
2 0.299980 0.382790 0.068710 0.070270
2 0.228110 0.376520 0.089040 0.074980
0 0.668710 0.289040 0.062490 0.067150
8 0.206230 0.226550 0.085920 0.079650
8 0.315590 0.606230 0.070270 0.078100
8 0.240600 0.753120 0.068710 0.089040
8 0.676540 0.726530 0.073430 0.090590
10 0.459330 0.518750 0.068710 0.070270
10 0.376520 0.367180 0.076540 0.074980
7 0.765580 0.571850 0.103090 0.070270
