2 0.670270 0.382790 0.064040 0.068710
2 0.318750 0.551520 0.071870 0.065600
1 0.235930 0.779670 0.098420 0.101530
4 0.237490 0.553080 0.089040 0.068710
4 0.671870 0.529690 0.082760 0.060930
1 0.464040 0.534360 0.070270 0.065600
0 0.542180 0.739020 0.064040 0.090590
5 0.457770 0.326530 0.056210 0.071870
5 0.740580 0.459330 0.070270 0.059330
7 0.589060 0.246880 0.071870 0.101530
8 0.235930 0.420280 0.089040 0.062490
8 0.381230 0.403110 0.071870 0.057770
8 0.746850 0.600000 0.082760 0.059330
10 0.534360 0.604670 0.064040 0.064040
10 0.395280 0.760910 0.073430 0.095310
8 0.685920 0.732800 0.074980 0.081210
