11 0.481210 0.382790 0.062490 0.057770
11 0.396840 0.303090 0.064040 0.064040
10 0.317190 0.317190 0.081210 0.074980
8 0.473430 0.228110 0.060930 0.082760
8 0.401560 0.384340 0.054660 0.064040
8 0.468710 0.460930 0.054660 0.056210
8 0.324970 0.231220 0.064040 0.082760
7 0.312470 0.465600 0.092150 0.060930
5 0.242160 0.393730 0.074980 0.067150
5 0.399950 0.457770 0.054660 0.053100
4 0.389060 0.214050 0.074980 0.096860
2 0.239050 0.228110 0.073430 0.084370
2 0.242160 0.317190 0.070270 0.070270
1 0.474980 0.310920 0.064040 0.076540
1 0.314030 0.387460 0.078100 0.068710
