9 0.593730 0.189060 0.053100 0.064040
9 0.226550 0.285920 0.067150 0.060930
9 0.317190 0.359350 0.073430 0.065600
9 0.774960 0.373400 0.062490 0.057770
9 0.868710 0.357790 0.065600 0.062490
9 0.504650 0.457770 0.062490 0.059330
9 0.860930 0.459330 0.070270 0.062490
9 0.414050 0.542180 0.065600 0.054660
9 0.568730 0.546850 0.054660 0.054660
9 0.753120 0.532800 0.056210 0.059330
9 0.573400 0.632780 0.059330 0.062490
9 0.592170 0.712470 0.057770 0.057770
9 0.218720 0.798400 0.076540 0.065600
9 0.589060 0.810890 0.060930 0.062490
9 0.873430 0.832780 0.078100 0.070270
3 0.415610 0.820280 0.065600 0.064040
3 0.407780 0.690590 0.062490 0.056210
3 0.674980 0.634380 0.062490 0.060930
3 0.860930 0.649990 0.068710 0.053100
3 0.226550 0.632780 0.068710 0.054660
3 0.299980 0.554680 0.062490 0.053100
3 0.593730 0.464040 0.057770 0.056210
3 0.678100 0.387460 0.057770 0.060930
3 0.592170 0.281210 0.067150 0.068710
3 0.329690 0.281210 0.067150 0.064040
3 0.239050 0.449990 0.070270 0.057770
3 0.414050 0.198400 0.054660 0.067150
3 0.506250 0.190620 0.057770 0.060930
3 0.739020 0.195280 0.059330 0.062490
3 0.849990 0.209340 0.067150 0.065600
