5 0.221840 0.262490 0.067150 0.070270
5 0.654660 0.317190 0.056210 0.064040
4 0.531240 0.371850 0.053100 0.073430
4 0.532800 0.515590 0.056210 0.056210
2 0.443720 0.454660 0.049990 0.054660
2 0.231220 0.760910 0.079650 0.067150
1 0.367180 0.382790 0.065600 0.073430
0 0.224990 0.410890 0.064040 0.053100
1 0.749970 0.562460 0.087480 0.054660
7 0.459330 0.757790 0.056210 0.082760
8 0.221840 0.540630 0.074980 0.049990
8 0.603110 0.579670 0.059330 0.049990
8 0.587460 0.453100 0.056210 0.051540
8 0.759350 0.646830 0.078100 0.054660
10 0.389060 0.606230 0.062490 0.060930
10 0.698420 0.740580 0.081210 0.079650
