1 0.737470 0.290590 0.089040 0.092150
4 0.456210 0.753120 0.068710 0.084370
2 0.454660 0.532800 0.054660 0.046880
5 0.373400 0.378120 0.059330 0.065600
5 0.526530 0.742180 0.054660 0.067150
0 0.589060 0.465600 0.048430 0.043720
8 0.228110 0.382790 0.076540 0.056210
8 0.215610 0.521860 0.073430 0.053100
8 0.584340 0.318750 0.059330 0.064040
10 0.453100 0.376520 0.056210 0.076540
7 0.289040 0.684370 0.085920 0.071870
7 0.606230 0.593730 0.073430 0.057770
11 0.378120 0.298420 0.065600 0.070270
6 0.735910 0.526530 0.065600 0.062490
6 0.292150 0.529690 0.060930 0.054660
4 0.610890 0.670270 0.089040 0.070270
2 0.604670 0.387460 0.062490 0.057770
11 0.745300 0.670270 0.076540 0.067150
10 0.212500 0.754680 0.092150 0.085920
