11 0.151520 0.557790 0.099980 0.065600
11 0.373400 0.634380 0.068710 0.085920
10 0.243720 0.748410 0.107800 0.104650
10 0.229660 0.635930 0.110920 0.085920
9 0.662490 0.731240 0.073430 0.062490
8 0.771850 0.712470 0.095310 0.084370
8 0.856210 0.593730 0.106250 0.076540
8 0.742180 0.512470 0.104650 0.092150
8 0.467150 0.429660 0.081210 0.085920
7 0.254660 0.524970 0.104650 0.078100
7 0.448430 0.724970 0.085920 0.096860
9 0.373400 0.842160 0.059330 0.068710
6 0.265600 0.864040 0.098420 0.093710
6 0.551520 0.501530 0.073430 0.073430
5 0.418720 0.523410 0.082760 0.070270
5 0.451540 0.620280 0.070270 0.070270
4 0.362460 0.756240 0.082760 0.112470
4 0.670270 0.832780 0.103090 0.118750
3 0.148410 0.648430 0.064040 0.065600
3 0.135910 0.751520 0.068710 0.070270
2 0.571850 0.624990 0.085920 0.074980
2 0.876540 0.815610 0.106250 0.092150
1 0.674980 0.623440 0.107800 0.081210
1 0.467150 0.843720 0.081210 0.118750
0 0.556240 0.718750 0.085920 0.078100
