11 0.118750 0.559350 0.090590 0.106250
11 0.195280 0.387460 0.056210 0.079650
7 0.178120 0.412500 0.087480 0.139020
10 0.329690 0.287480 0.049990 0.107800
8 0.278100 0.440600 0.059330 0.098420
6 0.746850 0.557790 0.070270 0.117190
4 0.356240 0.424990 0.064040 0.126530
3 0.537470 0.343740 0.035930 0.067150
3 0.800000 0.684370 0.073430 0.087480
3 0.723410 0.485920 0.048430 0.071870
3 0.643720 0.442160 0.043720 0.070270
3 0.674980 0.389060 0.035930 0.065600
3 0.662490 0.307800 0.031220 0.054660
3 0.656210 0.276540 0.029660 0.054660
5 0.870270 0.571850 0.087480 0.098420
5 0.715590 0.273430 0.043720 0.067150
1 0.804670 0.409340 0.079650 0.126530
0 0.739020 0.332800 0.046880 0.095310
