7 0.789060 0.753120 0.117190 0.101530
7 0.490590 0.507800 0.084370 0.070270
10 0.745300 0.354680 0.115590 0.070270
10 0.374960 0.751520 0.068710 0.110920
8 0.226550 0.137470 0.076540 0.101530
8 0.490590 0.248430 0.064040 0.081210
8 0.595280 0.337470 0.084370 0.068710
11 0.217170 0.595280 0.071870 0.074980
11 0.639050 0.589060 0.074980 0.070270
6 0.315590 0.593730 0.057770 0.065600
6 0.496860 0.354680 0.060930 0.064040
1 0.474980 0.765580 0.081210 0.109360
4 0.323410 0.137470 0.073430 0.121860
4 0.589060 0.168730 0.103090 0.106250
2 0.571850 0.501530 0.073430 0.062490
2 0.228110 0.764020 0.074980 0.093710
0 0.399950 0.407780 0.056210 0.059330
5 0.720300 0.432780 0.087480 0.062490
5 0.710920 0.598400 0.085920 0.089040
