7 0.762460 0.559350 0.098420 0.059330
7 0.274980 0.571850 0.098420 0.070270
10 0.521860 0.545300 0.062490 0.060930
10 0.367180 0.556240 0.071870 0.065600
4 0.528080 0.717190 0.068710 0.073430
4 0.682760 0.706250 0.087480 0.079650
1 0.351520 0.731240 0.076540 0.087480
4 0.682760 0.706250 0.095310 0.082760
4 0.524970 0.715590 0.073430 0.084370
1 0.349970 0.729690 0.084370 0.085920
7 0.274980 0.571850 0.099980 0.079650
7 0.759350 0.554680 0.099980 0.074980
10 0.368730 0.556240 0.073430 0.071870
10 0.523410 0.546850 0.070270 0.068710
