11 0.268710 0.518750 0.096860 0.081210
11 0.659370 0.506250 0.093710 0.082760
10 0.164020 0.823440 0.134360 0.110920
10 0.659370 0.709360 0.107800 0.112470
9 0.162460 0.234380 0.078100 0.074980
9 0.828110 0.309360 0.074980 0.074980
9 0.445270 0.414050 0.064040 0.060930
9 0.843720 0.692150 0.085920 0.081210
8 0.157790 0.337470 0.107800 0.085920
8 0.637490 0.137470 0.082760 0.093710
8 0.846880 0.215610 0.092150 0.092150
8 0.368730 0.712470 0.099980 0.093710
7 0.453100 0.206230 0.085920 0.107800
7 0.874980 0.812500 0.134360 0.123410
6 0.251540 0.139020 0.093710 0.101530
6 0.554680 0.324970 0.070270 0.078100
6 0.548410 0.510920 0.074980 0.074980
6 0.456210 0.798400 0.081210 0.085920
5 0.278100 0.618720 0.081210 0.074980
5 0.368730 0.420280 0.078100 0.071870
5 0.565620 0.701530 0.070270 0.085920
4 0.565620 0.220280 0.085920 0.101530
4 0.679650 0.399950 0.085920 0.092150
2 0.832780 0.124970 0.089040 0.082760
2 0.853100 0.499980 0.107800 0.085920
1 0.159350 0.518750 0.126530 0.090590
1 0.156240 0.707800 0.121860 0.104650
0 0.282760 0.324970 0.081210 0.082760
0 0.370290 0.332800 0.081210 0.082760
0 0.668710 0.228110 0.081210 0.081210
5 0.748410 0.600000 0.078100 0.071870
