9 0.437490 0.832780 0.042160 0.062490
3 0.195280 0.609340 0.053100 0.046880
3 0.299980 0.732800 0.049990 0.054660
0 0.526530 0.749970 0.054660 0.067150
2 0.362460 0.512470 0.060930 0.054660
2 0.529690 0.674980 0.051540 0.070270
4 0.371850 0.770290 0.064040 0.096860
1 0.364020 0.856210 0.067150 0.098420
1 0.621840 0.684370 0.073430 0.082760
4 0.542180 0.856210 0.062490 0.103090
5 0.445270 0.670270 0.043720 0.064040
5 0.423440 0.587460 0.045270 0.046880
11 0.221840 0.667150 0.060930 0.060930
11 0.382790 0.676540 0.048430 0.059330
10 0.203110 0.771850 0.090590 0.090590
10 0.273430 0.671870 0.076540 0.073430
7 0.296860 0.589060 0.076540 0.067150
7 0.443720 0.756240 0.054660 0.084370
8 0.610890 0.843720 0.060930 0.081210
8 0.465600 0.518750 0.048430 0.059330
8 0.368730 0.587460 0.046880 0.064040
8 0.209340 0.840600 0.074980 0.085920
9 0.606230 0.762460 0.048430 0.059330
6 0.529690 0.576520 0.054660 0.053100
6 0.290590 0.846880 0.062490 0.082760
