9 0.534360 0.624990 0.074980 0.076540
9 0.354680 0.631220 0.076540 0.070270
9 0.740580 0.339020 0.084370 0.073430
9 0.106250 0.123410 0.095310 0.090590
8 0.232780 0.531240 0.103090 0.074980
8 0.653100 0.818720 0.096860 0.110920
8 0.865600 0.834330 0.110920 0.126530
8 0.635930 0.612500 0.084370 0.096860
7 0.618720 0.093710 0.096860 0.134360
7 0.851540 0.407780 0.139020 0.095310
6 0.126530 0.460930 0.117190 0.081210
6 0.349970 0.851540 0.101530 0.117190
6 0.643720 0.710920 0.081210 0.087480
6 0.828110 0.229660 0.095310 0.092150
10 0.760910 0.517190 0.128080 0.087480
10 0.853100 0.714030 0.131240 0.114030
11 0.339020 0.432780 0.087480 0.084370
11 0.123410 0.642160 0.137470 0.104650
5 0.317190 0.137470 0.095310 0.103090
5 0.459330 0.510920 0.073430 0.073430
5 0.734360 0.618720 0.090590 0.089040
5 0.449990 0.718750 0.084370 0.095310
4 0.126530 0.332800 0.131240 0.110920
4 0.523410 0.115590 0.081210 0.148410
2 0.734360 0.217170 0.098420 0.103090
2 0.528080 0.332800 0.084370 0.090590
1 0.323410 0.328080 0.104650 0.110920
1 0.232780 0.728080 0.131240 0.120300
0 0.348410 0.214050 0.092150 0.092150
0 0.832780 0.609340 0.098420 0.087480
0 0.546850 0.834330 0.082760 0.117190
