5 0.110920 0.593730 0.070270 0.056210
5 0.323410 0.224990 0.039050 0.059330
0 0.190620 0.464040 0.054660 0.060930
4 0.218720 0.390620 0.065600 0.085920
1 0.248430 0.340630 0.060930 0.085920
3 0.332800 0.318750 0.031220 0.046880
3 0.353120 0.284370 0.028110 0.049990
3 0.374960 0.243720 0.026550 0.046880
3 0.431220 0.401560 0.029660 0.046880
3 0.346850 0.437490 0.034380 0.046880
3 0.257770 0.487480 0.039050 0.046880
3 0.234380 0.548410 0.043720 0.046880
3 0.184340 0.609340 0.048430 0.043720
2 0.306250 0.493710 0.053100 0.054660
2 0.398400 0.331240 0.040600 0.060930
6 0.446880 0.515590 0.042160 0.062490
6 0.517190 0.540630 0.039050 0.054660
8 0.567180 0.371850 0.042160 0.060930
9 0.496860 0.410890 0.032780 0.049990
9 0.629660 0.389060 0.032780 0.048430
9 0.642160 0.342180 0.029660 0.048430
9 0.645270 0.295310 0.028110 0.045270
9 0.582790 0.565620 0.035930 0.048430
9 0.567180 0.707800 0.037490 0.042160
9 0.568730 0.618720 0.035930 0.043720
11 0.642160 0.723410 0.049990 0.056210
11 0.717190 0.307800 0.042160 0.062490
7 0.684370 0.443720 0.053100 0.082760
10 0.679650 0.506250 0.056210 0.079650
