11 0.198400 0.371850 0.057770 0.076540
9 0.145300 0.589060 0.059330 0.060930
9 0.173400 0.528080 0.056210 0.057770
9 0.245270 0.459330 0.048430 0.059330
9 0.423440 0.428110 0.040600 0.059330
9 0.342180 0.298420 0.034380 0.057770
9 0.351520 0.243720 0.031220 0.056210
9 0.389060 0.204670 0.032780 0.057770
7 0.267150 0.243720 0.062490 0.115590
8 0.409340 0.301530 0.043720 0.070270
3 0.582790 0.762460 0.049990 0.057770
3 0.528080 0.640600 0.046880 0.062490
3 0.624990 0.576520 0.046880 0.056210
3 0.603110 0.362460 0.031220 0.059330
3 0.629660 0.323410 0.034380 0.060930
3 0.706250 0.281210 0.037490 0.056210
0 0.634380 0.260930 0.039050 0.076540
5 0.746850 0.465600 0.060930 0.074980
1 0.714030 0.681210 0.087480 0.098420
