4 0.273430 0.371850 0.160910 0.159350
5 0.407780 0.642160 0.098420 0.096860
5 0.564020 0.785900 0.121860 0.134360
1 0.712470 0.632780 0.168730 0.128080
7 0.573400 0.503090 0.117190 0.104650
7 0.279650 0.651540 0.151520 0.112470
10 0.696860 0.481210 0.139020 0.118750
10 0.701530 0.767180 0.153120 0.151520
11 0.292150 0.520300 0.109360 0.078100
2 0.664040 0.381230 0.085920 0.099980
2 0.273430 0.787460 0.143740 0.131240
4 0.545300 0.635930 0.103090 0.106250
8 0.412500 0.381230 0.106250 0.115590
8 0.429660 0.507800 0.103090 0.103090
