7 0.464040 0.212500 0.073430 0.074980
3 0.620280 0.209340 0.081210 0.060930
6 0.224990 0.290590 0.071870 0.073430
5 0.312470 0.290590 0.079650 0.064040
6 0.390620 0.292150 0.068710 0.073430
3 0.470270 0.295310 0.067150 0.067150
9 0.543740 0.281210 0.051540 0.053100
11 0.631220 0.289040 0.064040 0.076540
3 0.701530 0.281210 0.064040 0.060930
9 0.785900 0.279650 0.057770 0.070270
1 0.223440 0.381230 0.078100 0.065600
9 0.474980 0.374960 0.079650 0.073430
1 0.556240 0.368730 0.048430 0.068710
4 0.221840 0.451540 0.085920 0.065600
4 0.382790 0.448430 0.071870 0.071870
9 0.551520 0.445270 0.064040 0.059330
5 0.703090 0.439050 0.079650 0.070270
11 0.787460 0.437490 0.064040 0.062490
6 0.310920 0.523410 0.074980 0.065600
10 0.473430 0.523410 0.070270 0.071870
8 0.626550 0.520300 0.073430 0.067150
5 0.789060 0.512470 0.078100 0.067150
8 0.229660 0.607780 0.082760 0.079650
10 0.393730 0.601560 0.078100 0.070270
8 0.474980 0.603110 0.059330 0.074980
0 0.632780 0.600000 0.068710 0.067150
2 0.717190 0.595280 0.070270 0.071870
9 0.796840 0.596840 0.076540 0.067150
0 0.312470 0.689040 0.082760 0.076540
6 0.399950 0.689040 0.057770 0.081210
5 0.556240 0.678100 0.070270 0.070270
2 0.718750 0.678100 0.081210 0.073430
8 0.231220 0.771850 0.082760 0.084370
7 0.484370 0.770290 0.068710 0.087480
0 0.642160 0.756240 0.071870 0.070270
3 0.804670 0.754680 0.074980 0.073430
3 0.710920 0.262490 0.060930 0.074980
3 0.817170 0.756240 0.074980 0.074980
1 0.562460 0.354680 0.076540 0.090590
1 0.217170 0.357790 0.114030 0.096860
2 0.732800 0.667150 0.104650 0.074980
2 0.714030 0.589060 0.093710 0.071870
0 0.649990 0.768730 0.082760 0.084370
4 0.210890 0.443720 0.121860 0.081210
4 0.379670 0.440600 0.096860 0.089040
5 0.309360 0.279650 0.082760 0.092150
5 0.710920 0.421840 0.079650 0.078100
5 0.554680 0.687480 0.071870 0.081210
5 0.290590 0.692150 0.085920 0.078100
6 0.289040 0.523410 0.084370 0.067150
6 0.218720 0.271870 0.090590 0.081210
6 0.384340 0.276540 0.071870 0.078100
6 0.387460 0.678100 0.070270 0.078100
7 0.468710 0.781230 0.073430 0.123410
7 0.460930 0.184340 0.089040 0.134360
8 0.214050 0.784340 0.090590 0.095310
8 0.467150 0.601560 0.070270 0.071870
8 0.634380 0.517190 0.073430 0.074980
9 0.817170 0.600000 0.081210 0.067150
10 0.373400 0.600000 0.089040 0.081210
10 0.473430 0.521860 0.074980 0.065600
11 0.631220 0.273430 0.070270 0.084370
11 0.796840 0.431220 0.090590 0.070270
