11 0.548410 0.348410 0.070270 0.078100
11 0.773400 0.643720 0.090590 0.090590
10 0.128080 0.132800 0.121860 0.131240
10 0.356240 0.242160 0.092150 0.104650
10 0.451540 0.240600 0.081210 0.109360
9 0.245270 0.139020 0.065600 0.078100
9 0.874980 0.151520 0.076540 0.074980
9 0.531240 0.257770 0.057770 0.071870
9 0.660930 0.257770 0.060930 0.070270
9 0.159350 0.446880 0.070270 0.065600
9 0.274980 0.549970 0.071870 0.059330
9 0.370290 0.553080 0.054660 0.054660
9 0.879650 0.560910 0.081210 0.057770
9 0.562460 0.648430 0.073430 0.065600
9 0.449990 0.656210 0.049990 0.065600
9 0.649990 0.762460 0.065600 0.073430
9 0.851540 0.756240 0.074980 0.064040
9 0.143740 0.856210 0.087480 0.081210
9 0.456210 0.867150 0.056210 0.076540
9 0.554680 0.851540 0.065600 0.076540
7 0.237490 0.223440 0.117190 0.115590
7 0.448430 0.351520 0.081210 0.101530
7 0.889040 0.218720 0.134360 0.126530
6 0.357790 0.329690 0.074980 0.074980
6 0.674980 0.343740 0.079650 0.082760
6 0.649990 0.454660 0.070270 0.070270
6 0.437490 0.553080 0.065600 0.081210
6 0.239050 0.764020 0.089040 0.081210
6 0.370290 0.874980 0.082760 0.093710
5 0.381230 0.149970 0.078100 0.093710
5 0.134360 0.357790 0.101530 0.078100
5 0.773400 0.443720 0.081210 0.076540
5 0.449990 0.768730 0.071870 0.098420
5 0.559350 0.748410 0.076540 0.085920
5 0.882760 0.651540 0.104650 0.076540
4 0.471870 0.131240 0.073430 0.129690
4 0.745300 0.129690 0.117190 0.134360
4 0.765580 0.760910 0.107800 0.107800
3 0.554680 0.137470 0.053100 0.090590
3 0.654660 0.164020 0.065600 0.093710
3 0.753120 0.262490 0.078100 0.070270
3 0.164020 0.249990 0.059330 0.076540
3 0.279650 0.332800 0.060930 0.068710
3 0.474980 0.440600 0.051540 0.065600
3 0.874980 0.478100 0.081210 0.064040
3 0.154680 0.554680 0.090590 0.064040
3 0.153120 0.631220 0.078100 0.065600
3 0.654660 0.564020 0.060930 0.078100
3 0.637490 0.634380 0.057770 0.057770
3 0.649990 0.848430 0.062490 0.081210
3 0.867150 0.860930 0.084370 0.074980
3 0.760910 0.862490 0.074980 0.073430
2 0.848430 0.353120 0.107800 0.074980
2 0.343740 0.434380 0.079650 0.079650
2 0.242160 0.639050 0.095310 0.074980
2 0.264040 0.864040 0.090590 0.106250
1 0.768730 0.548410 0.121860 0.096860
1 0.243720 0.454660 0.118750 0.082760
1 0.549970 0.557790 0.078100 0.089040
0 0.754680 0.340630 0.074980 0.079650
0 0.554680 0.446880 0.074980 0.079650
0 0.359350 0.653100 0.082760 0.085920
0 0.359350 0.742180 0.081210 0.085920
0 0.143740 0.757790 0.095310 0.084370
