3 0.124970 0.210890 0.076540 0.070270
3 0.331240 0.214050 0.065600 0.078100
3 0.814050 0.220280 0.079650 0.081210
3 0.542180 0.309360 0.071870 0.076540
3 0.360910 0.407780 0.062490 0.065600
3 0.639050 0.420280 0.081210 0.071870
3 0.720300 0.403110 0.067150 0.076540
3 0.135910 0.498420 0.076540 0.062490
3 0.543740 0.510920 0.074980 0.065600
3 0.126530 0.707800 0.087480 0.068710
3 0.328080 0.710920 0.070270 0.076540
3 0.634380 0.699980 0.074980 0.057770
3 0.839050 0.707800 0.087480 0.073430
3 0.440600 0.893710 0.079650 0.081210
3 0.637490 0.904650 0.081210 0.074980
9 0.646830 0.220280 0.073430 0.070270
9 0.235930 0.317190 0.079650 0.070270
9 0.834330 0.306250 0.084370 0.073430
9 0.240600 0.410890 0.065600 0.071870
9 0.831220 0.499980 0.081210 0.073430
9 0.332800 0.606230 0.065600 0.062490
9 0.518750 0.598400 0.060930 0.060930
9 0.234380 0.699980 0.076540 0.064040
9 0.520300 0.695310 0.071870 0.073430
9 0.732800 0.687480 0.081210 0.082760
9 0.740580 0.807780 0.082760 0.073430
9 0.126530 0.904650 0.092150 0.082760
9 0.329690 0.912470 0.081210 0.082760
9 0.542180 0.904650 0.071870 0.081210
9 0.756240 0.899980 0.090590 0.079650
