11 0.381230 0.742180 0.076540 0.085920
11 0.662490 0.517190 0.084370 0.070270
10 0.843720 0.123410 0.129690 0.109360
10 0.754680 0.331240 0.118750 0.089040
10 0.757790 0.423440 0.117190 0.082760
9 0.164020 0.132800 0.081210 0.092150
9 0.556240 0.149970 0.070270 0.079650
9 0.459330 0.251540 0.070270 0.078100
9 0.454660 0.345300 0.060930 0.074980
9 0.149970 0.439050 0.071870 0.065600
9 0.362460 0.431220 0.076540 0.070270
9 0.748410 0.510920 0.076540 0.081210
9 0.371850 0.540630 0.064040 0.079650
9 0.173400 0.540630 0.079650 0.062490
9 0.262490 0.628110 0.070270 0.065600
9 0.749970 0.620280 0.074980 0.068710
9 0.857770 0.828110 0.078100 0.074980
9 0.464040 0.849990 0.062490 0.074980
9 0.271870 0.829660 0.074980 0.078100
7 0.768730 0.223440 0.126530 0.114030
7 0.659370 0.429660 0.107800 0.082760
7 0.792170 0.842160 0.124970 0.121860
6 0.253100 0.221840 0.078100 0.092150
6 0.673430 0.334360 0.087480 0.082760
6 0.459330 0.415610 0.068710 0.074980
6 0.559350 0.618720 0.074980 0.076540
6 0.664040 0.640600 0.089040 0.074980
6 0.148410 0.351520 0.101530 0.089040
9 0.840600 0.229660 0.082760 0.070270
5 0.643720 0.123410 0.084370 0.106250
5 0.834330 0.354680 0.101530 0.078100
5 0.249990 0.432780 0.078100 0.076540
5 0.267150 0.542180 0.078100 0.074980
5 0.578120 0.735910 0.084370 0.093710
5 0.371850 0.856210 0.074980 0.101530
4 0.854660 0.439050 0.140580 0.078100
4 0.870270 0.699980 0.142180 0.098420
4 0.265600 0.735910 0.092150 0.096860
3 0.374960 0.143740 0.068710 0.084370
3 0.451540 0.148410 0.068710 0.082760
3 0.735910 0.157790 0.070270 0.084370
3 0.668710 0.265600 0.067150 0.064040
3 0.571850 0.443720 0.060930 0.065600
3 0.854660 0.521860 0.084370 0.070270
3 0.174960 0.632780 0.074980 0.070270
3 0.454660 0.624990 0.053100 0.067150
3 0.381230 0.621840 0.074980 0.064040
3 0.159350 0.737470 0.078100 0.081210
3 0.740580 0.714030 0.078100 0.064040
3 0.829660 0.618720 0.082760 0.056210
3 0.535910 0.848430 0.062490 0.089040
3 0.162460 0.853100 0.071870 0.087480
2 0.149970 0.237490 0.092150 0.103090
2 0.567180 0.328080 0.087480 0.095310
2 0.664040 0.812500 0.082760 0.109360
1 0.557790 0.228110 0.096860 0.110920
1 0.454660 0.523410 0.082760 0.073430
1 0.478100 0.728080 0.087480 0.107800
0 0.254660 0.128080 0.078100 0.104650
0 0.279650 0.340630 0.076540 0.082760
0 0.565620 0.526530 0.085920 0.085920
0 0.671870 0.714030 0.084370 0.074980
0 0.362460 0.332800 0.065600 0.085920
2 0.367180 0.226550 0.071870 0.095310
