11 0.239050 0.635930 0.062490 0.076540
11 0.284370 0.260930 0.039050 0.062490
6 0.254660 0.492150 0.056210 0.074980
6 0.274980 0.334360 0.043720 0.074980
8 0.401560 0.481210 0.046880 0.074980
8 0.406230 0.329690 0.039050 0.073430
7 0.249990 0.423440 0.068710 0.104650
10 0.260930 0.370290 0.056210 0.093710
9 0.345300 0.349970 0.034380 0.053100
9 0.337470 0.298420 0.031220 0.051540
9 0.353120 0.256210 0.024990 0.049990
9 0.531240 0.379670 0.031220 0.053100
9 0.479650 0.432780 0.034380 0.056210
9 0.323410 0.489040 0.037490 0.057770
9 0.318750 0.551520 0.040600 0.056210
9 0.326530 0.626550 0.043720 0.057770
3 0.724970 0.626550 0.048430 0.056210
3 0.724970 0.540630 0.045270 0.056210
3 0.699980 0.476540 0.042160 0.053100
3 0.548410 0.423440 0.031220 0.056210
3 0.596840 0.379670 0.032780 0.056210
3 0.645270 0.334360 0.029660 0.053100
3 0.637490 0.290590 0.029660 0.049990
3 0.610890 0.253100 0.024990 0.049990
2 0.587460 0.328080 0.040600 0.067150
2 0.609340 0.476540 0.046880 0.078100
5 0.690590 0.254660 0.039050 0.056210
5 0.820280 0.603110 0.071870 0.074980
0 0.767180 0.467150 0.054660 0.079650
0 0.704650 0.320300 0.039050 0.071870
4 0.732800 0.354680 0.062490 0.093710
1 0.742180 0.410890 0.067150 0.101530
