7 0.210890 0.262490 0.057770 0.043720
0 0.281210 0.260930 0.045270 0.045270
0 0.362460 0.256210 0.060930 0.051540
3 0.440600 0.254660 0.045270 0.048430
2 0.518750 0.253100 0.071870 0.045270
6 0.596840 0.253100 0.070270 0.064040
8 0.678100 0.245270 0.062490 0.056210
8 0.757790 0.242160 0.074980 0.056210
10 0.221840 0.349970 0.074980 0.065600
11 0.298420 0.349970 0.065600 0.068710
1 0.370290 0.335910 0.071870 0.057770
5 0.451540 0.343740 0.071870 0.071870
2 0.524970 0.339020 0.071870 0.068710
6 0.604670 0.334360 0.067150 0.064040
8 0.689040 0.332800 0.064040 0.059330
4 0.754680 0.318750 0.073430 0.053100
9 0.217170 0.420280 0.051540 0.054660
5 0.298420 0.412500 0.064040 0.057770
0 0.376520 0.417170 0.054660 0.057770
5 0.456210 0.415610 0.065600 0.054660
8 0.531240 0.412500 0.064040 0.053100
10 0.610890 0.410890 0.064040 0.062490
4 0.690590 0.403110 0.067150 0.065600
1 0.774960 0.401560 0.043720 0.068710
9 0.457770 0.560910 0.073430 0.067150
9 0.539020 0.632780 0.076540 0.062490
9 0.231220 0.724970 0.062490 0.060930
3 0.306250 0.723410 0.054660 0.068710
11 0.384340 0.718750 0.065600 0.067150
9 0.462490 0.712470 0.056210 0.071870
3 0.531240 0.707800 0.051540 0.048430
6 0.618720 0.709360 0.073430 0.064040
5 0.696860 0.707800 0.079650 0.078100
6 0.785900 0.706250 0.074980 0.074980
3 0.392170 0.792170 0.067150 0.057770
7 0.543740 0.792170 0.068710 0.073430
10 0.203110 0.334360 0.106250 0.093710
10 0.615610 0.407780 0.070270 0.082760
7 0.192170 0.242160 0.120300 0.101530
7 0.546850 0.812500 0.084370 0.123410
6 0.604670 0.254660 0.073430 0.082760
6 0.610890 0.339020 0.065600 0.067150
6 0.615610 0.714030 0.067150 0.093710
6 0.778120 0.714030 0.084370 0.082760
9 0.209340 0.415610 0.068710 0.065600
9 0.534360 0.617170 0.060930 0.062490
9 0.212500 0.729690 0.068710 0.076540
11 0.274980 0.318750 0.082760 0.074980
11 0.379670 0.726530 0.073430 0.089040
5 0.451540 0.324970 0.067150 0.070270
5 0.293710 0.412500 0.082760 0.070270
4 0.774960 0.312470 0.110920 0.087480
4 0.709360 0.396840 0.087480 0.073430
1 0.370290 0.324970 0.081210 0.089040
1 0.792170 0.396840 0.106250 0.078100
2 0.526530 0.318750 0.073430 0.089040
2 0.514030 0.232780 0.073430 0.099980
0 0.356240 0.248430 0.079650 0.081210
0 0.273430 0.249990 0.076540 0.082760
8 0.778120 0.242160 0.120300 0.081210
8 0.679650 0.249990 0.071870 0.082760
8 0.684370 0.321860 0.074980 0.090590
