8 0.112470 0.153120 0.106250 0.096860
9 0.134360 0.245270 0.092150 0.065600
0 0.246880 0.243720 0.095310 0.090590
6 0.340630 0.145300 0.093710 0.117190
0 0.418720 0.179670 0.081210 0.084370
8 0.624990 0.156240 0.098420 0.099980
8 0.540630 0.256210 0.087480 0.092150
4 0.723410 0.215610 0.093710 0.120300
2 0.815610 0.242160 0.090590 0.093710
6 0.621840 0.337470 0.076540 0.084370
7 0.414050 0.329690 0.090590 0.099980
0 0.134360 0.437490 0.095310 0.081210
9 0.532800 0.424990 0.067150 0.060930
9 0.726530 0.431220 0.085920 0.073430
9 0.449990 0.540630 0.076540 0.068710
9 0.823440 0.612500 0.076540 0.062490
4 0.835930 0.431220 0.117190 0.095310
2 0.732800 0.534360 0.087480 0.074980
10 0.617170 0.523410 0.090590 0.081210
11 0.234380 0.534360 0.090590 0.070270
5 0.328080 0.535910 0.082760 0.073430
5 0.129690 0.621840 0.106250 0.074980
6 0.534360 0.618720 0.076540 0.071870
8 0.832780 0.721860 0.101530 0.090590
5 0.534360 0.726530 0.078100 0.081210
6 0.334360 0.712470 0.076540 0.074980
1 0.112470 0.732800 0.131240 0.104650
1 0.109360 0.856210 0.134360 0.109360
10 0.331240 0.840600 0.103090 0.110920
5 0.545300 0.839050 0.082760 0.098420
7 0.745300 0.853100 0.126530 0.124970
