9 0.293710 0.773400 0.059330 0.064040
6 0.393730 0.762460 0.064040 0.082760
9 0.318750 0.587460 0.051540 0.064040
9 0.484370 0.598400 0.046880 0.064040
9 0.403110 0.446880 0.043720 0.067150
9 0.332800 0.326530 0.040600 0.065600
9 0.337470 0.274980 0.040600 0.067150
9 0.168730 0.246880 0.049990 0.068710
9 0.157790 0.293710 0.051540 0.068710
7 0.214050 0.668710 0.095310 0.110920
11 0.240600 0.581230 0.070270 0.085920
6 0.256210 0.376520 0.062490 0.092150
8 0.259370 0.329690 0.065600 0.084370
11 0.270270 0.264040 0.056210 0.085920
10 0.128080 0.390620 0.084370 0.103090
8 0.139020 0.337470 0.076540 0.081210
3 0.578120 0.760910 0.053100 0.068710
3 0.734360 0.671870 0.057770 0.067150
3 0.562460 0.590620 0.048430 0.068710
3 0.631220 0.510920 0.046880 0.067150
3 0.559350 0.449990 0.043720 0.068710
3 0.671870 0.317190 0.043720 0.068710
3 0.668710 0.260930 0.043720 0.067150
4 0.474980 0.259370 0.054660 0.104650
2 0.546850 0.317190 0.054660 0.082760
5 0.849990 0.746850 0.087480 0.084370
0 0.809340 0.571850 0.078100 0.095310
5 0.760910 0.368730 0.064040 0.089040
1 0.751520 0.293710 0.076540 0.123410
0 0.876540 0.318750 0.071870 0.098420
2 0.856210 0.265600 0.073430 0.087480
2 0.839050 0.228110 0.049990 0.070270
