4 0.384340 0.689040 0.074980 0.074980
4 0.617170 0.785900 0.079650 0.099980
4 0.779670 0.779670 0.106250 0.092150
4 0.309360 0.309360 0.093710 0.090590
10 0.243720 0.228110 0.099980 0.093710
10 0.543740 0.231220 0.067150 0.112470
10 0.778120 0.460930 0.099980 0.074980
10 0.693710 0.545300 0.087480 0.070270
10 0.224990 0.767180 0.099980 0.082760
10 0.385900 0.392170 0.076540 0.074980
10 0.468710 0.467150 0.070270 0.065600
7 0.226550 0.537470 0.109360 0.064040
7 0.399950 0.234380 0.081210 0.106250
7 0.785900 0.618720 0.095310 0.074980
7 0.298420 0.612500 0.093710 0.065600
7 0.534360 0.392170 0.068710 0.071870
1 0.537470 0.534360 0.070270 0.071870
6 0.703090 0.248430 0.067150 0.081210
6 0.537470 0.782790 0.059330 0.085920
6 0.459330 0.771850 0.059330 0.070270
6 0.610890 0.609340 0.059330 0.062490
9 0.468710 0.320300 0.054660 0.059330
9 0.631220 0.323410 0.054660 0.068710
9 0.765580 0.314030 0.060930 0.057770
9 0.685920 0.390620 0.056210 0.064040
9 0.612500 0.465600 0.049990 0.059330
9 0.239050 0.387460 0.067150 0.056210
9 0.317190 0.460930 0.057770 0.060930
9 0.390620 0.537470 0.051540 0.049990
9 0.457770 0.600000 0.054660 0.053100
9 0.535910 0.689040 0.056210 0.059330
9 0.690590 0.684370 0.064040 0.059330
