11 0.265600 0.407780 0.068710 0.060930
11 0.685920 0.549970 0.074980 0.057770
9 0.356240 0.274980 0.051540 0.067150
9 0.354680 0.348410 0.054660 0.064040
9 0.496860 0.284370 0.060930 0.060930
9 0.487480 0.349970 0.078100 0.060930
9 0.626550 0.282760 0.054660 0.056210
9 0.629660 0.354680 0.064040 0.056210
9 0.632780 0.412500 0.064040 0.049990
9 0.417170 0.623440 0.056210 0.068710
9 0.489040 0.623440 0.056210 0.064040
9 0.424990 0.690590 0.067150 0.062490
8 0.557790 0.698420 0.057770 0.067150
8 0.415610 0.543740 0.065600 0.070270
8 0.493710 0.556240 0.067150 0.065600
8 0.560910 0.621840 0.067150 0.057770
8 0.267150 0.478100 0.074980 0.067150
7 0.273430 0.249990 0.089040 0.095310
6 0.271870 0.337470 0.084370 0.062490
6 0.489040 0.418720 0.078100 0.071870
6 0.565620 0.415610 0.060930 0.060930
6 0.560910 0.551520 0.068710 0.056210
6 0.762460 0.618720 0.081210 0.051540
5 0.268710 0.709360 0.068710 0.073430
5 0.623440 0.690590 0.049990 0.062490
3 0.567180 0.481210 0.062490 0.056210
3 0.699980 0.356240 0.065600 0.064040
3 0.695310 0.281210 0.067150 0.049990
3 0.682760 0.617170 0.054660 0.056210
3 0.628110 0.549970 0.054660 0.067150
3 0.264040 0.795280 0.078100 0.085920
3 0.332800 0.484370 0.053100 0.078100
2 0.560910 0.353120 0.056210 0.054660
2 0.567180 0.279650 0.067150 0.074980
2 0.701530 0.424990 0.060930 0.057770
0 0.498420 0.481210 0.067150 0.059330
0 0.264040 0.556240 0.078100 0.068710
0 0.262490 0.624990 0.107800 0.067150
0 0.489040 0.698420 0.056210 0.073430
0 0.692150 0.681210 0.068710 0.074980
0 0.632780 0.484370 0.064040 0.068710
0 0.626550 0.618720 0.062490 0.057770
11 0.703090 0.487480 0.068710 0.057770
11 0.760910 0.549970 0.068710 0.056210
