10 0.428110 0.578120 0.101530 0.082760
10 0.793730 0.659370 0.117190 0.079650
10 0.696860 0.485920 0.093710 0.065600
10 0.510920 0.490590 0.082760 0.074980
10 0.331240 0.318750 0.076540 0.093710
10 0.331240 0.232780 0.096860 0.096860
10 0.243720 0.229660 0.104650 0.103090
10 0.245270 0.582790 0.096860 0.074980
10 0.426550 0.668710 0.079650 0.087480
7 0.132800 0.589060 0.104650 0.082760
7 0.429660 0.485920 0.081210 0.081210
7 0.509360 0.406230 0.078100 0.078100
7 0.685920 0.314030 0.099980 0.101530
7 0.774960 0.389060 0.101530 0.089040
7 0.421840 0.312470 0.071870 0.106250
7 0.607780 0.478100 0.074980 0.076540
7 0.606230 0.582790 0.095310 0.081210
4 0.329690 0.492150 0.087480 0.085920
4 0.598400 0.387460 0.084370 0.085920
4 0.779670 0.568730 0.101530 0.074980
4 0.589060 0.224990 0.079650 0.109360
4 0.512470 0.579670 0.074980 0.084370
4 0.521860 0.668710 0.089040 0.078100
1 0.148410 0.493710 0.115590 0.078100
1 0.237490 0.403110 0.092150 0.084370
1 0.423440 0.399950 0.084370 0.095310
1 0.507800 0.314030 0.073430 0.099980
1 0.678100 0.135910 0.093710 0.124970
1 0.139020 0.132800 0.114030 0.124970
1 0.768730 0.303090 0.096860 0.112470
1 0.487480 0.129690 0.074980 0.132800
