1 0.678100 0.681210 0.082760 0.076540
4 0.287480 0.684370 0.093710 0.076540
4 0.298420 0.768730 0.087480 0.089040
4 0.374960 0.760910 0.081210 0.082760
4 0.214050 0.764020 0.104650 0.089040
6 0.218720 0.224990 0.079650 0.078100
6 0.523410 0.529690 0.062490 0.059330
6 0.445270 0.679650 0.070270 0.068710
6 0.451540 0.760910 0.059330 0.070270
9 0.370290 0.232780 0.064040 0.062490
9 0.301530 0.315590 0.062490 0.060930
9 0.373400 0.387460 0.067150 0.057770
9 0.448430 0.459330 0.060930 0.049990
9 0.523410 0.307800 0.060930 0.062490
9 0.595280 0.307800 0.057770 0.062490
9 0.748410 0.306250 0.067150 0.059330
9 0.454660 0.593730 0.053100 0.049990
9 0.518750 0.674980 0.057770 0.059330
9 0.596840 0.673430 0.056210 0.056210
9 0.767180 0.751520 0.068710 0.062490
10 0.295310 0.596840 0.087480 0.068710
10 0.290590 0.524970 0.090590 0.059330
10 0.215610 0.526530 0.093710 0.067150
10 0.212500 0.606230 0.099980 0.074980
10 0.373400 0.610890 0.074980 0.067150
10 0.378120 0.676540 0.076540 0.074980
10 0.215610 0.676540 0.093710 0.064040
7 0.671870 0.298420 0.081210 0.093710
7 0.668710 0.381230 0.073430 0.071870
7 0.673430 0.453100 0.084370 0.062490
7 0.671870 0.526530 0.081210 0.067150
7 0.674980 0.601560 0.081210 0.071870
