1 0.282760 0.274980 0.087480 0.087480
4 0.637490 0.481210 0.064040 0.056210
4 0.574960 0.545300 0.064040 0.060930
4 0.499980 0.624990 0.065600 0.062490
4 0.220280 0.620280 0.098420 0.062490
9 0.364020 0.348410 0.051540 0.048430
9 0.431220 0.410890 0.056210 0.053100
9 0.639050 0.403110 0.051540 0.049990
9 0.364020 0.481210 0.059330 0.049990
9 0.299980 0.548410 0.057770 0.048430
9 0.720300 0.543740 0.057770 0.053100
9 0.648430 0.621840 0.054660 0.054660
9 0.576520 0.695310 0.057770 0.062490
9 0.299980 0.760910 0.054660 0.046880
9 0.223440 0.765580 0.056210 0.053100
9 0.298420 0.631220 0.043720 0.048430
6 0.289040 0.420280 0.068710 0.051540
6 0.573400 0.410890 0.060930 0.059330
6 0.709360 0.403110 0.064040 0.060930
6 0.646830 0.779670 0.059330 0.079650
10 0.559350 0.248430 0.065600 0.093710
10 0.635930 0.253100 0.064040 0.092150
10 0.715590 0.246880 0.073430 0.082760
10 0.220280 0.478100 0.098420 0.060930
10 0.490590 0.476540 0.065600 0.062490
10 0.431220 0.554680 0.076540 0.056210
10 0.429660 0.692150 0.071870 0.070270
7 0.432780 0.246880 0.078100 0.092150
7 0.499980 0.334360 0.068710 0.081210
7 0.357790 0.620280 0.076540 0.060930
7 0.220280 0.698420 0.098420 0.073430
7 0.365580 0.774960 0.074980 0.087480
