5 0.192170 0.631220 0.065600 0.070270
6 0.231220 0.462490 0.043720 0.070270
1 0.257770 0.339020 0.059330 0.093710
9 0.359350 0.393730 0.040600 0.054660
3 0.356240 0.471870 0.037490 0.054660
9 0.356240 0.518750 0.040600 0.054660
10 0.420280 0.374960 0.040600 0.090590
5 0.479650 0.456210 0.040600 0.065600
4 0.470270 0.501530 0.046880 0.090590
6 0.521860 0.382790 0.032780 0.070270
8 0.610890 0.345300 0.043720 0.064040
11 0.632780 0.424990 0.045270 0.065600
7 0.585900 0.506250 0.054660 0.095310
5 0.609340 0.615610 0.049990 0.078100
