9 0.307800 0.840600 0.070270 0.073430
9 0.312470 0.737470 0.064040 0.071870
9 0.312470 0.645270 0.060930 0.071870
9 0.382790 0.493710 0.053100 0.073430
9 0.301530 0.378120 0.051540 0.071870
9 0.299980 0.324970 0.051540 0.073430
9 0.124970 0.365580 0.060930 0.073430
9 0.128080 0.318750 0.059330 0.071870
10 0.434380 0.289040 0.067150 0.109360
11 0.220280 0.849990 0.096860 0.096860
8 0.215610 0.757790 0.099980 0.090590
6 0.224990 0.662490 0.085920 0.096860
7 0.221840 0.571850 0.103090 0.124970
6 0.229660 0.439050 0.076540 0.098420
8 0.228110 0.392170 0.079650 0.090590
11 0.231220 0.324970 0.070270 0.092150
3 0.593730 0.793730 0.060930 0.074980
3 0.540630 0.474980 0.053100 0.073430
3 0.720300 0.590620 0.060930 0.073430
3 0.740580 0.682760 0.062490 0.073430
3 0.699980 0.515590 0.059330 0.078100
3 0.640600 0.324970 0.051540 0.073430
3 0.631220 0.270270 0.049990 0.073430
3 0.798400 0.215610 0.059330 0.076540
2 0.820280 0.249990 0.084370 0.095310
2 0.610890 0.456210 0.073430 0.092150
0 0.490590 0.712470 0.071870 0.095310
0 0.803110 0.571850 0.085920 0.106250
5 0.865600 0.749970 0.096860 0.103090
5 0.699980 0.253100 0.067150 0.093710
1 0.778120 0.487480 0.099980 0.129690
4 0.760910 0.423440 0.087480 0.112470
