0 0.637490 0.635930 0.074980 0.067150
0 0.723410 0.701530 0.074980 0.070270
0 0.326530 0.565620 0.068710 0.073430
0 0.332800 0.643720 0.073430 0.074980
0 0.640600 0.406230 0.081210 0.067150
0 0.496860 0.718750 0.064040 0.071870
0 0.406230 0.476540 0.070270 0.067150
2 0.487480 0.401560 0.074980 0.074980
2 0.568730 0.326530 0.078100 0.076540
2 0.567180 0.240600 0.074980 0.082760
3 0.303090 0.474980 0.079650 0.089040
3 0.406230 0.800000 0.068710 0.074980
3 0.557790 0.481210 0.064040 0.071870
3 0.709360 0.321860 0.074980 0.071870
3 0.710920 0.245270 0.076540 0.071870
3 0.704650 0.631220 0.051540 0.064040
5 0.639050 0.707800 0.071870 0.074980
5 0.315590 0.735910 0.073430 0.082760
6 0.557790 0.399950 0.071870 0.068710
6 0.406230 0.396840 0.065600 0.068710
6 0.570290 0.557790 0.056210 0.056210
6 0.790620 0.634380 0.085920 0.056210
6 0.479650 0.557790 0.070270 0.056210
8 0.643720 0.474980 0.093710 0.074980
8 0.785900 0.484370 0.065600 0.068710
8 0.559350 0.632780 0.068710 0.065600
8 0.412500 0.707800 0.070270 0.085920
8 0.403110 0.549970 0.062490 0.064040
9 0.323410 0.242160 0.065600 0.068710
9 0.334360 0.324970 0.068710 0.074980
9 0.478100 0.249990 0.068710 0.074980
9 0.481210 0.321860 0.081210 0.062490
9 0.640600 0.246880 0.065600 0.068710
9 0.642160 0.332800 0.065600 0.049990
9 0.407780 0.631220 0.064040 0.060930
9 0.484370 0.795280 0.064040 0.068710
9 0.315590 0.818720 0.070270 0.073430
9 0.645270 0.790620 0.065600 0.084370
9 0.493710 0.634380 0.057770 0.078100
11 0.490590 0.481210 0.071870 0.064040
11 0.720300 0.481210 0.057770 0.048430
11 0.787460 0.556240 0.065600 0.062490
11 0.706250 0.557790 0.074980 0.064040
3 0.637490 0.549970 0.056210 0.064040
