3 0.793730 0.626550 0.060930 0.056210
3 0.606230 0.540630 0.049990 0.054660
6 0.226550 0.331240 0.056210 0.054660
3 0.676540 0.526530 0.045270 0.040600
3 0.721860 0.637490 0.048430 0.049990
9 0.420280 0.573400 0.060930 0.056210
6 0.279650 0.737470 0.062490 0.073430
3 0.612500 0.285920 0.031220 0.062490
9 0.384340 0.406230 0.042160 0.093710
9 0.310920 0.395280 0.039050 0.099980
9 0.439050 0.399950 0.039050 0.062490
10 0.248430 0.467150 0.062490 0.107800
6 0.260930 0.529690 0.056210 0.064040
3 0.696860 0.578120 0.040600 0.048430
9 0.382790 0.723410 0.057770 0.054660
9 0.346850 0.582790 0.049990 0.059330
9 0.356240 0.648430 0.049990 0.043720
5 0.379670 0.885920 0.051540 0.064040
3 0.595280 0.471870 0.043720 0.064040
3 0.565620 0.434380 0.029660 0.045270
3 0.596840 0.373400 0.026550 0.053100
5 0.698420 0.445270 0.057770 0.093710
3 0.524970 0.492150 0.034380 0.042160
3 0.692150 0.559350 0.053100 0.059330
5 0.560910 0.365580 0.039050 0.093710
2 0.687480 0.415610 0.057770 0.078100
