9 0.601560 0.331240 0.079650 0.076540
6 0.681210 0.426550 0.106250 0.099980
3 0.135910 0.706250 0.021840 0.051540
6 0.595280 0.404670 0.089040 0.067150
9 0.296860 0.303090 0.085920 0.081210
3 0.148410 0.614050 0.046880 0.048430
5 0.185900 0.674980 0.064040 0.048430
6 0.484370 0.564020 0.109360 0.092150
9 0.368730 0.306250 0.079650 0.059330
9 0.518750 0.389060 0.071870 0.107800
6 0.499980 0.478100 0.087480 0.060930
6 0.585900 0.487480 0.106250 0.084370
3 0.443720 0.482760 0.053100 0.060930
3 0.398400 0.540630 0.071870 0.070270
11 0.217170 0.285920 0.092150 0.112470
0 0.724970 0.160910 0.064040 0.157790
6 0.298420 0.214050 0.101530 0.079650
6 0.690590 0.279650 0.067150 0.076540
6 0.684370 0.328080 0.081210 0.087480
9 0.457770 0.253100 0.062490 0.068710
9 0.374960 0.232780 0.081210 0.064040
9 0.428110 0.385900 0.087480 0.073430
9 0.609340 0.257770 0.068710 0.068710
3 0.764020 0.348410 0.060930 0.056210
9 0.470270 0.179670 0.099980 0.059330
3 0.515590 0.262490 0.085920 0.067150
9 0.135910 0.664040 0.021840 0.059330
3 0.487480 0.260930 0.079650 0.065600
