3 0.315590 0.304650 0.062490 0.056210
3 0.312470 0.382790 0.062490 0.056210
3 0.385900 0.464040 0.060930 0.049990
3 0.615610 0.468710 0.060930 0.056210
3 0.301530 0.626550 0.059330 0.064040
3 0.545300 0.624990 0.057770 0.067150
3 0.699980 0.384340 0.065600 0.068710
1 0.224990 0.715590 0.096860 0.089040
1 0.556240 0.714030 0.065600 0.089040
1 0.476540 0.712470 0.065600 0.090590
1 0.465600 0.387460 0.070270 0.074980
2 0.231220 0.456210 0.076540 0.068710
2 0.709360 0.782790 0.068710 0.087480
2 0.553080 0.779670 0.064040 0.064040
2 0.224990 0.789060 0.079650 0.078100
5 0.468710 0.534360 0.068710 0.059330
5 0.396840 0.795280 0.060930 0.087480
4 0.378120 0.540630 0.089040 0.070270
0 0.134360 0.792170 0.087480 0.081210
0 0.717190 0.699980 0.084370 0.081210
