3 0.674980 0.553080 0.049990 0.062490
3 0.743740 0.274980 0.076540 0.062490
3 0.339020 0.415610 0.059330 0.057770
3 0.401560 0.478100 0.057770 0.060930
3 0.456210 0.549970 0.067150 0.057770
3 0.321860 0.673430 0.060930 0.059330
3 0.328080 0.740580 0.068710 0.067150
0 0.328080 0.349970 0.057770 0.064040
0 0.404670 0.415610 0.051540 0.049990
0 0.526530 0.348410 0.059330 0.067150
0 0.737470 0.415610 0.070270 0.067150
0 0.726530 0.479650 0.065600 0.048430
0 0.392170 0.543740 0.051540 0.060930
0 0.521860 0.553080 0.057770 0.065600
5 0.403110 0.345300 0.053100 0.060930
5 0.740580 0.342180 0.085920 0.067150
6 0.257770 0.410890 0.078100 0.062490
6 0.464040 0.479650 0.060930 0.067150
6 0.734360 0.693710 0.076540 0.057770
6 0.459330 0.617170 0.056210 0.048430
6 0.528080 0.614050 0.070270 0.060930
7 0.734360 0.774960 0.085920 0.090590
8 0.467150 0.409340 0.056210 0.064040
8 0.526530 0.478100 0.059330 0.049990
8 0.596840 0.489040 0.073430 0.076540
8 0.739020 0.553080 0.065600 0.051540
9 0.460930 0.335910 0.045270 0.054660
9 0.584340 0.354680 0.045270 0.054660
9 0.524970 0.414050 0.051540 0.051540
9 0.600000 0.412500 0.065600 0.064040
9 0.387460 0.618720 0.048430 0.048430
9 0.392170 0.676540 0.049990 0.056210
9 0.524970 0.685920 0.065600 0.059330
9 0.529690 0.754680 0.060930 0.060930
9 0.651540 0.684370 0.054660 0.059330
9 0.657770 0.746850 0.054660 0.056210
9 0.395280 0.740580 0.062490 0.067150
11 0.268710 0.476540 0.067150 0.074980
11 0.335910 0.482760 0.067150 0.054660
11 0.329690 0.540630 0.071870 0.051540
11 0.737470 0.618720 0.078100 0.056210
2 0.457770 0.678100 0.059330 0.059330
2 0.460930 0.749970 0.059330 0.084370
2 0.320300 0.604670 0.073430 0.062490
