3 0.335910 0.298420 0.056210 0.067150
3 0.503090 0.301530 0.057770 0.068710
3 0.578120 0.446880 0.062490 0.064040
3 0.342180 0.539020 0.056210 0.064040
3 0.504650 0.531240 0.051540 0.056210
3 0.342180 0.687480 0.062490 0.071870
3 0.501530 0.681210 0.059330 0.062490
1 0.159350 0.192170 0.107800 0.118750
1 0.742180 0.203110 0.093710 0.110920
1 0.759350 0.784340 0.106250 0.104650
1 0.165580 0.793730 0.098420 0.107800
2 0.254660 0.279650 0.073430 0.093710
2 0.656210 0.296860 0.064040 0.089040
2 0.257770 0.696860 0.071870 0.090590
2 0.660930 0.690590 0.065600 0.087480
5 0.423440 0.290590 0.067150 0.084370
5 0.435930 0.699980 0.065600 0.073430
4 0.421840 0.456210 0.081210 0.076540
0 0.576520 0.689040 0.070270 0.076540
0 0.571850 0.299980 0.068710 0.089040
