10 0.648430 0.270270 0.078100 0.096860
10 0.492150 0.273430 0.067150 0.093710
10 0.492150 0.373400 0.068710 0.078100
10 0.659370 0.600000 0.085920 0.079650
10 0.739020 0.789060 0.098420 0.103090
10 0.410890 0.607780 0.074980 0.070270
10 0.321860 0.203110 0.093710 0.109360
7 0.570290 0.692150 0.071870 0.095310
7 0.749970 0.617170 0.092150 0.082760
7 0.729690 0.274980 0.085920 0.089040
7 0.324970 0.692150 0.087480 0.079650
7 0.151520 0.614050 0.120300 0.081210
1 0.323410 0.360910 0.089040 0.074980
4 0.406230 0.451540 0.087480 0.070270
4 0.492150 0.524970 0.059330 0.065600
4 0.567180 0.445270 0.068710 0.067150
4 0.739020 0.178120 0.084370 0.101530
6 0.167180 0.295310 0.089040 0.074980
6 0.260930 0.453100 0.079650 0.057770
6 0.167180 0.760910 0.090590 0.089040
6 0.504650 0.765580 0.059330 0.079650
