5 0.174960 0.754680 0.095310 0.081210
5 0.268710 0.653100 0.078100 0.085920
3 0.435930 0.742180 0.076540 0.056210
3 0.357790 0.649990 0.074980 0.064040
3 0.273430 0.745300 0.084370 0.068710
3 0.507800 0.207780 0.060930 0.073430
3 0.582790 0.271870 0.053100 0.064040
3 0.670270 0.198400 0.054660 0.068710
3 0.740580 0.273430 0.060930 0.064040
2 0.656210 0.348410 0.071870 0.073430
2 0.756240 0.414050 0.073430 0.068710
2 0.681210 0.496860 0.068710 0.064040
0 0.281210 0.270270 0.081210 0.078100
0 0.278100 0.434380 0.079650 0.068710
0 0.434380 0.423440 0.060930 0.068710
0 0.584340 0.571850 0.073430 0.068710
0 0.596840 0.748410 0.074980 0.081210
0 0.776520 0.746850 0.085920 0.081210
0 0.593730 0.418720 0.051540 0.076540
