1 0.445270 0.406230 0.071870 0.082760
4 0.357790 0.318750 0.078100 0.082760
4 0.440600 0.328080 0.074980 0.081210
4 0.520300 0.489040 0.065600 0.067150
4 0.443720 0.481210 0.078100 0.064040
7 0.281210 0.154680 0.099980 0.107800
7 0.598400 0.489040 0.074980 0.067150
7 0.521860 0.412500 0.073430 0.079650
7 0.278100 0.409340 0.098420 0.074980
7 0.190620 0.320300 0.110920 0.081210
10 0.684370 0.493710 0.092150 0.076540
10 0.762460 0.648430 0.095310 0.084370
10 0.751520 0.737470 0.087480 0.089040
10 0.678100 0.734360 0.093710 0.110920
10 0.600000 0.565620 0.078100 0.068710
10 0.368730 0.399950 0.076540 0.078100
10 0.278100 0.321860 0.103090 0.082760
9 0.453100 0.254660 0.053100 0.059330
9 0.523410 0.331240 0.053100 0.057770
9 0.601560 0.414050 0.059330 0.057770
9 0.593730 0.642160 0.062490 0.059330
9 0.598400 0.712470 0.059330 0.070270
9 0.524970 0.640600 0.059330 0.065600
9 0.442160 0.556240 0.057770 0.057770
9 0.220280 0.251540 0.067150 0.056210
9 0.296860 0.249990 0.070270 0.059330
9 0.370290 0.256210 0.068710 0.062490
9 0.210890 0.162460 0.065600 0.082760
6 0.678100 0.573400 0.068710 0.064040
6 0.667150 0.651540 0.073430 0.074980
6 0.515590 0.565620 0.059330 0.062490
6 0.364020 0.490590 0.073430 0.057770
