10 0.468710 0.568730 0.070270 0.060930
10 0.621840 0.567180 0.062490 0.062490
10 0.551520 0.706250 0.071870 0.081210
10 0.676540 0.637490 0.081210 0.068710
10 0.748410 0.495310 0.093710 0.059330
10 0.615610 0.428110 0.070270 0.060930
10 0.470270 0.431220 0.074980 0.067150
7 0.245270 0.645270 0.084370 0.073430
7 0.401560 0.707800 0.065600 0.085920
7 0.757790 0.776520 0.096860 0.087480
7 0.543740 0.499980 0.064040 0.064040
7 0.612500 0.281210 0.073430 0.096860
6 0.324970 0.496860 0.060930 0.059330
6 0.540630 0.778120 0.059330 0.074980
6 0.543740 0.635930 0.056210 0.062490
6 0.676540 0.360910 0.062490 0.057770
4 0.398400 0.567180 0.076540 0.078100
4 0.324970 0.795280 0.067150 0.103090
4 0.467150 0.276540 0.071870 0.090590
4 0.251540 0.270270 0.078100 0.090590
1 0.540630 0.567180 0.067150 0.065600
