4 0.320300 0.290590 0.081210 0.099980
0 0.565620 0.223440 0.065600 0.087480
0 0.324970 0.464040 0.078100 0.067150
2 0.718750 0.539020 0.092150 0.070270
2 0.640600 0.617170 0.081210 0.074980
2 0.728080 0.698420 0.092150 0.076540
2 0.565620 0.696860 0.068710 0.081210
3 0.640600 0.306250 0.060930 0.060930
3 0.559350 0.384340 0.062490 0.051540
3 0.640600 0.462490 0.057770 0.057770
3 0.564020 0.540630 0.060930 0.062490
3 0.481210 0.470270 0.062490 0.062490
3 0.410890 0.546850 0.060930 0.057770
3 0.482760 0.621840 0.062490 0.057770
1 0.229660 0.203110 0.099980 0.110920
1 0.817170 0.220280 0.112470 0.093710
1 0.815610 0.779670 0.124970 0.093710
1 0.221840 0.815610 0.099980 0.110920
5 0.406230 0.379670 0.062490 0.078100
5 0.479650 0.303090 0.067150 0.079650
