3 0.326530 0.382790 0.060930 0.049990
3 0.243720 0.295310 0.060930 0.048430
3 0.623440 0.618720 0.057770 0.048430
3 0.623440 0.684370 0.053100 0.051540
3 0.545300 0.689040 0.053100 0.049990
3 0.399950 0.684370 0.053100 0.048430
3 0.778120 0.542180 0.065600 0.048430
2 0.399950 0.460930 0.059330 0.059330
2 0.474980 0.606230 0.051540 0.054660
2 0.474980 0.768730 0.056210 0.074980
2 0.778120 0.240600 0.074980 0.073430
4 0.323410 0.524970 0.074980 0.064040
9 0.621840 0.534360 0.053100 0.059330
9 0.546850 0.457770 0.043720 0.054660
9 0.399950 0.531240 0.049990 0.043720
9 0.546850 0.306250 0.054660 0.053100
1 0.634380 0.374960 0.081210 0.076540
1 0.704650 0.299980 0.087480 0.090590
1 0.551520 0.781230 0.082760 0.090590
1 0.474980 0.534360 0.065600 0.060930
6 0.551520 0.609340 0.056210 0.056210
6 0.237490 0.443720 0.078100 0.056210
6 0.484370 0.221840 0.053100 0.081210
6 0.310920 0.684370 0.067150 0.062490
11 0.479650 0.457770 0.049990 0.054660
11 0.392170 0.604670 0.054660 0.053100
11 0.229660 0.612500 0.079650 0.060930
5 0.549970 0.379670 0.059330 0.065600
5 0.709360 0.534360 0.078100 0.051540
0 0.629660 0.456210 0.062490 0.049990
0 0.220280 0.767180 0.067150 0.070270
8 0.314030 0.771850 0.064040 0.071870
8 0.326530 0.292150 0.065600 0.070270
10 0.554680 0.531240 0.071870 0.056210
