11 0.499980 0.568730 0.060930 0.060930
11 0.496860 0.504650 0.074980 0.056210
11 0.643720 0.645270 0.064040 0.062490
11 0.415610 0.289040 0.059330 0.068710
9 0.296860 0.574960 0.065600 0.056210
9 0.356240 0.578120 0.051540 0.051540
9 0.639050 0.565620 0.060930 0.049990
9 0.574960 0.718750 0.053100 0.060930
9 0.299980 0.707800 0.056210 0.071870
9 0.367180 0.706250 0.043720 0.056210
9 0.362460 0.442160 0.065600 0.046880
9 0.296860 0.440600 0.065600 0.043720
9 0.423440 0.432780 0.054660 0.046880
9 0.553080 0.362460 0.057770 0.053100
9 0.631220 0.428110 0.060930 0.048430
8 0.424990 0.374960 0.070270 0.074980
8 0.489040 0.367180 0.054660 0.068710
8 0.629660 0.290590 0.067150 0.068710
8 0.562460 0.565620 0.064040 0.060930
7 0.492150 0.646830 0.065600 0.085920
6 0.421840 0.510920 0.056210 0.062490
6 0.356240 0.639050 0.076540 0.074980
6 0.424990 0.781230 0.067150 0.071870
6 0.712470 0.717190 0.067150 0.074980
6 0.498420 0.710920 0.053100 0.070270
5 0.507800 0.784340 0.048430 0.068710
5 0.637490 0.709360 0.062490 0.068710
3 0.431220 0.571850 0.056210 0.042160
3 0.570290 0.506250 0.059330 0.043720
3 0.557790 0.435930 0.065600 0.053100
3 0.639050 0.364020 0.062490 0.056210
3 0.292150 0.376520 0.071870 0.054660
3 0.292150 0.773400 0.067150 0.059330
3 0.710920 0.646830 0.057770 0.057770
2 0.292150 0.301530 0.079650 0.065600
2 0.709360 0.426550 0.064040 0.056210
2 0.704650 0.495310 0.062490 0.059330
0 0.485920 0.292150 0.056210 0.070270
0 0.489040 0.435930 0.062490 0.057770
0 0.360910 0.784340 0.060930 0.081210
0 0.423440 0.710920 0.057770 0.068710
0 0.640600 0.789060 0.054660 0.074980
0 0.568730 0.790620 0.051540 0.074980
0 0.629660 0.493710 0.062490 0.051540
