3 0.262490 0.310920 0.029660 0.034380
3 0.312470 0.317190 0.028110 0.032780
3 0.354680 0.307800 0.026550 0.034380
3 0.432780 0.307800 0.024990 0.034380
3 0.217170 0.359350 0.031220 0.034380
3 0.262490 0.392170 0.029660 0.031220
3 0.320300 0.362460 0.026550 0.031220
3 0.353120 0.354680 0.026550 0.032780
3 0.443720 0.357790 0.028110 0.031220
3 0.482760 0.356240 0.024990 0.032780
3 0.523410 0.359350 0.026550 0.032780
3 0.496860 0.398400 0.024990 0.032780
3 0.443720 0.401560 0.028110 0.031220
3 0.401560 0.401560 0.024990 0.032780
3 0.399950 0.442160 0.026550 0.028110
3 0.312470 0.482760 0.028110 0.031220
3 0.365580 0.489040 0.026550 0.028110
3 0.310920 0.529690 0.029660 0.029660
3 0.453100 0.567180 0.026550 0.028110
3 0.535910 0.492150 0.024990 0.028110
3 0.493710 0.614050 0.026550 0.031220
3 0.210890 0.532800 0.035930 0.028110
3 0.215610 0.629660 0.034380 0.028110
3 0.262490 0.629660 0.031220 0.028110
9 0.314030 0.442160 0.032780 0.029660
9 0.267150 0.487480 0.031220 0.029660
9 0.270270 0.534360 0.028110 0.029660
9 0.218720 0.585900 0.032780 0.028110
9 0.265600 0.579670 0.031220 0.034380
9 0.315590 0.585900 0.029660 0.024990
9 0.349970 0.574960 0.024990 0.026550
9 0.359350 0.531240 0.026550 0.026550
9 0.406230 0.532800 0.024990 0.029660
9 0.445270 0.453100 0.024990 0.029660
9 0.451540 0.493710 0.028110 0.029660
9 0.489040 0.449990 0.023440 0.024990
9 0.531240 0.443720 0.029660 0.029660
9 0.440600 0.534360 0.026550 0.026550
9 0.487480 0.492150 0.026550 0.026550
9 0.495310 0.524970 0.026550 0.024990
9 0.534360 0.526530 0.023440 0.026550
9 0.489040 0.574960 0.028110 0.028110
9 0.539020 0.565620 0.021840 0.026550
9 0.403110 0.574960 0.024990 0.024990
9 0.303090 0.631220 0.029660 0.024990
9 0.348410 0.620280 0.020280 0.026550
9 0.401560 0.631220 0.028110 0.023440
9 0.454660 0.617170 0.026550 0.029660
