3 0.623440 0.364020 0.051540 0.054660
3 0.449990 0.364020 0.048430 0.051540
3 0.615610 0.523410 0.051540 0.049990
3 0.454660 0.681210 0.048430 0.053100
3 0.373400 0.695310 0.053100 0.059330
3 0.289040 0.523410 0.060930 0.049990
3 0.539020 0.774960 0.062490 0.060930
1 0.806230 0.449990 0.101530 0.062490
1 0.284370 0.362460 0.098420 0.078100
1 0.282760 0.789060 0.104650 0.109360
1 0.534360 0.526530 0.062490 0.060930
2 0.534360 0.362460 0.057770 0.064040
2 0.542180 0.284370 0.065600 0.067150
2 0.707800 0.535910 0.076540 0.057770
2 0.626550 0.789060 0.064040 0.090590
6 0.292150 0.442160 0.071870 0.051540
6 0.210890 0.528080 0.084370 0.053100
6 0.290590 0.612500 0.068710 0.059330
6 0.446880 0.782790 0.053100 0.081210
9 0.618720 0.456210 0.053100 0.049990
9 0.543740 0.695310 0.051540 0.059330
9 0.703090 0.696860 0.057770 0.060930
9 0.376520 0.607780 0.053100 0.051540
11 0.362460 0.278100 0.070270 0.078100
11 0.539020 0.612500 0.060930 0.068710
11 0.373400 0.784340 0.068710 0.082760
0 0.712470 0.360910 0.074980 0.057770
0 0.615610 0.701530 0.056210 0.071870
5 0.714030 0.443720 0.068710 0.056210
5 0.623440 0.610890 0.060930 0.064040
8 0.451540 0.448430 0.068710 0.062490
8 0.364020 0.196840 0.078100 0.071870
4 0.807780 0.360910 0.104650 0.074980
10 0.195280 0.442160 0.115590 0.065600
