10 0.584340 0.335910 0.054660 0.062490
10 0.456210 0.328080 0.054660 0.060930
10 0.192170 0.460930 0.079650 0.046880
10 0.390620 0.593730 0.056210 0.060930
10 0.451540 0.589060 0.049990 0.056210
10 0.521860 0.720300 0.056210 0.074980
10 0.395280 0.718750 0.059330 0.076540
9 0.270270 0.462490 0.048430 0.039050
9 0.337470 0.465600 0.043720 0.039050
9 0.395280 0.399950 0.039050 0.039050
9 0.451540 0.459330 0.035930 0.037490
9 0.521860 0.454660 0.039050 0.040600
9 0.457770 0.518750 0.039050 0.039050
9 0.267150 0.404670 0.043720 0.037490
9 0.270270 0.528080 0.043720 0.037490
9 0.335910 0.526530 0.043720 0.039050
9 0.648430 0.703090 0.040600 0.046880
9 0.399950 0.470270 0.039050 0.037490
7 0.326530 0.332800 0.068710 0.064040
7 0.643720 0.589060 0.060930 0.056210
7 0.646830 0.782790 0.060930 0.079650
7 0.518750 0.520300 0.049990 0.049990
7 0.189060 0.589060 0.084370 0.056210
6 0.320300 0.403110 0.053100 0.042160
6 0.649990 0.471870 0.046880 0.042160
6 0.643720 0.642160 0.048430 0.045270
6 0.460930 0.779670 0.043720 0.064040
4 0.456210 0.403110 0.056210 0.048430
4 0.651540 0.406230 0.060930 0.053100
4 0.320300 0.712470 0.071870 0.074980
4 0.393730 0.526530 0.057770 0.048430
1 0.185900 0.331240 0.087480 0.062490
