5 0.153120 0.146850 0.099980 0.096860
1 0.264040 0.135910 0.112470 0.139020
6 0.435930 0.134360 0.070270 0.099980
8 0.531240 0.148410 0.071870 0.101530
6 0.756240 0.137470 0.087480 0.096860
10 0.859370 0.132800 0.109360 0.140580
5 0.237490 0.256210 0.092150 0.090590
11 0.346850 0.256210 0.073430 0.079650
4 0.459330 0.246880 0.078100 0.101530
4 0.564020 0.267150 0.085920 0.096860
0 0.649990 0.246880 0.070270 0.092150
3 0.737470 0.256210 0.067150 0.065600
2 0.854660 0.257770 0.096860 0.087480
10 0.139020 0.365580 0.135910 0.095310
5 0.251540 0.360910 0.095310 0.085920
1 0.357790 0.348410 0.099980 0.099980
8 0.456210 0.364020 0.078100 0.074980
11 0.665600 0.346850 0.079650 0.074980
5 0.135910 0.471870 0.115590 0.071870
9 0.284370 0.474980 0.067150 0.071870
7 0.468710 0.459330 0.090590 0.087480
0 0.564020 0.457770 0.060930 0.076540
3 0.643720 0.471870 0.065600 0.062490
7 0.756240 0.440600 0.115590 0.082760
2 0.868710 0.460930 0.096860 0.085920
2 0.257770 0.556240 0.078100 0.076540
1 0.357790 0.551520 0.092150 0.084370
10 0.459330 0.562460 0.092150 0.090590
11 0.568730 0.560910 0.078100 0.087480
5 0.660930 0.548410 0.074980 0.079650
9 0.749970 0.549970 0.071870 0.076540
6 0.165580 0.662490 0.093710 0.076540
9 0.276540 0.653100 0.067150 0.060930
4 0.365580 0.664040 0.089040 0.096860
6 0.554680 0.667150 0.070270 0.081210
8 0.646830 0.653100 0.082760 0.092150
0 0.742180 0.648430 0.085920 0.079650
5 0.865600 0.649990 0.110920 0.096860
6 0.165580 0.773400 0.095310 0.096860
11 0.264040 0.760910 0.078100 0.084370
2 0.359350 0.756240 0.074980 0.092150
8 0.457770 0.779670 0.071870 0.090590
8 0.560910 0.760910 0.084370 0.098420
6 0.668710 0.765580 0.078100 0.096860
0 0.764020 0.770290 0.076540 0.101530
8 0.854660 0.764020 0.095310 0.109360
0 0.271870 0.867150 0.082760 0.101530
7 0.479650 0.881210 0.076540 0.131240
3 0.351520 0.460930 0.057770 0.067150
