3 0.240600 0.301530 0.068710 0.059330
3 0.321860 0.301530 0.056210 0.057770
3 0.404670 0.306250 0.056210 0.065600
3 0.474980 0.376520 0.059330 0.057770
3 0.395280 0.379670 0.059330 0.056210
3 0.321860 0.381230 0.064040 0.056210
3 0.239050 0.378120 0.060930 0.060930
1 0.231220 0.209340 0.087480 0.096860
1 0.315590 0.214050 0.078100 0.104650
1 0.401560 0.212500 0.068710 0.104650
1 0.478100 0.212500 0.068710 0.107800
2 0.478100 0.293710 0.060930 0.074980
2 0.623440 0.299980 0.064040 0.076540
2 0.781230 0.217170 0.073430 0.085920
2 0.776520 0.299980 0.070270 0.071870
0 0.551520 0.299980 0.065600 0.081210
0 0.710920 0.296860 0.073430 0.070270
4 0.556240 0.210890 0.071870 0.099980
5 0.628110 0.217170 0.071870 0.081210
5 0.707800 0.217170 0.068710 0.074980
