1 0.299980 0.698420 0.081210 0.095310
4 0.532800 0.254660 0.065600 0.090590
4 0.610890 0.259370 0.065600 0.089040
4 0.685920 0.260930 0.076540 0.092150
4 0.764020 0.262490 0.092150 0.103090
6 0.371850 0.693710 0.060930 0.064040
6 0.514030 0.701530 0.059330 0.074980
6 0.656210 0.699980 0.068710 0.073430
6 0.734360 0.632780 0.073430 0.074980
7 0.446880 0.768730 0.060930 0.096860
7 0.518750 0.778120 0.067150 0.096860
7 0.589060 0.781230 0.073430 0.096860
7 0.665600 0.785900 0.079650 0.106250
7 0.748410 0.782790 0.092150 0.106250
10 0.304650 0.246880 0.079650 0.081210
10 0.381230 0.256210 0.076540 0.087480
10 0.460930 0.249990 0.073430 0.090590
10 0.224990 0.549970 0.092150 0.070270
10 0.223440 0.620280 0.095310 0.073430
10 0.223440 0.695310 0.093710 0.079650
10 0.221840 0.765580 0.087480 0.092150
