0 0.831220 0.281210 0.095310 0.085920
0 0.715590 0.196840 0.090590 0.082760
0 0.514030 0.290590 0.076540 0.074980
0 0.540630 0.373400 0.065600 0.062490
0 0.349970 0.274980 0.070270 0.082760
1 0.726530 0.360910 0.099980 0.087480
1 0.170290 0.474980 0.128080 0.089040
1 0.257770 0.634380 0.120300 0.101530
2 0.376520 0.632780 0.087480 0.082760
2 0.526530 0.464040 0.076540 0.078100
2 0.721860 0.542180 0.074980 0.074980
2 0.806230 0.810890 0.090590 0.103090
3 0.274980 0.301530 0.067150 0.068710
3 0.626550 0.467150 0.065600 0.065600
3 0.281210 0.535910 0.062490 0.073430
4 0.145300 0.376520 0.124970 0.082760
4 0.829660 0.164020 0.123410 0.126530
4 0.546850 0.732800 0.078100 0.106250
5 0.432780 0.187460 0.079650 0.103090
5 0.189060 0.817170 0.096860 0.098420
5 0.459330 0.821840 0.074980 0.106250
5 0.718750 0.651540 0.089040 0.095310
5 0.365580 0.718750 0.082760 0.082760
5 0.373400 0.543740 0.073430 0.078100
6 0.171850 0.281210 0.095310 0.096860
6 0.640600 0.365580 0.062490 0.071870
6 0.817170 0.554680 0.076540 0.085920
6 0.809340 0.729690 0.092150 0.089040
6 0.464040 0.551520 0.070270 0.076540
6 0.164020 0.568730 0.106250 0.078100
7 0.549970 0.189060 0.074980 0.110920
7 0.829660 0.446880 0.123410 0.084370
7 0.264040 0.842160 0.120300 0.132800
8 0.709360 0.460930 0.087480 0.078100
8 0.720300 0.812500 0.087480 0.106250
8 0.523410 0.637490 0.082760 0.082760
8 0.343740 0.460930 0.090590 0.084370
8 0.271870 0.739020 0.082760 0.087480
9 0.449990 0.295310 0.053100 0.073430
9 0.467150 0.703090 0.057770 0.070270
9 0.626550 0.707800 0.074980 0.085920
10 0.631220 0.176520 0.087480 0.124970
10 0.173400 0.721860 0.118750 0.124970
10 0.842160 0.649990 0.128080 0.099980
11 0.451540 0.471870 0.076540 0.076540
11 0.557790 0.546850 0.076540 0.081210
11 0.714030 0.729690 0.082760 0.087480
11 0.268710 0.390620 0.099980 0.087480
8 0.639050 0.559350 0.081210 0.085920
