8 0.342180 0.664040 0.042160 0.046880
8 0.462490 0.507800 0.034380 0.048430
8 0.360910 0.468710 0.045270 0.048430
8 0.410890 0.337470 0.040600 0.040600
8 0.554680 0.423440 0.034380 0.048430
8 0.598400 0.468710 0.040600 0.048430
6 0.367180 0.342180 0.037490 0.051540
6 0.590620 0.340630 0.037490 0.049990
6 0.642160 0.342180 0.032780 0.051540
6 0.645270 0.417170 0.035930 0.046880
6 0.317190 0.465600 0.039050 0.048430
6 0.498420 0.567180 0.039050 0.043720
11 0.506250 0.654660 0.037490 0.043720
11 0.501530 0.464040 0.034380 0.045270
11 0.440600 0.414050 0.039050 0.048430
11 0.320300 0.382790 0.043720 0.046880
11 0.309360 0.423440 0.040600 0.042160
11 0.592170 0.434380 0.037490 0.043720
9 0.395280 0.615610 0.034380 0.035930
9 0.460930 0.615610 0.034380 0.035930
9 0.353120 0.512470 0.035930 0.034380
9 0.548410 0.479650 0.037490 0.034380
9 0.646830 0.387460 0.029660 0.037490
9 0.501530 0.332800 0.034380 0.039050
9 0.468710 0.385900 0.032780 0.042160
7 0.553080 0.378120 0.040600 0.060930
7 0.600000 0.506250 0.045270 0.057770
7 0.554680 0.509360 0.040600 0.064040
10 0.364020 0.417170 0.049990 0.062490
10 0.507800 0.412500 0.039050 0.060930
5 0.448430 0.662490 0.039050 0.037490
5 0.609340 0.665600 0.042160 0.043720
5 0.659370 0.565620 0.039050 0.048430
5 0.342180 0.617170 0.043720 0.042160
5 0.395280 0.553080 0.045270 0.043720
5 0.401560 0.421840 0.034380 0.045270
5 0.595280 0.378120 0.032780 0.043720
5 0.403110 0.514030 0.037490 0.043720
0 0.351520 0.567180 0.040600 0.048430
0 0.295310 0.559350 0.043720 0.045270
0 0.560910 0.560910 0.031220 0.048430
0 0.515590 0.515590 0.032780 0.048430
0 0.364020 0.374960 0.039050 0.045270
0 0.498420 0.374960 0.034380 0.043720
2 0.559350 0.606230 0.046880 0.045270
2 0.654660 0.521860 0.043720 0.039050
2 0.465600 0.467150 0.039050 0.048430
2 0.414050 0.467150 0.037490 0.045270
4 0.312470 0.332800 0.053100 0.060930
4 0.451540 0.332800 0.046880 0.062490
4 0.290590 0.606230 0.054660 0.053100
1 0.414050 0.376520 0.040600 0.064040
1 0.667150 0.604670 0.051540 0.059330
1 0.546850 0.332800 0.042160 0.067150
10 0.610890 0.568730 0.051540 0.057770
