9 0.403110 0.354680 0.024990 0.031220
9 0.271870 0.309360 0.028110 0.034380
9 0.360910 0.314030 0.024990 0.032780
9 0.445270 0.314030 0.024990 0.035930
9 0.267150 0.343740 0.029660 0.032780
9 0.309360 0.384340 0.028110 0.031220
9 0.357790 0.359350 0.026550 0.031220
9 0.442160 0.364020 0.026550 0.029660
9 0.485920 0.367180 0.024990 0.031220
9 0.531240 0.324970 0.026550 0.034380
9 0.565620 0.329690 0.023440 0.032780
9 0.567180 0.407780 0.026550 0.028110
9 0.535910 0.364020 0.024990 0.031220
9 0.487480 0.407780 0.024990 0.029660
9 0.403110 0.398400 0.024990 0.029660
9 0.437490 0.490590 0.026550 0.029660
9 0.481210 0.498420 0.024990 0.028110
9 0.524970 0.499980 0.024990 0.026550
9 0.573400 0.499980 0.026550 0.026550
9 0.253100 0.474980 0.029660 0.028110
9 0.301530 0.479650 0.028110 0.028110
9 0.345300 0.474980 0.026550 0.028110
9 0.385900 0.492150 0.026550 0.028110
3 0.256210 0.424990 0.029660 0.028110
3 0.307800 0.440600 0.028110 0.029660
3 0.356240 0.445270 0.024990 0.028110
3 0.382790 0.442160 0.026550 0.029660
3 0.439050 0.439050 0.024990 0.028110
3 0.482760 0.448430 0.026550 0.028110
3 0.523410 0.456210 0.024990 0.026550
3 0.570290 0.448430 0.026550 0.029660
3 0.559350 0.553080 0.024990 0.026550
3 0.562460 0.596840 0.024990 0.024990
3 0.512470 0.535910 0.024990 0.024990
3 0.479650 0.578120 0.024990 0.026550
3 0.476540 0.535910 0.028110 0.024990
3 0.514030 0.629660 0.026550 0.028110
3 0.418720 0.632780 0.026550 0.026550
3 0.429660 0.539020 0.024990 0.024990
3 0.379670 0.529690 0.026550 0.026550
3 0.339020 0.526530 0.028110 0.026550
3 0.296860 0.523410 0.028110 0.026550
3 0.254660 0.518750 0.031220 0.028110
3 0.295310 0.581230 0.029660 0.026550
3 0.329690 0.631220 0.028110 0.028110
3 0.385900 0.581230 0.024990 0.024990
3 0.234380 0.610890 0.031220 0.028110
9 0.314030 0.348410 0.028110 0.032780
