9 0.324970 0.312470 0.056210 0.054660
9 0.393730 0.376520 0.053100 0.051540
9 0.454660 0.453100 0.046880 0.051540
9 0.389060 0.515590 0.051540 0.046880
9 0.324970 0.581230 0.054660 0.048430
9 0.256210 0.649990 0.059330 0.045270
9 0.528080 0.517190 0.054660 0.049990
9 0.598400 0.582790 0.053100 0.048430
9 0.649990 0.651540 0.046880 0.048430
9 0.589060 0.318750 0.054660 0.059330
9 0.517190 0.395280 0.049990 0.051540
6 0.453100 0.239050 0.054660 0.076540
6 0.524970 0.237490 0.054660 0.073430
6 0.660930 0.235930 0.054660 0.068710
7 0.592170 0.229660 0.060930 0.093710
7 0.587460 0.379670 0.064040 0.074980
7 0.246880 0.378120 0.081210 0.074980
7 0.459330 0.728080 0.067150 0.082760
7 0.382790 0.649990 0.073430 0.067150
10 0.742180 0.232780 0.078100 0.089040
10 0.454660 0.379670 0.064040 0.082760
10 0.249990 0.512470 0.090590 0.057770
10 0.246880 0.587460 0.089040 0.062490
10 0.321860 0.724970 0.085920 0.076540
10 0.590620 0.654660 0.065600 0.068710
1 0.739020 0.728080 0.084370 0.085920
4 0.659370 0.376520 0.068710 0.067150
4 0.737470 0.579670 0.087480 0.059330
4 0.454660 0.581230 0.064040 0.057770
4 0.321860 0.381230 0.068710 0.078100
10 0.585900 0.517190 0.057770 0.054660
6 0.318750 0.246880 0.057770 0.065600
