10 0.259370 0.592170 0.092150 0.062490
10 0.628110 0.585900 0.064040 0.084370
10 0.768730 0.517190 0.098420 0.065600
10 0.554680 0.373400 0.070270 0.068710
10 0.551520 0.734360 0.067150 0.084370
10 0.770290 0.726530 0.093710 0.078100
10 0.409340 0.448430 0.071870 0.064040
7 0.557790 0.515590 0.071870 0.059330
7 0.703090 0.656210 0.092150 0.078100
7 0.257770 0.735910 0.085920 0.087480
7 0.264040 0.815610 0.082760 0.092150
7 0.624990 0.299980 0.071870 0.089040
6 0.339020 0.512470 0.074980 0.076540
6 0.481210 0.649990 0.062490 0.074980
6 0.562460 0.664040 0.059330 0.062490
6 0.693710 0.373400 0.062490 0.074980
4 0.334360 0.303090 0.081210 0.095310
4 0.415610 0.807780 0.068710 0.096860
4 0.415610 0.589060 0.060930 0.070270
4 0.765580 0.299980 0.089040 0.090590
1 0.774960 0.800000 0.104650 0.085920
