10 0.229660 0.832780 0.095310 0.109360
10 0.298420 0.521860 0.101530 0.076540
10 0.301530 0.370290 0.089040 0.073430
10 0.614050 0.387460 0.078100 0.074980
10 0.465600 0.749970 0.065600 0.106250
10 0.381230 0.600000 0.074980 0.082760
10 0.604670 0.596840 0.081210 0.078100
7 0.385900 0.292150 0.081210 0.078100
7 0.534360 0.289040 0.065600 0.081210
7 0.682760 0.754680 0.079650 0.098420
7 0.764020 0.849990 0.085920 0.103090
7 0.690590 0.448430 0.084370 0.057770
1 0.317190 0.751520 0.071870 0.087480
4 0.773400 0.303090 0.090590 0.079650
4 0.215610 0.287480 0.099980 0.079650
4 0.462490 0.442160 0.059330 0.059330
4 0.468710 0.598400 0.071870 0.074980
6 0.762460 0.515590 0.081210 0.060930
6 0.754680 0.592170 0.065600 0.057770
6 0.606230 0.745300 0.056210 0.070270
6 0.537470 0.815610 0.051540 0.082760
