5 0.226550 0.174960 0.079650 0.087480
5 0.221840 0.721860 0.090590 0.070270
0 0.376520 0.171850 0.065600 0.095310
0 0.381230 0.712470 0.068710 0.076540
1 0.440600 0.312470 0.078100 0.095310
1 0.531240 0.378120 0.074980 0.089040
1 0.453100 0.537470 0.071870 0.068710
1 0.532800 0.712470 0.068710 0.087480
2 0.762460 0.318750 0.082760 0.070270
2 0.762460 0.467150 0.076540 0.070270
2 0.782790 0.629660 0.087480 0.067150
2 0.759350 0.165580 0.090590 0.082760
3 0.678100 0.315590 0.056210 0.065600
3 0.681210 0.476540 0.065600 0.056210
3 0.685920 0.621840 0.057770 0.056210
3 0.306250 0.321860 0.064040 0.065600
3 0.307800 0.476540 0.073430 0.067150
3 0.306250 0.621840 0.067150 0.059330
3 0.782790 0.706250 0.074980 0.064040
4 0.526530 0.153120 0.068710 0.118750
