11 0.714030 0.717190 0.081210 0.096860
9 0.579670 0.326530 0.046880 0.070270
9 0.606230 0.757790 0.064040 0.074980
7 0.676540 0.423440 0.074980 0.123410
9 0.492150 0.470270 0.054660 0.065600
9 0.582790 0.548410 0.056210 0.068710
9 0.420280 0.401560 0.048430 0.064040
9 0.576520 0.217170 0.040600 0.068710
6 0.407780 0.549970 0.074980 0.095310
9 0.601560 0.623440 0.056210 0.068710
11 0.640600 0.200000 0.048430 0.079650
9 0.570290 0.264040 0.040600 0.067150
0 0.103090 0.592170 0.092150 0.065600
0 0.267150 0.503090 0.085920 0.071870
6 0.706250 0.512470 0.062490 0.095310
3 0.142180 0.665600 0.104650 0.068710
3 0.173400 0.589060 0.074980 0.059330
3 0.406230 0.474980 0.054660 0.060930
8 0.703090 0.610890 0.073430 0.107800
7 0.678100 0.349970 0.068710 0.137470
0 0.165580 0.401560 0.071870 0.070270
5 0.217170 0.290590 0.054660 0.062490
3 0.131240 0.746850 0.104650 0.060930
3 0.274980 0.281210 0.039050 0.048430
1 0.137470 0.443720 0.112470 0.085920
4 0.123410 0.515590 0.117190 0.093710
3 0.239050 0.381230 0.067150 0.068710
5 0.312470 0.148410 0.057770 0.043720
3 0.259370 0.323410 0.045270 0.056210
5 0.045270 0.751520 0.090590 0.068710
3 0.379670 0.140580 0.039050 0.026550
2 0.193730 0.337470 0.071870 0.062490
