0 0.392170 0.723410 0.064040 0.070270
0 0.529690 0.498420 0.064040 0.067150
0 0.456210 0.364020 0.059330 0.054660
0 0.389060 0.295310 0.065600 0.079650
0 0.324970 0.504650 0.073430 0.059330
0 0.659370 0.282760 0.067150 0.062490
0 0.671870 0.356240 0.068710 0.060930
2 0.324970 0.432780 0.070270 0.062490
2 0.242160 0.431220 0.078100 0.059330
2 0.762460 0.503090 0.074980 0.067150
3 0.245270 0.303090 0.060930 0.060930
3 0.317190 0.296860 0.062490 0.067150
3 0.318750 0.734360 0.056210 0.067150
3 0.459330 0.428110 0.057770 0.057770
3 0.529690 0.357790 0.056210 0.059330
3 0.593730 0.290590 0.049990 0.059330
3 0.614050 0.576520 0.042160 0.060930
5 0.737470 0.204670 0.051540 0.079650
5 0.596840 0.428110 0.053100 0.064040
6 0.592170 0.214050 0.062490 0.076540
6 0.598400 0.357790 0.062490 0.070270
6 0.528080 0.426550 0.065600 0.060930
6 0.389060 0.364020 0.053100 0.056210
6 0.670270 0.428110 0.068710 0.059330
7 0.667150 0.196840 0.068710 0.081210
8 0.460930 0.221840 0.060930 0.059330
8 0.385900 0.215610 0.071870 0.053100
8 0.310920 0.223440 0.065600 0.078100
8 0.762460 0.273430 0.076540 0.065600
9 0.318750 0.365580 0.057770 0.046880
9 0.245270 0.367180 0.062490 0.049990
9 0.251540 0.506250 0.051540 0.057770
9 0.321860 0.585900 0.062490 0.057770
9 0.317190 0.653100 0.059330 0.057770
9 0.465600 0.648430 0.065600 0.068710
9 0.606230 0.493710 0.065600 0.057770
9 0.743740 0.432780 0.057770 0.049990
9 0.746850 0.346850 0.059330 0.049990
9 0.681210 0.564020 0.059330 0.067150
9 0.243720 0.223440 0.062490 0.081210
11 0.528080 0.218720 0.049990 0.067150
11 0.524970 0.284370 0.056210 0.060930
11 0.460930 0.290590 0.056210 0.081210
11 0.464040 0.495310 0.064040 0.067150
