11 0.324970 0.565620 0.082760 0.065600
11 0.392170 0.267150 0.068710 0.087480
11 0.774960 0.634380 0.074980 0.065600
11 0.546850 0.707800 0.053100 0.074980
9 0.259370 0.418720 0.065600 0.057770
9 0.403110 0.353120 0.065600 0.067150
9 0.535910 0.351520 0.057770 0.059330
9 0.609340 0.349970 0.060930 0.073430
9 0.754680 0.343740 0.062490 0.062490
9 0.614050 0.276540 0.051540 0.062490
9 0.765580 0.559350 0.078100 0.056210
9 0.695310 0.782790 0.064040 0.070270
9 0.270270 0.695310 0.068710 0.073430
9 0.329690 0.695310 0.053100 0.062490
9 0.265600 0.626550 0.062490 0.049990
8 0.331240 0.421840 0.071870 0.064040
8 0.328080 0.342180 0.064040 0.081210
8 0.690590 0.262490 0.068710 0.078100
8 0.757790 0.264040 0.064040 0.071870
7 0.535910 0.484370 0.070270 0.070270
6 0.324970 0.485920 0.074980 0.057770
6 0.390620 0.706250 0.057770 0.067150
6 0.384340 0.771850 0.062490 0.070270
6 0.774960 0.707800 0.079650 0.071870
6 0.329690 0.631220 0.067150 0.071870
5 0.693710 0.715590 0.070270 0.064040
5 0.468710 0.776520 0.054660 0.084370
3 0.259370 0.351520 0.073430 0.054660
3 0.470270 0.346850 0.056210 0.062490
3 0.693710 0.340630 0.049990 0.064040
3 0.259370 0.476540 0.065600 0.054660
3 0.687480 0.637490 0.049990 0.059330
3 0.612500 0.710920 0.057770 0.059330
3 0.251540 0.768730 0.067150 0.070270
2 0.257770 0.270270 0.081210 0.082760
2 0.767180 0.403110 0.073430 0.065600
2 0.754680 0.487480 0.065600 0.060930
0 0.251540 0.556240 0.076540 0.062490
0 0.321860 0.778120 0.068710 0.081210
0 0.615610 0.779670 0.054660 0.081210
0 0.542180 0.781230 0.059330 0.085920
0 0.470270 0.265600 0.062490 0.068710
0 0.540630 0.271870 0.057770 0.076540
0 0.473430 0.706250 0.064040 0.074980
