3 0.203110 0.201560 0.070270 0.070270
3 0.290590 0.207780 0.064040 0.073430
3 0.546850 0.215610 0.046880 0.081210
3 0.793730 0.206230 0.074980 0.070270
3 0.706250 0.292150 0.060930 0.053100
3 0.707800 0.449990 0.064040 0.054660
3 0.693710 0.618720 0.064040 0.060930
3 0.704650 0.789060 0.062490 0.070270
3 0.782790 0.798400 0.074980 0.068710
3 0.539020 0.793730 0.053100 0.074980
3 0.206230 0.787460 0.068710 0.071870
3 0.295310 0.699980 0.062490 0.062490
3 0.298420 0.546850 0.060930 0.049990
3 0.293710 0.378120 0.067150 0.062490
3 0.456210 0.459330 0.049990 0.054660
8 0.282760 0.628110 0.071870 0.070270
8 0.292150 0.462490 0.071870 0.070270
2 0.714030 0.381230 0.079650 0.073430
2 0.709360 0.540630 0.087480 0.067150
2 0.709360 0.214050 0.085920 0.074980
2 0.293710 0.803110 0.092150 0.103090
4 0.529690 0.618720 0.070270 0.078100
5 0.279650 0.279650 0.079650 0.081210
5 0.709360 0.710920 0.090590 0.068710
