3 0.342180 0.610890 0.071870 0.104650
3 0.353120 0.512470 0.070270 0.096860
3 0.207780 0.506250 0.084370 0.098420
3 0.357790 0.406230 0.062490 0.095310
0 0.453100 0.482760 0.065600 0.123410
5 0.451540 0.390620 0.073430 0.118750
1 0.564020 0.473430 0.095310 0.165580
6 0.562460 0.393730 0.092150 0.132800
6 0.562460 0.392170 0.090590 0.132800
1 0.564020 0.474980 0.093710 0.170290
0 0.451540 0.484370 0.068710 0.126530
5 0.451540 0.389060 0.074980 0.123410
3 0.343740 0.610890 0.074980 0.107800
3 0.353120 0.512470 0.073430 0.096860
3 0.357790 0.404670 0.067150 0.099980
3 0.207780 0.509360 0.078100 0.092150
