0 0.854660 0.842160 0.114030 0.101530
0 0.726530 0.448430 0.087480 0.081210
0 0.264040 0.556240 0.085920 0.076540
0 0.429660 0.135910 0.070270 0.109360
0 0.451540 0.529690 0.092150 0.084370
1 0.645270 0.232780 0.098420 0.109360
1 0.646830 0.440600 0.103090 0.090590
1 0.242160 0.649990 0.109360 0.101530
2 0.728080 0.135910 0.095310 0.107800
2 0.253100 0.453100 0.090590 0.093710
2 0.834330 0.529690 0.117190 0.093710
2 0.145300 0.654660 0.099980 0.106250
3 0.343740 0.154680 0.074980 0.095310
3 0.153120 0.374960 0.093710 0.065600
3 0.535910 0.367180 0.071870 0.070270
3 0.831220 0.443720 0.085920 0.078100
3 0.334360 0.464040 0.070270 0.082760
3 0.637490 0.645270 0.079650 0.065600
3 0.721860 0.724970 0.085920 0.081210
3 0.549970 0.734360 0.082760 0.082760
3 0.270270 0.729690 0.079650 0.082760
3 0.571850 0.840600 0.060930 0.099980
4 0.745300 0.235930 0.117190 0.124970
4 0.846880 0.631220 0.146850 0.104650
4 0.349970 0.853100 0.096860 0.140580
5 0.237490 0.245270 0.098420 0.106250
5 0.453100 0.253100 0.082760 0.093710
5 0.537470 0.451540 0.079650 0.074980
5 0.445270 0.434380 0.081210 0.071870
5 0.160910 0.848430 0.107800 0.112470
5 0.145300 0.557790 0.121860 0.085920
6 0.837490 0.134360 0.115590 0.096860
6 0.349970 0.246880 0.085920 0.089040
6 0.734360 0.353120 0.089040 0.084370
6 0.337470 0.532800 0.087480 0.073430
6 0.462490 0.654660 0.074980 0.082760
6 0.357790 0.748410 0.090590 0.082760
7 0.551520 0.560910 0.084370 0.093710
7 0.537470 0.665600 0.095310 0.104650
7 0.454660 0.765580 0.095310 0.120300
8 0.551520 0.140580 0.089040 0.098420
8 0.139020 0.154680 0.101530 0.110920
8 0.651540 0.543740 0.092150 0.084370
8 0.740580 0.845270 0.098420 0.129690
8 0.451540 0.845270 0.093710 0.110920
8 0.642160 0.743740 0.081210 0.096860
9 0.634380 0.145300 0.076540 0.087480
9 0.151520 0.254660 0.084370 0.078100
9 0.240600 0.356240 0.081210 0.068710
9 0.353120 0.378120 0.078100 0.081210
9 0.645270 0.360910 0.073430 0.081210
9 0.176520 0.440600 0.082760 0.070270
9 0.753120 0.554680 0.082760 0.071870
9 0.171850 0.740580 0.085920 0.090590
9 0.259370 0.854660 0.087480 0.109360
9 0.665600 0.831220 0.074980 0.089040
9 0.845270 0.732800 0.096860 0.087480
10 0.553080 0.248430 0.090590 0.124970
10 0.353120 0.640600 0.101530 0.098420
10 0.462490 0.760910 0.099980 0.118750
11 0.253100 0.151520 0.093710 0.098420
11 0.835930 0.259370 0.106250 0.096860
11 0.840600 0.345300 0.104650 0.081210
11 0.746850 0.648430 0.101530 0.085920
10 0.456210 0.345300 0.076540 0.081210
