7 0.092150 0.629660 0.092150 0.131240
10 0.543740 0.548410 0.053100 0.114030
6 0.407780 0.495310 0.037490 0.076540
6 0.303090 0.406230 0.035930 0.078100
11 0.464040 0.362460 0.034380 0.059330
11 0.710920 0.715590 0.056210 0.092150
9 0.448430 0.695310 0.042160 0.073430
9 0.346850 0.503090 0.032780 0.059330
9 0.276540 0.492150 0.037490 0.059330
9 0.343740 0.356240 0.028110 0.046880
9 0.284370 0.353120 0.026550 0.046880
9 0.268710 0.381230 0.031220 0.049990
9 0.496860 0.468710 0.031220 0.054660
9 0.634380 0.432780 0.031220 0.054660
0 0.692150 0.398400 0.035930 0.074980
3 0.562460 0.392170 0.028110 0.053100
3 0.556240 0.471870 0.032780 0.056210
3 0.517190 0.429660 0.028110 0.053100
3 0.223440 0.457770 0.035930 0.056210
3 0.167180 0.542180 0.043720 0.060930
3 0.242160 0.592170 0.040600 0.064040
3 0.242160 0.671870 0.045270 0.068710
5 0.353120 0.676540 0.056210 0.087480
5 0.390620 0.548410 0.046880 0.076540
2 0.373400 0.420280 0.039050 0.068710
4 0.376520 0.368730 0.042160 0.087480
1 0.417170 0.439050 0.046880 0.107800
