9 0.324970 0.796840 0.076540 0.076540
9 0.318750 0.687480 0.071870 0.078100
9 0.309360 0.593730 0.068710 0.078100
9 0.454660 0.476540 0.060930 0.078100
9 0.368730 0.428110 0.060930 0.081210
9 0.274980 0.381230 0.064040 0.082760
9 0.271870 0.312470 0.059330 0.081210
9 0.264040 0.256210 0.060930 0.082760
6 0.587460 0.618720 0.082760 0.101530
11 0.232780 0.814050 0.109360 0.106250
8 0.217170 0.718750 0.110920 0.098420
6 0.220280 0.618720 0.098420 0.107800
7 0.206230 0.523410 0.118750 0.140580
10 0.203110 0.453100 0.104650 0.126530
8 0.192170 0.332800 0.092150 0.104650
11 0.190620 0.260930 0.082760 0.104650
3 0.803110 0.685920 0.076540 0.081210
5 0.903090 0.651540 0.109360 0.107800
3 0.767180 0.596840 0.073430 0.081210
3 0.737470 0.501530 0.068710 0.081210
3 0.709360 0.420280 0.067150 0.082760
3 0.528080 0.390620 0.059330 0.079650
3 0.659370 0.292150 0.064040 0.084370
3 0.628110 0.228110 0.060930 0.081210
3 0.614050 0.168730 0.057770 0.082760
5 0.651540 0.518750 0.089040 0.098420
5 0.604670 0.368730 0.082760 0.096860
1 0.793730 0.385900 0.118750 0.143740
4 0.765580 0.321860 0.106250 0.129690
0 0.737470 0.259370 0.089040 0.114030
5 0.685920 0.146850 0.081210 0.106250
0 0.824990 0.471870 0.103090 0.115590
