3 0.265600 0.299980 0.056210 0.048430
3 0.320300 0.301530 0.049990 0.054660
3 0.393730 0.296860 0.048430 0.053100
3 0.453100 0.299980 0.051540 0.057770
3 0.520300 0.298420 0.046880 0.045270
3 0.581230 0.299980 0.046880 0.057770
3 0.657770 0.292150 0.051540 0.056210
3 0.731240 0.290590 0.051540 0.054660
3 0.724970 0.370290 0.054660 0.056210
3 0.582790 0.373400 0.045270 0.048430
3 0.442160 0.370290 0.045270 0.045270
3 0.387460 0.367180 0.051540 0.045270
3 0.321860 0.373400 0.049990 0.046880
3 0.267150 0.368730 0.056210 0.048430
3 0.267150 0.432780 0.057770 0.045270
3 0.328080 0.434380 0.053100 0.054660
3 0.387460 0.435930 0.049990 0.048430
3 0.443720 0.437490 0.045270 0.042160
3 0.520300 0.437490 0.045270 0.043720
3 0.714030 0.506250 0.045270 0.046880
3 0.512470 0.499980 0.045270 0.045270
3 0.259370 0.496860 0.059330 0.048430
3 0.268710 0.553080 0.060930 0.046880
3 0.260930 0.615610 0.056210 0.043720
3 0.587460 0.574960 0.049990 0.049990
3 0.378120 0.639050 0.049990 0.051540
3 0.446880 0.634380 0.046880 0.043720
3 0.579670 0.639050 0.048430 0.048430
3 0.654660 0.645270 0.048430 0.046880
3 0.721860 0.718750 0.049990 0.053100
3 0.567180 0.717190 0.049990 0.067150
3 0.507800 0.710920 0.045270 0.056210
3 0.446880 0.703090 0.049990 0.056210
3 0.371850 0.696860 0.053100 0.046880
3 0.314030 0.690590 0.049990 0.046880
3 0.260930 0.681210 0.057770 0.045270
3 0.249990 0.749970 0.062490 0.046880
3 0.317190 0.751520 0.056210 0.048430
3 0.378120 0.764020 0.049990 0.051540
3 0.448430 0.759350 0.048430 0.049990
3 0.507800 0.779670 0.043720 0.065600
3 0.565620 0.784340 0.037490 0.064040
3 0.629660 0.778120 0.046880 0.059330
3 0.717190 0.801560 0.056210 0.074980
