5 0.237490 0.743740 0.089040 0.098420
3 0.412500 0.779670 0.062490 0.079650
9 0.042160 0.620280 0.079650 0.079650
9 0.365580 0.609340 0.057770 0.070270
9 0.574960 0.720300 0.060930 0.076540
9 0.104650 0.496860 0.068710 0.074980
9 0.399950 0.474980 0.054660 0.073430
9 0.359350 0.349970 0.053100 0.071870
9 0.224990 0.245270 0.056210 0.070270
9 0.206230 0.284370 0.057770 0.070270
11 0.296860 0.329690 0.070270 0.090590
11 0.079650 0.545300 0.096860 0.099980
6 0.128080 0.429660 0.089040 0.101530
10 0.156240 0.368730 0.096860 0.112470
8 0.179670 0.321860 0.085920 0.090590
8 0.414050 0.412500 0.070270 0.089040
6 0.687480 0.403110 0.065600 0.096860
4 0.381230 0.290590 0.070270 0.104650
3 0.687480 0.359350 0.054660 0.073430
0 0.753120 0.667150 0.082760 0.103090
1 0.756240 0.409340 0.090590 0.128080
3 0.885920 0.879650 0.084370 0.082760
3 0.878100 0.817170 0.079650 0.079650
3 0.874980 0.751520 0.073430 0.076540
5 0.874980 0.682760 0.093710 0.098420
2 0.873430 0.612500 0.093710 0.093710
2 0.860930 0.559350 0.065600 0.074980
3 0.859370 0.509360 0.062490 0.073430
0 0.862490 0.449990 0.082760 0.101530
2 0.856210 0.399950 0.082760 0.092150
3 0.846880 0.364020 0.057770 0.073430
