5 0.434380 0.574960 0.042160 0.051540
5 0.318750 0.524970 0.046880 0.053100
6 0.268710 0.470270 0.045270 0.053100
3 0.281210 0.323410 0.034380 0.045270
9 0.339020 0.324970 0.032780 0.045270
9 0.381230 0.328080 0.037490 0.043720
3 0.435930 0.324970 0.031220 0.039050
3 0.545300 0.320300 0.039050 0.043720
9 0.495310 0.323410 0.029660 0.035930
9 0.595280 0.324970 0.031220 0.043720
3 0.645270 0.324970 0.031220 0.042160
3 0.653100 0.370290 0.034380 0.042160
3 0.590620 0.368730 0.029660 0.042160
1 0.545300 0.357790 0.039050 0.076540
7 0.492150 0.357790 0.040600 0.074980
4 0.390620 0.357790 0.045270 0.073430
10 0.442160 0.359350 0.040600 0.078100
9 0.279650 0.370290 0.034380 0.042160
9 0.329690 0.373400 0.032780 0.043720
6 0.329690 0.415610 0.042160 0.054660
0 0.384340 0.417170 0.040600 0.053100
0 0.548410 0.467150 0.035930 0.053100
9 0.657770 0.470270 0.035930 0.045270
9 0.435930 0.470270 0.031220 0.040600
3 0.495310 0.412500 0.031220 0.043720
3 0.379670 0.473430 0.035930 0.040600
