9 0.600000 0.421840 0.039050 0.032780
9 0.598400 0.509360 0.031220 0.031220
9 0.600000 0.548410 0.031220 0.034380
9 0.554680 0.551520 0.032780 0.024990
9 0.510920 0.545300 0.032780 0.029660
9 0.473430 0.551520 0.032780 0.026550
9 0.359350 0.543740 0.029660 0.031220
9 0.321860 0.549970 0.037490 0.029660
9 0.317190 0.504650 0.034380 0.031220
6 0.353120 0.506250 0.043720 0.029660
9 0.310920 0.468710 0.035930 0.029660
9 0.357790 0.456210 0.031220 0.029660
9 0.356240 0.423440 0.039050 0.031220
9 0.392170 0.424990 0.034380 0.028110
9 0.421840 0.420280 0.034380 0.028110
9 0.470270 0.415610 0.034380 0.029660
9 0.392170 0.465600 0.037490 0.024990
9 0.395280 0.495310 0.032780 0.029660
9 0.431220 0.510920 0.037490 0.028110
9 0.474980 0.506250 0.035930 0.028110
9 0.514030 0.510920 0.035930 0.031220
9 0.553080 0.506250 0.034380 0.034380
9 0.554680 0.457770 0.037490 0.029660
9 0.507800 0.454660 0.034380 0.031220
9 0.517190 0.418720 0.031220 0.031220
6 0.306250 0.426550 0.042160 0.040600
6 0.428110 0.465600 0.040600 0.028110
6 0.470270 0.462490 0.040600 0.031220
6 0.596840 0.460930 0.032780 0.029660
3 0.395280 0.542180 0.029660 0.029660
3 0.431220 0.546850 0.028110 0.029660
3 0.595280 0.598400 0.029660 0.034380
3 0.317190 0.587460 0.031220 0.026550
3 0.359350 0.584340 0.032780 0.028110
3 0.431220 0.589060 0.031220 0.028110
3 0.468710 0.584340 0.032780 0.029660
3 0.517190 0.593730 0.028110 0.029660
3 0.557790 0.640600 0.031220 0.032780
3 0.517190 0.634380 0.032780 0.031220
3 0.429660 0.631220 0.034380 0.028110
3 0.357790 0.624990 0.031220 0.029660
3 0.318750 0.665600 0.029660 0.026550
3 0.353120 0.667150 0.037490 0.029660
3 0.389060 0.667150 0.031220 0.029660
3 0.470270 0.667150 0.029660 0.029660
3 0.557790 0.689040 0.035930 0.031220
3 0.556240 0.723410 0.029660 0.037490
3 0.517190 0.721860 0.029660 0.032780
3 0.473430 0.718750 0.028110 0.034380
3 0.431220 0.710920 0.029660 0.028110
3 0.393730 0.709360 0.029660 0.028110
3 0.357790 0.706250 0.028110 0.026550
3 0.315590 0.696860 0.034380 0.028110
0 0.310920 0.631220 0.042160 0.028110
0 0.392170 0.584340 0.035930 0.034380
0 0.470270 0.634380 0.037490 0.029660
0 0.515590 0.679650 0.035930 0.035930
0 0.428110 0.670270 0.039050 0.029660
0 0.392170 0.624990 0.040600 0.029660
6 0.554680 0.407780 0.031220 0.028110
