5 0.420280 0.556240 0.035930 0.048430
5 0.312470 0.510920 0.040600 0.049990
6 0.268710 0.460930 0.039050 0.048430
3 0.370290 0.464040 0.028110 0.039050
9 0.424990 0.460930 0.032780 0.039050
9 0.631220 0.462490 0.032780 0.042160
0 0.528080 0.459330 0.032780 0.051540
3 0.281210 0.326530 0.029660 0.042160
9 0.332800 0.324970 0.028110 0.042160
9 0.279650 0.368730 0.029660 0.040600
9 0.324970 0.371850 0.031220 0.040600
9 0.368730 0.329690 0.026550 0.039050
7 0.428110 0.312470 0.037490 0.071870
4 0.381230 0.356240 0.039050 0.068710
9 0.428110 0.367180 0.029660 0.043720
10 0.473430 0.312470 0.039050 0.071870
3 0.523410 0.323410 0.028110 0.043720
3 0.478100 0.371850 0.028110 0.039050
3 0.481210 0.407780 0.028110 0.039050
3 0.568730 0.368730 0.029660 0.042160
1 0.528080 0.356240 0.035930 0.070270
9 0.573400 0.326530 0.026550 0.042160
3 0.620280 0.326530 0.026550 0.042160
3 0.628110 0.370290 0.028110 0.042160
0 0.374960 0.412500 0.035930 0.053100
6 0.323410 0.410890 0.037490 0.054660
