3 0.223440 0.249990 0.057770 0.057770
3 0.367180 0.253100 0.051540 0.060930
3 0.562460 0.246880 0.049990 0.057770
3 0.224990 0.324970 0.057770 0.057770
3 0.290590 0.321860 0.049990 0.059330
3 0.365580 0.315590 0.053100 0.056210
3 0.439050 0.324970 0.049990 0.059330
3 0.574960 0.317190 0.049990 0.057770
3 0.646830 0.314030 0.054660 0.056210
3 0.714030 0.323410 0.054660 0.057770
3 0.212500 0.390620 0.062490 0.054660
3 0.289040 0.382790 0.056210 0.049990
3 0.359350 0.390620 0.053100 0.057770
3 0.504650 0.384340 0.048430 0.053100
3 0.571850 0.392170 0.048430 0.049990
3 0.643720 0.389060 0.051540 0.056210
3 0.723410 0.384340 0.060930 0.049990
3 0.215610 0.464040 0.059330 0.051540
3 0.298420 0.471870 0.056210 0.051540
3 0.437490 0.453100 0.057770 0.051540
3 0.581230 0.462490 0.051540 0.051540
3 0.723410 0.460930 0.057770 0.048430
3 0.207780 0.537470 0.068710 0.046880
3 0.357790 0.521860 0.051540 0.048430
3 0.504650 0.537470 0.049990 0.049990
3 0.653100 0.529690 0.056210 0.046880
3 0.217170 0.604670 0.062490 0.049990
3 0.292150 0.610890 0.062490 0.053100
3 0.439050 0.596840 0.056210 0.048430
3 0.507800 0.609340 0.054660 0.053100
3 0.582790 0.603110 0.054660 0.049990
3 0.653100 0.603110 0.059330 0.053100
3 0.737470 0.590620 0.064040 0.053100
3 0.204670 0.681210 0.074980 0.054660
3 0.351520 0.681210 0.049990 0.060930
3 0.429660 0.674980 0.051540 0.062490
3 0.507800 0.681210 0.054660 0.059330
3 0.646830 0.681210 0.057770 0.060930
3 0.731240 0.671870 0.062490 0.051540
3 0.196840 0.764020 0.070270 0.067150
3 0.273430 0.757790 0.062490 0.064040
3 0.342180 0.753120 0.053100 0.057770
3 0.590620 0.739020 0.057770 0.056210
3 0.737470 0.751520 0.065600 0.065600
