6 0.153120 0.174960 0.092150 0.087480
6 0.737470 0.171850 0.079650 0.090590
6 0.746850 0.465600 0.082760 0.062490
6 0.134360 0.579670 0.092150 0.065600
6 0.134360 0.674980 0.092150 0.073430
6 0.432780 0.873430 0.065600 0.092150
1 0.237490 0.174960 0.106250 0.118750
1 0.531240 0.164020 0.078100 0.120300
1 0.648430 0.773400 0.090590 0.109360
0 0.334360 0.171850 0.070270 0.090590
0 0.724970 0.543740 0.079650 0.060930
0 0.826550 0.590620 0.089040 0.065600
0 0.831220 0.762460 0.090590 0.078100
0 0.737470 0.884370 0.079650 0.090590
5 0.434380 0.170290 0.067150 0.092150
5 0.148410 0.282760 0.092150 0.081210
5 0.149970 0.373400 0.095310 0.074980
5 0.329690 0.764020 0.076540 0.085920
5 0.729690 0.790620 0.081210 0.089040
5 0.834330 0.464040 0.093710 0.067150
4 0.637490 0.145300 0.085920 0.123410
4 0.235930 0.567180 0.104650 0.074980
4 0.857770 0.879650 0.121860 0.124970
8 0.235930 0.273430 0.085920 0.082760
8 0.243720 0.354680 0.076540 0.079650
8 0.837490 0.282760 0.090590 0.089040
8 0.535910 0.765580 0.070270 0.095310
8 0.221840 0.884370 0.085920 0.106250
8 0.148410 0.768730 0.087480 0.090590
3 0.351520 0.289040 0.057770 0.060930
3 0.714030 0.282760 0.062490 0.062490
9 0.748410 0.667150 0.067150 0.059330
7 0.445270 0.264040 0.078100 0.106250
7 0.248430 0.676540 0.107800 0.095310
7 0.623440 0.881210 0.089040 0.128080
11 0.539020 0.282760 0.065600 0.081210
11 0.626550 0.276540 0.074980 0.082760
11 0.143740 0.467150 0.096860 0.067150
11 0.242160 0.764020 0.085920 0.085920
10 0.740580 0.382790 0.106250 0.085920
10 0.124970 0.876540 0.126530 0.124970
10 0.332800 0.895310 0.093710 0.126530
2 0.517190 0.892150 0.068710 0.104650
2 0.454660 0.771850 0.070270 0.081210
2 0.837490 0.674980 0.104650 0.076540
2 0.254660 0.474980 0.074980 0.071870
