9 0.232780 0.751520 0.068710 0.071870
9 0.303090 0.579670 0.060930 0.070270
9 0.362460 0.604670 0.057770 0.070270
9 0.417170 0.465600 0.054660 0.071870
9 0.384340 0.334360 0.051540 0.070270
9 0.401560 0.285920 0.053100 0.071870
9 0.249990 0.220280 0.059330 0.071870
9 0.231220 0.262490 0.060930 0.073430
11 0.153120 0.729690 0.095310 0.098420
6 0.221840 0.564020 0.085920 0.096860
7 0.249990 0.482760 0.101530 0.123410
6 0.299980 0.365580 0.074980 0.096860
8 0.312470 0.321860 0.079650 0.090590
11 0.340630 0.262490 0.070270 0.090590
10 0.531240 0.299980 0.071870 0.107800
8 0.200000 0.301530 0.087480 0.090590
3 0.503090 0.809340 0.060930 0.071870
3 0.671870 0.765580 0.065600 0.074980
3 0.685920 0.673430 0.060930 0.071870
3 0.695310 0.593730 0.059330 0.070270
3 0.562460 0.506250 0.053100 0.070270
3 0.706250 0.406230 0.054660 0.071870
3 0.718750 0.351520 0.051540 0.068710
3 0.887480 0.362460 0.059330 0.073430
5 0.784340 0.362460 0.070270 0.090590
5 0.759350 0.865600 0.096860 0.096860
0 0.768730 0.682760 0.089040 0.098420
0 0.899980 0.456210 0.087480 0.104650
2 0.634380 0.514030 0.076540 0.089040
4 0.704650 0.521860 0.084370 0.109360
1 0.774960 0.603110 0.103090 0.128080
2 0.895310 0.401560 0.085920 0.093710
