8 0.798400 0.253100 0.095310 0.107800
9 0.674980 0.256210 0.068710 0.081210
6 0.851540 0.276540 0.095310 0.124970
9 0.726530 0.281210 0.068710 0.082760
10 0.929690 0.295310 0.117190 0.148410
9 0.784340 0.312470 0.073430 0.087480
3 0.301530 0.320300 0.045270 0.054660
9 0.851540 0.343740 0.085920 0.095310
3 0.346850 0.349970 0.046880 0.045270
5 0.206230 0.349970 0.076540 0.109360
9 0.918750 0.378120 0.095310 0.103090
2 0.240600 0.387460 0.109360 0.129690
3 0.393730 0.398400 0.062490 0.071870
9 0.971850 0.412500 0.051540 0.098420
0 0.279650 0.420280 0.068710 0.140580
1 0.335910 0.445270 0.081210 0.210890
3 0.456210 0.454660 0.081210 0.099980
3 0.518750 0.507800 0.099980 0.114030
4 0.398400 0.515590 0.104650 0.187460
3 0.579670 0.564020 0.104650 0.109360
0 0.471870 0.593730 0.117190 0.167180
3 0.664040 0.632780 0.117190 0.124970
2 0.556240 0.684370 0.153120 0.156240
3 0.768730 0.726530 0.112470 0.139020
5 0.649990 0.768730 0.153120 0.170290
11 0.734360 0.235930 0.073430 0.095310
