10 0.371850 0.529690 0.074980 0.065600
10 0.529690 0.529690 0.071870 0.065600
10 0.371850 0.678100 0.068710 0.071870
10 0.528080 0.676540 0.078100 0.074980
10 0.309360 0.454660 0.081210 0.068710
10 0.451540 0.379670 0.068710 0.067150
10 0.228110 0.596840 0.096860 0.074980
7 0.221840 0.304650 0.099980 0.092150
7 0.606230 0.378120 0.079650 0.078100
7 0.765580 0.443720 0.103090 0.074980
7 0.376520 0.835930 0.089040 0.106250
7 0.459330 0.595280 0.081210 0.068710
6 0.448430 0.446880 0.067150 0.051540
6 0.679650 0.601560 0.076540 0.065600
6 0.304650 0.751520 0.082760 0.073430
6 0.451540 0.303090 0.059330 0.073430
4 0.679650 0.296860 0.081210 0.099980
4 0.770290 0.835930 0.098420 0.106250
4 0.543740 0.835930 0.092150 0.104650
4 0.600000 0.523410 0.060930 0.065600
1 0.456210 0.523410 0.060930 0.090590
