11 0.214050 0.218720 0.082760 0.076540
11 0.368730 0.214050 0.071870 0.074980
11 0.456210 0.296860 0.065600 0.068710
11 0.784340 0.378120 0.093710 0.064040
11 0.789060 0.459330 0.089040 0.062490
11 0.207780 0.531240 0.089040 0.059330
11 0.379670 0.534360 0.065600 0.064040
11 0.621840 0.618720 0.065600 0.067150
11 0.203110 0.612500 0.082760 0.062490
11 0.459330 0.792170 0.064040 0.090590
11 0.782790 0.789060 0.085920 0.093710
5 0.292150 0.212500 0.071870 0.082760
5 0.692150 0.290590 0.068710 0.076540
5 0.284370 0.370290 0.078100 0.067150
5 0.462490 0.373400 0.059330 0.067150
5 0.543740 0.387460 0.056210 0.062490
5 0.534360 0.554680 0.060930 0.071870
5 0.782790 0.531240 0.089040 0.064040
5 0.784340 0.618720 0.084370 0.062490
5 0.781230 0.698420 0.089040 0.068710
5 0.203110 0.701530 0.087480 0.074980
5 0.204670 0.789060 0.085920 0.079650
