1 0.529690 0.795280 0.076540 0.087480
4 0.215610 0.337470 0.107800 0.089040
4 0.751520 0.474980 0.085920 0.067150
4 0.756240 0.631220 0.093710 0.068710
4 0.285920 0.709360 0.093710 0.070270
6 0.224990 0.259370 0.074980 0.078100
6 0.523410 0.557790 0.062490 0.067150
6 0.445270 0.706250 0.064040 0.068710
6 0.446880 0.789060 0.062490 0.076540
10 0.374960 0.637490 0.076540 0.064040
10 0.296860 0.626550 0.092150 0.068710
10 0.734360 0.248430 0.081210 0.098420
10 0.759350 0.549970 0.098420 0.059330
10 0.670270 0.478100 0.076540 0.073430
10 0.217170 0.559350 0.098420 0.059330
10 0.215610 0.632780 0.099980 0.065600
9 0.371850 0.267150 0.059330 0.059330
9 0.303090 0.346850 0.059330 0.057770
9 0.374960 0.414050 0.062490 0.046880
9 0.449990 0.485920 0.051540 0.051540
9 0.521860 0.340630 0.053100 0.062490
9 0.590620 0.335910 0.056210 0.054660
9 0.737470 0.334360 0.059330 0.059330
9 0.598400 0.699980 0.057770 0.048430
9 0.523410 0.698420 0.054660 0.057770
9 0.376520 0.706250 0.056210 0.057770
9 0.770290 0.778120 0.062490 0.064040
7 0.667150 0.329690 0.073430 0.084370
7 0.526530 0.632780 0.068710 0.059330
7 0.371850 0.484370 0.079650 0.068710
7 0.212500 0.795280 0.099980 0.082760
7 0.679650 0.789060 0.085920 0.093710
