10 0.282760 0.765580 0.087480 0.093710
10 0.368730 0.523410 0.081210 0.065600
10 0.589060 0.524970 0.078100 0.053100
10 0.756240 0.517190 0.095310 0.051540
10 0.589060 0.365580 0.078100 0.078100
10 0.443720 0.370290 0.082760 0.076540
10 0.279650 0.370290 0.092150 0.071870
7 0.210890 0.532800 0.103090 0.082760
7 0.368730 0.598400 0.078100 0.067150
7 0.514030 0.667150 0.073430 0.085920
7 0.515590 0.449990 0.068710 0.081210
7 0.517190 0.212500 0.071870 0.101530
6 0.290590 0.456210 0.090590 0.062490
6 0.587460 0.440600 0.070270 0.071870
6 0.737470 0.289040 0.076540 0.068710
6 0.598400 0.753120 0.067150 0.085920
4 0.367180 0.673430 0.081210 0.079650
4 0.290590 0.603110 0.085920 0.067150
4 0.279650 0.289040 0.087480 0.090590
4 0.434380 0.293710 0.074980 0.096860
1 0.673430 0.668710 0.085920 0.076540
