3 0.809340 0.535910 0.070270 0.049990
3 0.653100 0.701530 0.062490 0.054660
3 0.571850 0.707800 0.053100 0.054660
3 0.479650 0.701530 0.049990 0.051540
3 0.401560 0.709360 0.051540 0.056210
3 0.481210 0.210890 0.051540 0.060930
3 0.239050 0.703090 0.062490 0.049990
1 0.645270 0.368730 0.084370 0.079650
1 0.309360 0.365580 0.082760 0.084370
1 0.492150 0.806230 0.073430 0.110920
1 0.306250 0.628110 0.074980 0.067150
2 0.800000 0.276540 0.084370 0.081210
2 0.304650 0.285920 0.076540 0.067150
2 0.231220 0.812500 0.078100 0.092150
2 0.726530 0.532800 0.074980 0.067150
6 0.649990 0.549970 0.068710 0.053100
6 0.553080 0.290590 0.059330 0.071870
6 0.228110 0.453100 0.070270 0.062490
6 0.390620 0.190620 0.060930 0.085920
9 0.729690 0.698420 0.067150 0.053100
9 0.821840 0.695310 0.073430 0.059330
9 0.210890 0.553080 0.071870 0.049990
9 0.639050 0.293710 0.054660 0.059330
11 0.656210 0.615610 0.081210 0.062490
11 0.821840 0.793730 0.089040 0.079650
11 0.401560 0.456210 0.059330 0.056210
0 0.804670 0.359350 0.085920 0.068710
0 0.303090 0.545300 0.074980 0.049990
5 0.651540 0.462490 0.070270 0.054660
5 0.657770 0.798400 0.071870 0.078100
8 0.401560 0.617170 0.060930 0.062490
8 0.399950 0.299980 0.068710 0.073430
4 0.476540 0.365580 0.064040 0.085920
10 0.215610 0.281210 0.099980 0.098420
