10 0.228110 0.229660 0.096860 0.093710
10 0.609340 0.387460 0.071870 0.076540
10 0.374960 0.609340 0.081210 0.059330
10 0.301530 0.692150 0.087480 0.068710
10 0.306250 0.390620 0.089040 0.073430
10 0.764020 0.237490 0.087480 0.099980
10 0.529690 0.459330 0.071870 0.071870
9 0.229660 0.318750 0.071870 0.056210
9 0.235930 0.390620 0.070270 0.062490
9 0.231220 0.462490 0.074980 0.054660
9 0.228110 0.531240 0.068710 0.049990
9 0.229660 0.601560 0.071870 0.057770
9 0.682760 0.537470 0.057770 0.054660
9 0.678100 0.465600 0.059330 0.051540
9 0.678100 0.398400 0.060930 0.056210
9 0.674980 0.615610 0.056210 0.051540
9 0.674980 0.679650 0.056210 0.054660
9 0.601560 0.315590 0.054660 0.053100
1 0.684370 0.778120 0.082760 0.093710
4 0.609340 0.692150 0.070270 0.078100
4 0.604670 0.778120 0.071870 0.087480
4 0.387460 0.235930 0.070270 0.099980
4 0.309360 0.231220 0.081210 0.099980
6 0.464040 0.234380 0.057770 0.081210
6 0.460930 0.539020 0.057770 0.056210
6 0.529690 0.539020 0.062490 0.054660
6 0.451540 0.759350 0.067150 0.078100
7 0.537470 0.226550 0.067150 0.099980
7 0.685920 0.312470 0.071870 0.087480
7 0.534360 0.610890 0.065600 0.065600
7 0.379670 0.456210 0.076540 0.070270
7 0.220280 0.765580 0.106250 0.084370
