5 0.534360 0.664040 0.035930 0.042160
5 0.481210 0.662490 0.037490 0.039050
5 0.467150 0.428110 0.032780 0.046880
5 0.517190 0.421840 0.031220 0.046880
4 0.624990 0.548410 0.051540 0.053100
1 0.320300 0.512470 0.042160 0.060930
0 0.424990 0.514030 0.032780 0.043720
0 0.421840 0.565620 0.026550 0.043720
3 0.371850 0.524970 0.029660 0.031220
3 0.373400 0.479650 0.031220 0.040600
3 0.423440 0.476540 0.028110 0.035930
3 0.468710 0.476540 0.029660 0.032780
3 0.512470 0.459330 0.026550 0.032780
3 0.567180 0.460930 0.026550 0.037490
3 0.526530 0.514030 0.032780 0.034380
3 0.474980 0.567180 0.034380 0.032780
8 0.328080 0.382790 0.032780 0.053100
8 0.517190 0.376520 0.032780 0.046880
10 0.323410 0.564020 0.043720 0.056210
7 0.623440 0.499980 0.051540 0.057770
11 0.601560 0.418720 0.035930 0.046880
11 0.423440 0.389060 0.029660 0.045270
6 0.417170 0.426550 0.029660 0.046880
6 0.474980 0.512470 0.032780 0.043720
9 0.367180 0.667150 0.032780 0.032780
9 0.378120 0.567180 0.029660 0.034380
9 0.420280 0.624990 0.032780 0.034380
9 0.474980 0.617170 0.029660 0.035930
9 0.529690 0.610890 0.032780 0.035930
9 0.574960 0.606230 0.032780 0.035930
9 0.568730 0.556240 0.028110 0.037490
9 0.523410 0.559350 0.029660 0.037490
