10 0.343740 0.335910 0.081210 0.074980
10 0.553080 0.337470 0.070270 0.081210
10 0.701530 0.476540 0.089040 0.065600
10 0.773400 0.699980 0.093710 0.087480
10 0.551520 0.557790 0.071870 0.074980
10 0.476540 0.632780 0.065600 0.074980
10 0.334360 0.635930 0.074980 0.082760
7 0.803110 0.178120 0.096860 0.087480
7 0.706250 0.259370 0.089040 0.079650
7 0.406230 0.257770 0.068710 0.085920
7 0.254660 0.414050 0.089040 0.071870
7 0.256210 0.551520 0.087480 0.070270
4 0.257770 0.171850 0.093710 0.096860
4 0.259370 0.709360 0.082760 0.090590
4 0.699980 0.620280 0.084370 0.073430
4 0.404670 0.485920 0.065600 0.067150
6 0.467150 0.189060 0.060930 0.079650
6 0.551520 0.187460 0.062490 0.082760
6 0.696860 0.340630 0.071870 0.060930
6 0.764020 0.404670 0.074980 0.054660
1 0.549970 0.479650 0.071870 0.060930
