3 0.446880 0.457770 0.054660 0.054660
3 0.606230 0.454660 0.060930 0.068710
3 0.607780 0.310920 0.067150 0.068710
3 0.456210 0.314030 0.068710 0.070270
3 0.376520 0.542180 0.057770 0.060930
3 0.448430 0.689040 0.057770 0.073430
3 0.612500 0.689040 0.062490 0.078100
1 0.773400 0.214050 0.093710 0.112470
1 0.200000 0.207780 0.101530 0.103090
1 0.200000 0.792170 0.117190 0.101530
1 0.792170 0.792170 0.106250 0.117190
2 0.298420 0.299980 0.068710 0.084370
2 0.692150 0.298420 0.065600 0.087480
2 0.693710 0.698420 0.071870 0.093710
2 0.295310 0.693710 0.074980 0.084370
5 0.521860 0.292150 0.059330 0.087480
5 0.532800 0.699980 0.065600 0.078100
4 0.531240 0.531240 0.064040 0.065600
0 0.378120 0.293710 0.070270 0.089040
0 0.376520 0.695310 0.071870 0.081210
