9 0.273430 0.332800 0.034380 0.042160
9 0.326530 0.329690 0.031220 0.040600
9 0.376520 0.331240 0.028110 0.039050
5 0.431220 0.370290 0.034380 0.051540
5 0.481210 0.381230 0.034380 0.051540
0 0.421840 0.435930 0.034380 0.045270
3 0.373400 0.435930 0.029660 0.037490
9 0.321860 0.432780 0.031220 0.039050
4 0.476540 0.320300 0.037490 0.067150
7 0.531240 0.320300 0.039050 0.073430
1 0.424990 0.321860 0.039050 0.064040
8 0.539020 0.424990 0.037490 0.051540
6 0.257770 0.428110 0.048430 0.062490
8 0.368730 0.376520 0.040600 0.056210
