7 0.707800 0.632780 0.073430 0.162460
10 0.584340 0.493710 0.056210 0.124970
6 0.312470 0.382790 0.045270 0.082760
6 0.426550 0.471870 0.046880 0.084370
11 0.515590 0.420280 0.042160 0.070270
9 0.796840 0.571850 0.049990 0.076540
9 0.365580 0.471870 0.037490 0.064040
9 0.290590 0.474980 0.043720 0.064040
9 0.287480 0.332800 0.029660 0.049990
9 0.351520 0.328080 0.031220 0.049990
8 0.595280 0.331240 0.039050 0.076540
1 0.579670 0.639050 0.070270 0.143740
5 0.387460 0.651540 0.067150 0.095310
5 0.418720 0.514030 0.054660 0.081210
4 0.467150 0.332800 0.045270 0.098420
2 0.453100 0.379670 0.042160 0.076540
0 0.743740 0.393730 0.043720 0.092150
3 0.735910 0.364020 0.032780 0.057770
3 0.656210 0.331240 0.031220 0.059330
3 0.239050 0.590620 0.046880 0.070270
5 0.417170 0.514030 0.051540 0.079650
3 0.534360 0.343740 0.031220 0.057770
