9 0.295310 0.776520 0.071870 0.071870
9 0.299980 0.668710 0.065600 0.073430
9 0.301530 0.574960 0.062490 0.073430
9 0.456210 0.471870 0.054660 0.074980
9 0.378120 0.415610 0.053100 0.078100
9 0.290590 0.357790 0.056210 0.078100
9 0.290590 0.290590 0.053100 0.076540
9 0.290590 0.231220 0.053100 0.078100
6 0.574960 0.628110 0.073430 0.096860
11 0.201560 0.784340 0.101530 0.098420
8 0.196840 0.687480 0.104650 0.089040
6 0.209340 0.587460 0.090590 0.101530
7 0.206230 0.492150 0.106250 0.132800
10 0.209340 0.421840 0.093710 0.120300
8 0.210890 0.301530 0.082760 0.098420
11 0.217170 0.229660 0.073430 0.099980
3 0.781230 0.715590 0.070270 0.076540
5 0.884370 0.693710 0.101530 0.098420
3 0.756240 0.624990 0.067150 0.074980
3 0.734360 0.526530 0.062490 0.076540
3 0.715590 0.443720 0.060930 0.078100
3 0.540630 0.393730 0.053100 0.076540
3 0.679650 0.309360 0.056210 0.079650
3 0.656210 0.243720 0.053100 0.076540
3 0.648430 0.184340 0.051540 0.079650
5 0.649990 0.534360 0.081210 0.092150
5 0.618720 0.381230 0.074980 0.092150
1 0.803110 0.417170 0.107800 0.135910
4 0.782790 0.349970 0.095310 0.121860
0 0.759350 0.285920 0.079650 0.109360
5 0.721860 0.168730 0.071870 0.101530
0 0.824990 0.506250 0.093710 0.109360
