3 0.659370 0.467150 0.035930 0.048430
3 0.618720 0.467150 0.034380 0.048430
3 0.562460 0.465600 0.032780 0.048430
3 0.556240 0.423440 0.034380 0.046880
3 0.290590 0.382790 0.035930 0.046880
3 0.499980 0.351520 0.029660 0.042160
3 0.651540 0.353120 0.029660 0.040600
3 0.498420 0.387460 0.032780 0.045270
5 0.339020 0.459330 0.042160 0.060930
5 0.396840 0.459330 0.039050 0.059330
5 0.345300 0.343740 0.035930 0.056210
5 0.499980 0.418720 0.032780 0.057770
9 0.401560 0.348410 0.031220 0.046880
9 0.343740 0.381230 0.032780 0.051540
9 0.449990 0.465600 0.035930 0.048430
9 0.506250 0.471870 0.029660 0.046880
9 0.540630 0.385900 0.029660 0.046880
9 0.600000 0.389060 0.034380 0.045270
9 0.604670 0.421840 0.029660 0.049990
8 0.443720 0.343740 0.034380 0.057770
11 0.648430 0.384340 0.037490 0.060930
11 0.657770 0.421840 0.039050 0.057770
9 0.398400 0.385900 0.034380 0.045270
6 0.273430 0.454660 0.039050 0.065600
6 0.296860 0.337470 0.032780 0.062490
4 0.282760 0.404670 0.046880 0.081210
1 0.393730 0.406230 0.039050 0.082760
0 0.542180 0.337470 0.031220 0.059330
0 0.596840 0.343740 0.031220 0.062490
8 0.443720 0.378120 0.035930 0.054660
7 0.445270 0.401560 0.039050 0.084370
10 0.337470 0.409340 0.045270 0.082760
