3 0.432780 0.749970 0.060930 0.073430
5 0.259370 0.784340 0.093710 0.098420
9 0.412500 0.593730 0.056210 0.071870
11 0.249990 0.618720 0.084370 0.095310
7 0.328080 0.592170 0.095310 0.123410
4 0.468710 0.493710 0.076540 0.107800
9 0.304650 0.362460 0.051540 0.070270
9 0.453100 0.440600 0.053100 0.070270
9 0.124970 0.726530 0.078100 0.074980
8 0.115590 0.806230 0.110920 0.095310
11 0.128080 0.646830 0.096860 0.099980
9 0.131240 0.593730 0.070270 0.074980
6 0.126530 0.524970 0.090590 0.101530
10 0.126530 0.457770 0.096860 0.112470
8 0.128080 0.406230 0.085920 0.090590
9 0.137470 0.362460 0.059330 0.071870
9 0.139020 0.318750 0.057770 0.071870
9 0.734360 0.596840 0.064040 0.073430
3 0.484370 0.274980 0.049990 0.073430
1 0.640600 0.324970 0.089040 0.131240
6 0.628110 0.278100 0.070270 0.099980
3 0.971070 0.632780 0.057770 0.081210
3 0.953080 0.579670 0.076540 0.078100
3 0.928080 0.523410 0.074980 0.078100
5 0.903090 0.460930 0.093710 0.098420
2 0.874980 0.396840 0.095310 0.095310
3 0.843720 0.353120 0.065600 0.073430
3 0.823440 0.309360 0.064040 0.073430
0 0.806230 0.253100 0.082760 0.106250
2 0.781230 0.209340 0.082760 0.095310
3 0.757790 0.178120 0.057770 0.073430
0 0.828110 0.162460 0.081210 0.104650
