5 0.571850 0.543740 0.073430 0.070270
5 0.659370 0.546850 0.065600 0.065600
3 0.432780 0.617170 0.048430 0.059330
3 0.426550 0.540630 0.062490 0.049990
3 0.424990 0.464040 0.045270 0.053100
3 0.415610 0.379670 0.053100 0.065600
3 0.498420 0.384340 0.056210 0.060930
3 0.564020 0.385900 0.054660 0.064040
3 0.645270 0.392170 0.062490 0.054660
2 0.412500 0.696860 0.062490 0.087480
2 0.496860 0.704650 0.059330 0.095310
2 0.579670 0.693710 0.062490 0.065600
0 0.493710 0.617170 0.060930 0.062490
0 0.495310 0.548410 0.056210 0.046880
0 0.490590 0.474980 0.064040 0.053100
0 0.573400 0.465600 0.053100 0.053100
0 0.651540 0.470270 0.073430 0.068710
0 0.573400 0.617170 0.068710 0.079650
0 0.649990 0.623440 0.081210 0.070270
