6 0.239050 0.557790 0.046880 0.046880
6 0.299980 0.562460 0.043720 0.048430
11 0.595280 0.507800 0.039050 0.046880
11 0.420280 0.312470 0.032780 0.053100
10 0.528080 0.445270 0.043720 0.068710
9 0.410890 0.615610 0.034380 0.037490
9 0.532800 0.621840 0.035930 0.035930
9 0.642160 0.504650 0.039050 0.039050
9 0.254660 0.410890 0.032780 0.039050
9 0.270270 0.320300 0.023440 0.035930
9 0.376520 0.309360 0.029660 0.043720
9 0.518750 0.320300 0.026550 0.040600
9 0.360910 0.412500 0.034380 0.042160
8 0.357790 0.560910 0.043720 0.049990
8 0.471870 0.306250 0.037490 0.045270
7 0.418720 0.446880 0.049990 0.067150
5 0.253100 0.454660 0.054660 0.046880
5 0.364020 0.509360 0.040600 0.046880
5 0.585900 0.407780 0.035930 0.049990
5 0.306250 0.359350 0.042160 0.046880
4 0.256210 0.356240 0.045270 0.064040
3 0.234380 0.678100 0.043720 0.039050
3 0.645270 0.621840 0.039050 0.029660
3 0.474980 0.567180 0.035930 0.039050
3 0.468710 0.510920 0.032780 0.039050
3 0.624990 0.454660 0.034380 0.035930
3 0.571850 0.315590 0.029660 0.037490
3 0.331240 0.315590 0.035930 0.039050
3 0.628110 0.317190 0.028110 0.031220
1 0.639050 0.356240 0.048430 0.065600
0 0.476540 0.457770 0.032780 0.043720
0 0.471870 0.359350 0.031220 0.056210
