5 0.154680 0.164020 0.092150 0.084370
5 0.437490 0.168730 0.064040 0.085920
5 0.454660 0.270270 0.062490 0.074980
5 0.235930 0.342180 0.081210 0.070270
5 0.351520 0.654660 0.071870 0.074980
5 0.345300 0.740580 0.073430 0.081210
0 0.343740 0.168730 0.070270 0.084370
0 0.712470 0.732800 0.070270 0.078100
0 0.810890 0.742180 0.081210 0.081210
0 0.631220 0.553080 0.062490 0.060930
0 0.717190 0.553080 0.073430 0.064040
6 0.735910 0.168730 0.076540 0.082760
6 0.643720 0.368730 0.065600 0.062490
6 0.271870 0.262490 0.078100 0.071870
6 0.262490 0.651540 0.078100 0.071870
6 0.448430 0.737470 0.059330 0.079650
6 0.620280 0.757790 0.060930 0.081210
8 0.839050 0.170290 0.095310 0.090590
8 0.831220 0.279650 0.084370 0.085920
8 0.539020 0.648430 0.067150 0.082760
8 0.635930 0.660930 0.067150 0.082760
8 0.168730 0.740580 0.082760 0.087480
8 0.260930 0.751520 0.076540 0.095310
1 0.351520 0.274980 0.089040 0.096860
1 0.545300 0.256210 0.071870 0.098420
1 0.339020 0.374960 0.092150 0.079650
4 0.629660 0.248430 0.079650 0.099980
4 0.834330 0.854660 0.110920 0.120300
4 0.343740 0.542180 0.089040 0.071870
3 0.710920 0.279650 0.060930 0.059330
3 0.523410 0.565620 0.053100 0.053100
11 0.443720 0.387460 0.065600 0.065600
11 0.535910 0.470270 0.062490 0.062490
11 0.246880 0.457770 0.084370 0.062490
11 0.628110 0.474980 0.070270 0.062490
7 0.539020 0.378120 0.076540 0.079650
7 0.442160 0.557790 0.078100 0.081210
7 0.239050 0.551520 0.107800 0.078100
9 0.720300 0.357790 0.060930 0.056210
2 0.353120 0.454660 0.067150 0.067150
2 0.723410 0.642160 0.085920 0.071870
2 0.535910 0.742180 0.065600 0.090590
2 0.442160 0.639050 0.067150 0.067150
10 0.726530 0.464040 0.099980 0.073430
10 0.453100 0.456210 0.074980 0.071870
10 0.149970 0.837490 0.115590 0.114030
