5 0.217170 0.606230 0.057770 0.048430
8 0.410890 0.542180 0.053100 0.046880
8 0.290590 0.484370 0.048430 0.046880
11 0.224990 0.546850 0.051540 0.045270
5 0.234380 0.481210 0.060930 0.042160
6 0.299980 0.435930 0.051540 0.035930
1 0.356240 0.435930 0.048430 0.045270
10 0.415610 0.437490 0.051540 0.037490
0 0.415610 0.342180 0.049990 0.039050
0 0.640600 0.434380 0.054660 0.039050
11 0.468710 0.390620 0.051540 0.037490
4 0.470270 0.339020 0.043720 0.039050
5 0.524970 0.340630 0.045270 0.034380
5 0.528080 0.435930 0.049990 0.031220
7 0.529690 0.490590 0.053100 0.043720
6 0.646830 0.484370 0.051540 0.040600
