0 0.214050 0.360910 0.053100 0.074980
5 0.356240 0.367180 0.039050 0.065600
11 0.474980 0.371850 0.040600 0.062490
8 0.190620 0.532800 0.059330 0.065600
11 0.265600 0.523410 0.049990 0.065600
0 0.335910 0.534360 0.043720 0.062490
6 0.335910 0.603110 0.045270 0.062490
6 0.412500 0.603110 0.039050 0.059330
5 0.476540 0.612500 0.040600 0.060930
8 0.548410 0.603110 0.056210 0.059330
5 0.621840 0.603110 0.049990 0.065600
5 0.531240 0.481210 0.043720 0.060930
1 0.401560 0.457770 0.043720 0.085920
7 0.403110 0.528080 0.051540 0.085920
10 0.467150 0.462490 0.046880 0.092150
4 0.481210 0.532800 0.046880 0.084370
