9 0.631220 0.782790 0.064040 0.068710
9 0.262490 0.718750 0.068710 0.070270
9 0.732800 0.371850 0.056210 0.074980
11 0.639050 0.589060 0.073430 0.092150
2 0.449990 0.746850 0.076540 0.092150
4 0.459330 0.649990 0.079650 0.098420
1 0.731240 0.596840 0.095310 0.115590
0 0.321860 0.468710 0.078100 0.095310
0 0.434380 0.329690 0.068710 0.099980
10 0.268710 0.379670 0.090590 0.109360
7 0.503090 0.403110 0.082760 0.121860
6 0.518750 0.279650 0.065600 0.103090
8 0.595280 0.284370 0.067150 0.093710
3 0.806230 0.249990 0.054660 0.076540
3 0.737470 0.312470 0.054660 0.074980
3 0.728080 0.442160 0.056210 0.073430
