5 0.896860 0.139020 0.095310 0.090590
5 0.768730 0.139020 0.084370 0.087480
5 0.557790 0.120300 0.068710 0.090590
5 0.864040 0.448430 0.095310 0.060930
5 0.476540 0.660930 0.060930 0.070270
10 0.359350 0.143740 0.090590 0.115590
11 0.228110 0.123410 0.085920 0.092150
4 0.128080 0.132800 0.120300 0.117190
2 0.467150 0.224990 0.065600 0.087480
8 0.248430 0.246880 0.078100 0.081210
0 0.157790 0.253100 0.089040 0.074980
10 0.134360 0.351520 0.121860 0.079650
8 0.871870 0.346850 0.084370 0.076540
6 0.759350 0.326530 0.082760 0.064040
7 0.651540 0.359350 0.085920 0.078100
10 0.546850 0.349970 0.076540 0.082760
11 0.459330 0.339020 0.059330 0.067150
8 0.353120 0.340630 0.064040 0.074980
3 0.271870 0.424990 0.064040 0.049990
0 0.360910 0.453100 0.060930 0.057770
11 0.764020 0.426550 0.082760 0.059330
4 0.665600 0.457770 0.090590 0.065600
2 0.562460 0.443720 0.067150 0.070270
0 0.168730 0.464040 0.082760 0.059330
8 0.832780 0.537470 0.082760 0.071870
2 0.751520 0.546850 0.078100 0.071870
2 0.467150 0.526530 0.071870 0.062490
4 0.274980 0.551520 0.099980 0.076540
7 0.170290 0.556240 0.118750 0.081210
6 0.856210 0.635930 0.087480 0.073430
11 0.560910 0.624990 0.067150 0.068710
6 0.359350 0.653100 0.067150 0.071870
9 0.279650 0.657770 0.071870 0.056210
1 0.154680 0.657770 0.117190 0.095310
7 0.873430 0.768730 0.120300 0.110920
6 0.742180 0.749970 0.074980 0.076540
1 0.657770 0.742180 0.085920 0.109360
1 0.453100 0.764020 0.071870 0.112470
3 0.292150 0.739020 0.062490 0.059330
0 0.668710 0.846880 0.070270 0.087480
5 0.860930 0.845270 0.085920 0.087480
0 0.381230 0.864040 0.062490 0.087480
8 0.165580 0.743740 0.076540 0.085920
6 0.267150 0.856210 0.076540 0.098420
8 0.164020 0.851540 0.084370 0.095310
6 0.651540 0.142180 0.073430 0.092150
