3 0.234380 0.240600 0.059330 0.059330
3 0.387460 0.245270 0.051540 0.064040
3 0.589060 0.240600 0.046880 0.064040
3 0.237490 0.318750 0.059330 0.059330
3 0.304650 0.310920 0.054660 0.062490
3 0.381230 0.310920 0.051540 0.057770
3 0.454660 0.318750 0.054660 0.057770
3 0.592170 0.310920 0.048430 0.060930
3 0.665600 0.306250 0.057770 0.060930
3 0.740580 0.317190 0.056210 0.057770
3 0.226550 0.384340 0.068710 0.060930
3 0.301530 0.374960 0.059330 0.057770
3 0.373400 0.384340 0.056210 0.060930
3 0.526530 0.379670 0.046880 0.056210
3 0.593730 0.385900 0.054660 0.053100
3 0.667150 0.387460 0.053100 0.062490
3 0.749970 0.382790 0.060930 0.054660
3 0.228110 0.457770 0.064040 0.049990
3 0.309360 0.465600 0.054660 0.053100
3 0.453100 0.449990 0.053100 0.054660
3 0.603110 0.460930 0.056210 0.057770
3 0.749970 0.460930 0.060930 0.054660
3 0.218720 0.532800 0.068710 0.048430
3 0.371850 0.523410 0.054660 0.057770
3 0.526530 0.535910 0.053100 0.057770
3 0.678100 0.535910 0.059330 0.056210
3 0.228110 0.600000 0.070270 0.049990
3 0.304650 0.612500 0.062490 0.057770
3 0.454660 0.598400 0.054660 0.049990
3 0.520300 0.610890 0.053100 0.051540
3 0.601560 0.603110 0.056210 0.048430
3 0.676540 0.606230 0.060930 0.056210
3 0.757790 0.592170 0.071870 0.043720
3 0.212500 0.679650 0.071870 0.056210
3 0.364020 0.684370 0.048430 0.056210
3 0.448430 0.679650 0.053100 0.056210
3 0.523410 0.684370 0.053100 0.056210
3 0.676540 0.690590 0.064040 0.051540
3 0.754680 0.679650 0.068710 0.056210
3 0.204670 0.760910 0.073430 0.065600
3 0.284370 0.760910 0.059330 0.062490
3 0.354680 0.757790 0.054660 0.064040
3 0.610890 0.746850 0.062490 0.059330
3 0.762460 0.759350 0.064040 0.060930
