3 0.239050 0.296860 0.060930 0.060930
3 0.228110 0.215610 0.065600 0.057770
3 0.318750 0.201560 0.065600 0.062490
3 0.321860 0.446880 0.059330 0.046880
3 0.317190 0.598400 0.054660 0.046880
3 0.318750 0.674980 0.056210 0.049990
3 0.790620 0.689040 0.065600 0.056210
1 0.629660 0.373400 0.064040 0.073430
1 0.542180 0.274980 0.059330 0.096860
1 0.467150 0.607780 0.062490 0.068710
1 0.465600 0.451540 0.056210 0.057770
2 0.546850 0.448430 0.059330 0.057770
2 0.792170 0.446880 0.078100 0.057770
2 0.623440 0.601560 0.060930 0.062490
2 0.464040 0.370290 0.060930 0.057770
6 0.623440 0.518750 0.048430 0.051540
6 0.553080 0.368730 0.053100 0.051540
6 0.232780 0.764020 0.074980 0.073430
6 0.787460 0.778120 0.076540 0.085920
9 0.537470 0.681210 0.046880 0.049990
9 0.696860 0.687480 0.053100 0.057770
9 0.243720 0.531240 0.054660 0.046880
9 0.235930 0.374960 0.060930 0.048430
11 0.549970 0.607780 0.053100 0.060930
11 0.795280 0.617170 0.078100 0.067150
11 0.224990 0.673430 0.081210 0.060930
0 0.792170 0.207780 0.073430 0.076540
0 0.382790 0.524970 0.065600 0.051540
5 0.306250 0.290590 0.073430 0.073430
5 0.384340 0.770290 0.067150 0.074980
8 0.626550 0.442160 0.060930 0.054660
8 0.464040 0.524970 0.057770 0.054660
4 0.389060 0.684370 0.071870 0.081210
10 0.542180 0.529690 0.065600 0.060930
