3 0.114030 0.187460 0.074980 0.067150
3 0.223440 0.171850 0.070270 0.071870
3 0.310920 0.185900 0.067150 0.071870
3 0.129690 0.265600 0.074980 0.062490
3 0.492150 0.273430 0.056210 0.062490
3 0.229660 0.376520 0.073430 0.054660
3 0.321860 0.365580 0.062490 0.056210
3 0.296860 0.448430 0.060930 0.053100
4 0.390620 0.156240 0.085920 0.107800
9 0.495310 0.173400 0.059330 0.074980
2 0.589060 0.157790 0.067150 0.087480
8 0.687480 0.151520 0.081210 0.099980
1 0.787460 0.140580 0.098420 0.118750
9 0.215610 0.259370 0.071870 0.059330
8 0.314030 0.270270 0.081210 0.081210
7 0.401560 0.256210 0.087480 0.103090
4 0.589060 0.256210 0.076540 0.095310
5 0.676540 0.260930 0.070270 0.085920
0 0.768730 0.273430 0.074980 0.081210
0 0.114030 0.362460 0.099980 0.070270
5 0.414050 0.349970 0.068710 0.071870
11 0.507800 0.345300 0.065600 0.074980
6 0.585900 0.357790 0.064040 0.067150
8 0.671870 0.359350 0.073430 0.074980
2 0.784340 0.373400 0.087480 0.071870
1 0.103090 0.460930 0.115590 0.081210
10 0.212500 0.462490 0.095310 0.084370
2 0.404670 0.435930 0.074980 0.079650
0 0.498420 0.451540 0.062490 0.059330
0 0.593730 0.445270 0.064040 0.059330
8 0.681210 0.456210 0.078100 0.070270
4 0.798400 0.462490 0.104650 0.070270
9 0.118750 0.557790 0.081210 0.057770
9 0.224990 0.546850 0.071870 0.056210
2 0.312470 0.539020 0.081210 0.065600
5 0.395280 0.548410 0.074980 0.062490
7 0.495310 0.540630 0.078100 0.070270
1 0.587460 0.537470 0.076540 0.071870
6 0.682760 0.534360 0.067150 0.071870
5 0.759350 0.557790 0.071870 0.071870
3 0.128080 0.635930 0.070270 0.056210
3 0.226550 0.642160 0.062490 0.054660
3 0.774960 0.635930 0.065600 0.056210
3 0.504650 0.732800 0.056210 0.065600
3 0.689040 0.829660 0.062490 0.071870
6 0.315590 0.642160 0.073430 0.060930
6 0.603110 0.626550 0.065600 0.065600
6 0.668710 0.642160 0.059330 0.067150
6 0.679650 0.739020 0.068710 0.074980
8 0.406230 0.640600 0.076540 0.074980
9 0.518750 0.620280 0.053100 0.051540
9 0.123410 0.731240 0.057770 0.064040
9 0.218720 0.826550 0.071870 0.070270
9 0.393730 0.818720 0.060930 0.067150
10 0.209340 0.740580 0.101530 0.087480
11 0.310920 0.731240 0.079650 0.076540
8 0.426550 0.732800 0.065600 0.081210
5 0.584340 0.720300 0.067150 0.079650
5 0.124970 0.840600 0.093710 0.085920
11 0.792170 0.721860 0.089040 0.082760
11 0.314030 0.843720 0.073430 0.087480
0 0.493710 0.837490 0.062490 0.090590
10 0.598400 0.857770 0.084370 0.112470
7 0.796840 0.826550 0.104650 0.112470
