4 0.221840 0.303090 0.073430 0.162460
1 0.217170 0.374960 0.081210 0.189060
5 0.174960 0.735910 0.073430 0.135910
5 0.259370 0.073430 0.054660 0.112470
0 0.251540 0.218720 0.049990 0.131240
0 0.304650 0.623440 0.062490 0.124970
3 0.310920 0.407780 0.045270 0.098420
3 0.303090 0.512470 0.049990 0.103090
3 0.373400 0.749970 0.051540 0.103090
3 0.396840 0.624990 0.051540 0.107800
3 0.328080 0.237490 0.042160 0.093710
3 0.339020 0.156240 0.040600 0.090590
3 0.342180 0.070270 0.042160 0.098420
2 0.414050 0.143740 0.049990 0.131240
2 0.382790 0.493710 0.064040 0.139020
3 0.490590 0.315590 0.045270 0.103090
10 0.817170 0.299980 0.064040 0.167180
7 0.835930 0.385900 0.068710 0.193730
6 0.848430 0.512470 0.056210 0.135910
6 0.810890 0.226550 0.051540 0.131240
8 0.637490 0.217170 0.062490 0.149970
8 0.846880 0.621840 0.068710 0.153120
9 0.565620 0.751520 0.054660 0.104650
9 0.753120 0.637490 0.059330 0.104650
9 0.746850 0.539020 0.059330 0.109360
9 0.734360 0.431220 0.054660 0.099980
9 0.729690 0.329690 0.059330 0.098420
9 0.724970 0.242160 0.051540 0.093710
9 0.717190 0.159350 0.051540 0.090590
9 0.715590 0.079650 0.040600 0.093710
11 0.792170 0.076540 0.054660 0.109360
11 0.762460 0.760910 0.064040 0.134360
