3 0.089040 0.590620 0.092150 0.085920
9 0.195280 0.593730 0.087480 0.089040
3 0.315590 0.601560 0.071870 0.084370
9 0.423440 0.581230 0.062490 0.085920
3 0.548410 0.587460 0.060930 0.090590
9 0.671870 0.585900 0.064040 0.093710
9 0.759350 0.595280 0.073430 0.090590
3 0.878100 0.598400 0.081210 0.090590
3 0.112470 0.495310 0.084370 0.084370
3 0.234380 0.501530 0.074980 0.085920
9 0.329690 0.499980 0.065600 0.087480
3 0.434380 0.485920 0.060930 0.090590
9 0.531240 0.490590 0.070270 0.092150
3 0.642160 0.495310 0.065600 0.090590
9 0.749970 0.489040 0.071870 0.093710
9 0.842160 0.493710 0.073430 0.095310
