3 0.720300 0.310920 0.053100 0.059330
3 0.489040 0.234380 0.045270 0.056210
3 0.473430 0.709360 0.051540 0.056210
3 0.564020 0.714030 0.053100 0.057770
3 0.645270 0.714030 0.054660 0.051540
3 0.401560 0.715590 0.046880 0.054660
3 0.231220 0.710920 0.057770 0.059330
1 0.643720 0.389060 0.076540 0.076540
1 0.317190 0.379670 0.084370 0.079650
1 0.223440 0.631220 0.093710 0.068710
1 0.485920 0.546850 0.062490 0.057770
2 0.320300 0.303090 0.076540 0.062490
2 0.720300 0.548410 0.067150 0.060930
2 0.231220 0.807780 0.074980 0.089040
2 0.800000 0.303090 0.079650 0.079650
6 0.556240 0.310920 0.054660 0.068710
6 0.399950 0.215610 0.054660 0.076540
6 0.239050 0.464040 0.070270 0.057770
6 0.643720 0.565620 0.067150 0.049990
9 0.640600 0.314030 0.049990 0.057770
9 0.720300 0.715590 0.062490 0.056210
9 0.800000 0.715590 0.068710 0.059330
9 0.314030 0.717190 0.049990 0.056210
11 0.645270 0.628110 0.070270 0.057770
11 0.809340 0.809340 0.087480 0.078100
11 0.237490 0.551520 0.074980 0.053100
0 0.800000 0.384340 0.078100 0.064040
0 0.310920 0.553080 0.062490 0.049990
5 0.648430 0.479650 0.062490 0.051540
5 0.646830 0.809340 0.068710 0.082760
8 0.399950 0.624990 0.067150 0.065600
8 0.406230 0.318750 0.068710 0.067150
4 0.564020 0.223440 0.065600 0.103090
10 0.229660 0.296860 0.098420 0.093710
