5 0.721860 0.790620 0.090590 0.099980
5 0.615610 0.709360 0.060930 0.076540
3 0.170290 0.471870 0.074980 0.060930
3 0.243720 0.395280 0.071870 0.074980
3 0.165580 0.315590 0.078100 0.065600
3 0.243720 0.243720 0.065600 0.068710
3 0.712470 0.540630 0.078100 0.079650
3 0.623440 0.628110 0.068710 0.068710
3 0.715590 0.709360 0.059330 0.067150
2 0.317190 0.321860 0.081210 0.068710
2 0.384340 0.231220 0.076540 0.081210
2 0.468710 0.303090 0.067150 0.082760
0 0.240600 0.709360 0.081210 0.082760
0 0.401560 0.706250 0.070270 0.090590
0 0.390620 0.545300 0.078100 0.062490
0 0.539020 0.392170 0.079650 0.068710
0 0.710920 0.387460 0.074980 0.062490
0 0.706250 0.207780 0.062490 0.099980
0 0.387460 0.382790 0.074980 0.059330
