10 0.582790 0.285920 0.074980 0.093710
10 0.451540 0.531240 0.074980 0.064040
10 0.362460 0.528080 0.074980 0.074980
10 0.431220 0.606230 0.062490 0.071870
10 0.509360 0.682760 0.073430 0.079650
10 0.595280 0.768730 0.070270 0.089040
10 0.671870 0.768730 0.082760 0.093710
7 0.509360 0.607780 0.068710 0.067150
7 0.671870 0.209340 0.081210 0.084370
7 0.662490 0.293710 0.078100 0.084370
7 0.593730 0.378120 0.070270 0.076540
7 0.509360 0.371850 0.067150 0.078100
6 0.426550 0.457770 0.049990 0.059330
6 0.509360 0.449990 0.054660 0.053100
6 0.739020 0.206230 0.067150 0.082760
6 0.600000 0.678100 0.051540 0.062490
4 0.270270 0.214050 0.090590 0.112470
4 0.267150 0.454660 0.095310 0.062490
4 0.268710 0.618720 0.099980 0.071870
4 0.271870 0.782790 0.093710 0.099980
1 0.270270 0.529690 0.098420 0.064040
