3 0.264040 0.249990 0.051540 0.059330
3 0.337470 0.257770 0.053100 0.062490
3 0.542180 0.262490 0.048430 0.057770
3 0.600000 0.264040 0.051540 0.062490
3 0.664040 0.271870 0.060930 0.060930
3 0.740580 0.271870 0.060930 0.054660
3 0.267150 0.320300 0.056210 0.048430
3 0.334360 0.320300 0.053100 0.054660
3 0.612500 0.331240 0.048430 0.046880
3 0.670270 0.334360 0.046880 0.046880
3 0.726530 0.340630 0.054660 0.048430
3 0.270270 0.378120 0.051540 0.043720
3 0.328080 0.393730 0.053100 0.054660
3 0.604670 0.398400 0.054660 0.046880
3 0.673430 0.406230 0.051540 0.045270
3 0.734360 0.406230 0.056210 0.042160
3 0.270270 0.465600 0.049990 0.040600
3 0.332800 0.465600 0.059330 0.048430
3 0.403110 0.470270 0.049990 0.045270
3 0.532800 0.467150 0.046880 0.049990
3 0.600000 0.471870 0.048430 0.049990
3 0.667150 0.473430 0.059330 0.049990
3 0.731240 0.473430 0.057770 0.046880
3 0.270270 0.539020 0.051540 0.051540
3 0.334360 0.532800 0.048430 0.045270
3 0.600000 0.539020 0.049990 0.043720
3 0.668710 0.532800 0.051540 0.045270
3 0.745300 0.543740 0.065600 0.048430
3 0.268710 0.609340 0.053100 0.049990
3 0.335910 0.615610 0.046880 0.045270
3 0.606230 0.604670 0.048430 0.051540
3 0.665600 0.601560 0.051540 0.049990
3 0.739020 0.600000 0.060930 0.049990
3 0.270270 0.684370 0.049990 0.053100
3 0.329690 0.678100 0.053100 0.059330
3 0.600000 0.668710 0.051540 0.051540
3 0.668710 0.670270 0.049990 0.049990
3 0.734360 0.665600 0.059330 0.053100
3 0.273430 0.745300 0.049990 0.057770
3 0.335910 0.751520 0.051540 0.060930
3 0.406230 0.743740 0.045270 0.054660
3 0.598400 0.735910 0.054660 0.054660
3 0.673430 0.735910 0.054660 0.056210
3 0.740580 0.735910 0.056210 0.056210
