1 0.640600 0.387460 0.071870 0.065600
4 0.412500 0.307800 0.064040 0.074980
4 0.410890 0.467150 0.059330 0.062490
4 0.415610 0.607780 0.059330 0.078100
4 0.639050 0.535910 0.073430 0.060930
6 0.481210 0.156240 0.064040 0.078100
6 0.553080 0.162460 0.060930 0.074980
6 0.554680 0.529690 0.054660 0.060930
6 0.479650 0.465600 0.056210 0.059330
7 0.481210 0.237490 0.065600 0.079650
7 0.551520 0.234380 0.070270 0.087480
7 0.479650 0.312470 0.062490 0.071870
7 0.554680 0.389060 0.065600 0.059330
7 0.485920 0.607780 0.057770 0.068710
10 0.562460 0.682760 0.060930 0.074980
10 0.560910 0.604670 0.064040 0.071870
10 0.489040 0.681210 0.057770 0.085920
10 0.556240 0.460930 0.064040 0.064040
10 0.482760 0.534360 0.067150 0.057770
10 0.556240 0.312470 0.065600 0.067150
10 0.481210 0.392170 0.060930 0.060930
