5 0.248430 0.174960 0.074980 0.096860
5 0.337470 0.181230 0.060930 0.095310
3 0.782790 0.748410 0.068710 0.068710
3 0.784340 0.670270 0.081210 0.064040
3 0.789060 0.587460 0.081210 0.060930
3 0.787460 0.529690 0.074980 0.049990
3 0.251540 0.353120 0.062490 0.078100
3 0.248430 0.271870 0.087480 0.073430
3 0.248430 0.434380 0.068710 0.068710
2 0.485920 0.757790 0.074980 0.087480
2 0.567180 0.756240 0.065600 0.073430
2 0.645270 0.765580 0.068710 0.079650
0 0.237490 0.773400 0.068710 0.085920
0 0.323410 0.670270 0.049990 0.067150
0 0.418720 0.590620 0.060930 0.062490
0 0.492150 0.509360 0.057770 0.060930
0 0.573400 0.448430 0.082760 0.068710
0 0.649990 0.374960 0.076540 0.067150
0 0.723410 0.290590 0.089040 0.074980
