6 0.759350 0.606230 0.079650 0.068710
6 0.649990 0.339020 0.068710 0.078100
6 0.557790 0.349970 0.062490 0.076540
6 0.464040 0.242160 0.059330 0.082760
6 0.131240 0.345300 0.099980 0.073430
6 0.470270 0.857770 0.070270 0.093710
9 0.153120 0.857770 0.078100 0.071870
9 0.153120 0.670270 0.081210 0.062490
9 0.556240 0.735910 0.059330 0.064040
9 0.376520 0.824990 0.065600 0.074980
9 0.899980 0.848430 0.084370 0.074980
9 0.560910 0.153120 0.060930 0.076540
9 0.756240 0.139020 0.067150 0.079650
9 0.635930 0.240600 0.054660 0.070270
9 0.139020 0.137470 0.079650 0.074980
9 0.132800 0.242160 0.068710 0.071870
9 0.871870 0.335910 0.081210 0.064040
8 0.357790 0.651540 0.087480 0.076540
8 0.140580 0.751520 0.107800 0.081210
8 0.656210 0.449990 0.084370 0.071870
8 0.759350 0.348410 0.103090 0.071870
8 0.135910 0.445270 0.098420 0.074980
0 0.248430 0.853100 0.106250 0.098420
0 0.798400 0.848430 0.114030 0.103090
0 0.471870 0.742180 0.095310 0.084370
0 0.457770 0.324970 0.078100 0.095310
0 0.579670 0.840600 0.098420 0.101530
1 0.671870 0.634380 0.104650 0.103090
1 0.464040 0.424990 0.095310 0.096860
1 0.353120 0.226550 0.104650 0.124970
2 0.349970 0.751520 0.092150 0.089040
2 0.895310 0.535910 0.120300 0.095310
2 0.454660 0.137470 0.099980 0.109360
2 0.351520 0.128080 0.089040 0.124970
3 0.259370 0.256210 0.074980 0.079650
3 0.639050 0.129690 0.084370 0.087480
3 0.862490 0.229660 0.104650 0.084370
3 0.560910 0.242160 0.071870 0.073430
3 0.781230 0.548410 0.081210 0.068710
3 0.260930 0.653100 0.073430 0.082760
3 0.264040 0.759350 0.079650 0.082760
3 0.267150 0.460930 0.071870 0.085920
3 0.168730 0.542180 0.085920 0.071870
4 0.692150 0.746850 0.107800 0.115590
4 0.235930 0.342180 0.132800 0.110920
4 0.573400 0.528080 0.096860 0.084370
5 0.243720 0.135910 0.101530 0.115590
5 0.765580 0.218720 0.096860 0.106250
5 0.881210 0.440600 0.110920 0.085920
5 0.356240 0.532800 0.082760 0.082760
5 0.364020 0.424990 0.079650 0.085920
3 0.451540 0.557790 0.070270 0.067150
5 0.767180 0.448430 0.098420 0.092150
7 0.571850 0.434380 0.085920 0.098420
7 0.570290 0.646830 0.095310 0.101530
7 0.268710 0.562460 0.115590 0.085920
10 0.360910 0.332800 0.103090 0.117190
10 0.901530 0.774960 0.149970 0.121860
10 0.659370 0.524970 0.095310 0.103090
11 0.878100 0.110920 0.110920 0.117190
11 0.903090 0.639050 0.126530 0.096860
11 0.784340 0.760910 0.098420 0.095310
8 0.684370 0.842160 0.104650 0.110920
11 0.467150 0.656210 0.079650 0.082760
