9 0.374960 0.846880 0.068710 0.073430
9 0.359350 0.660930 0.062490 0.070270
9 0.424990 0.656210 0.059330 0.070270
9 0.410890 0.507800 0.056210 0.073430
9 0.321860 0.406230 0.053100 0.070270
9 0.315590 0.353120 0.053100 0.071870
9 0.149970 0.364020 0.059330 0.071870
9 0.151520 0.409340 0.062490 0.073430
11 0.295310 0.862490 0.096860 0.098420
6 0.281210 0.684370 0.087480 0.096860
7 0.268710 0.598400 0.103090 0.124970
6 0.259370 0.471870 0.076540 0.096860
8 0.253100 0.424990 0.081210 0.092150
11 0.249990 0.359350 0.070270 0.090590
10 0.437490 0.307800 0.073430 0.107800
8 0.143740 0.459330 0.089040 0.092150
3 0.643720 0.774960 0.062490 0.073430
3 0.774960 0.659370 0.067150 0.076540
3 0.743740 0.570290 0.062490 0.073430
3 0.717190 0.496860 0.060930 0.070270
3 0.559350 0.476540 0.054660 0.071870
3 0.640600 0.323410 0.054660 0.073430
3 0.626550 0.268710 0.051540 0.068710
3 0.784340 0.200000 0.059330 0.074980
5 0.690590 0.248430 0.071870 0.092150
5 0.896860 0.707800 0.098420 0.098420
0 0.821840 0.540630 0.089040 0.099980
0 0.837490 0.279650 0.087480 0.104650
2 0.626550 0.451540 0.076540 0.090590
4 0.692150 0.426550 0.085920 0.110920
1 0.792170 0.465600 0.104650 0.128080
2 0.807780 0.232780 0.087480 0.093710
