1 0.407780 0.615610 0.071870 0.070270
4 0.532800 0.264040 0.068710 0.084370
4 0.609340 0.264040 0.060930 0.090590
4 0.679650 0.257770 0.071870 0.071870
4 0.753120 0.253100 0.082760 0.090590
6 0.743740 0.604670 0.065600 0.062490
6 0.671870 0.670270 0.059330 0.068710
6 0.540630 0.673430 0.056210 0.070270
6 0.417170 0.742180 0.049990 0.081210
7 0.764020 0.745300 0.082760 0.087480
7 0.687480 0.749970 0.079650 0.096860
7 0.615610 0.749970 0.070270 0.092150
7 0.546850 0.748410 0.073430 0.090590
7 0.478100 0.740580 0.068710 0.093710
10 0.273430 0.543740 0.090590 0.065600
10 0.271870 0.614050 0.095310 0.071870
10 0.279650 0.678100 0.090590 0.079650
10 0.278100 0.745300 0.084370 0.082760
10 0.346850 0.748410 0.076540 0.095310
10 0.406230 0.542180 0.076540 0.065600
10 0.479650 0.676540 0.071870 0.079650
