11 0.529690 0.459330 0.064040 0.059330
11 0.454660 0.387460 0.062490 0.057770
11 0.221840 0.384340 0.068710 0.060930
11 0.603110 0.743740 0.070270 0.079650
9 0.229660 0.456210 0.062490 0.045270
9 0.389060 0.596840 0.051540 0.043720
9 0.523410 0.595280 0.054660 0.057770
9 0.729690 0.384340 0.054660 0.071870
9 0.664040 0.318750 0.062490 0.057770
9 0.724970 0.312470 0.059330 0.049990
9 0.299980 0.229660 0.070270 0.059330
9 0.735910 0.596840 0.073430 0.049990
9 0.384340 0.739020 0.049990 0.062490
9 0.242160 0.667150 0.064040 0.059330
8 0.595280 0.595280 0.065600 0.065600
8 0.665600 0.673430 0.060930 0.076540
8 0.314030 0.753120 0.068710 0.076540
8 0.240600 0.749970 0.074980 0.078100
7 0.215610 0.217170 0.092150 0.095310
6 0.218720 0.309360 0.074980 0.067150
6 0.601560 0.242160 0.068710 0.074980
6 0.593730 0.389060 0.056210 0.062490
6 0.526530 0.526530 0.059330 0.059330
6 0.454660 0.524970 0.053100 0.064040
5 0.298420 0.299980 0.056210 0.064040
5 0.520300 0.239050 0.060930 0.079650
3 0.378120 0.382790 0.064040 0.064040
3 0.451540 0.454660 0.060930 0.049990
3 0.456210 0.600000 0.057770 0.056210
3 0.734360 0.537470 0.071870 0.046880
3 0.734360 0.246880 0.057770 0.065600
3 0.298420 0.674980 0.045270 0.060930
3 0.734360 0.660930 0.057770 0.053100
2 0.224990 0.614050 0.067150 0.064040
2 0.239050 0.528080 0.089040 0.067150
2 0.737470 0.735910 0.074980 0.081210
0 0.381230 0.234380 0.060930 0.071870
0 0.448430 0.239050 0.056210 0.085920
0 0.670270 0.232780 0.059330 0.079650
0 0.737470 0.462490 0.073430 0.051540
0 0.529690 0.745300 0.064040 0.073430
0 0.456210 0.737470 0.065600 0.081210
0 0.526530 0.381230 0.057770 0.071870
