9 0.574960 0.253100 0.068710 0.081210
8 0.953080 0.253100 0.093710 0.124970
9 0.651540 0.268710 0.068710 0.082760
9 0.726530 0.290590 0.073430 0.085920
9 0.804670 0.299980 0.078100 0.087480
9 0.903090 0.331240 0.087480 0.090590
3 0.189060 0.471870 0.098420 0.071870
3 0.254660 0.498420 0.090590 0.062490
5 0.120300 0.523410 0.109360 0.068710
3 0.331240 0.529690 0.093710 0.073430
2 0.181230 0.551520 0.118750 0.085920
3 0.410890 0.556240 0.090590 0.068710
0 0.232780 0.573400 0.059330 0.042160
3 0.499980 0.589060 0.087480 0.073430
1 0.328080 0.618720 0.165580 0.098420
3 0.585900 0.628110 0.085920 0.068710
4 0.423440 0.654660 0.135910 0.090590
3 0.684370 0.665600 0.095310 0.073430
0 0.528080 0.701530 0.104650 0.078100
3 0.789060 0.712470 0.099980 0.073430
2 0.620280 0.743740 0.118750 0.095310
5 0.742180 0.787460 0.112470 0.087480
11 0.471870 0.165580 0.082760 0.087480
8 0.543740 0.171850 0.081210 0.109360
6 0.612500 0.189060 0.076540 0.107800
10 0.690590 0.193730 0.082760 0.126530
7 0.773400 0.201560 0.087480 0.156240
9 0.434380 0.215610 0.073430 0.076540
9 0.503090 0.232780 0.068710 0.076540
6 0.862490 0.235930 0.087480 0.114030
