2 0.492150 0.620280 0.037490 0.037490
1 0.389060 0.614050 0.049990 0.054660
2 0.437490 0.623440 0.037490 0.035930
1 0.535910 0.615610 0.039050 0.056210
2 0.589060 0.679650 0.037490 0.040600
4 0.582790 0.614050 0.037490 0.051540
4 0.726530 0.621840 0.042160 0.062490
0 0.396840 0.671870 0.032780 0.037490
2 0.439050 0.620280 0.043720 0.046880
1 0.392170 0.617170 0.045270 0.048430
2 0.492150 0.620280 0.040600 0.040600
2 0.585900 0.676540 0.037490 0.051540
4 0.585900 0.610890 0.035930 0.049990
5 0.431220 0.662490 0.043720 0.040600
5 0.626550 0.629660 0.037490 0.042160
5 0.434380 0.664040 0.035930 0.040600
5 0.665600 0.689040 0.040600 0.042160
5 0.626550 0.629660 0.032780 0.040600
5 0.664040 0.685920 0.032780 0.039050
0 0.395280 0.674980 0.037490 0.039050
0 0.492150 0.676540 0.029660 0.034380
2 0.681210 0.626550 0.040600 0.042160
