3 0.290590 0.253100 0.059330 0.056210
3 0.368730 0.256210 0.067150 0.067150
3 0.720300 0.251540 0.064040 0.056210
3 0.806230 0.245270 0.059330 0.065600
3 0.287480 0.328080 0.064040 0.053100
3 0.367180 0.332800 0.056210 0.056210
3 0.648430 0.324970 0.056210 0.049990
3 0.735910 0.337470 0.060930 0.048430
3 0.810890 0.331240 0.056210 0.054660
3 0.295310 0.403110 0.053100 0.057770
3 0.367180 0.398400 0.056210 0.049990
3 0.439050 0.398400 0.056210 0.049990
3 0.653100 0.404670 0.056210 0.053100
3 0.731240 0.409340 0.059330 0.062490
3 0.798400 0.407780 0.060930 0.064040
3 0.306250 0.473430 0.056210 0.045270
3 0.370290 0.471870 0.049990 0.049990
3 0.445270 0.470270 0.054660 0.051540
3 0.648430 0.470270 0.049990 0.051540
3 0.728080 0.468710 0.062490 0.043720
3 0.800000 0.471870 0.065600 0.049990
3 0.299980 0.535910 0.049990 0.045270
3 0.446880 0.537470 0.049990 0.046880
3 0.648430 0.532800 0.051540 0.053100
3 0.717190 0.537470 0.060930 0.059330
3 0.784340 0.532800 0.057770 0.056210
3 0.292150 0.607780 0.049990 0.049990
3 0.378120 0.551520 0.057770 0.049990
3 0.371850 0.606230 0.051540 0.048430
3 0.446880 0.615610 0.049990 0.056210
3 0.639050 0.607780 0.049990 0.062490
3 0.715590 0.615610 0.056210 0.056210
3 0.785900 0.612500 0.059330 0.054660
3 0.381230 0.678100 0.049990 0.054660
3 0.303090 0.685920 0.053100 0.051540
3 0.443720 0.737470 0.053100 0.057770
3 0.374960 0.739020 0.051540 0.057770
3 0.299980 0.743740 0.049990 0.051540
3 0.645270 0.674980 0.048430 0.054660
3 0.712470 0.684370 0.056210 0.048430
3 0.637490 0.742180 0.051540 0.056210
3 0.707800 0.739020 0.056210 0.051540
3 0.779670 0.674980 0.056210 0.053100
3 0.779670 0.748410 0.056210 0.056210
