5 0.234380 0.240600 0.101530 0.092150
5 0.215610 0.331240 0.103090 0.067150
3 0.492150 0.329690 0.054660 0.059330
3 0.476540 0.426550 0.078100 0.056210
3 0.484370 0.506250 0.079650 0.064040
3 0.481210 0.582790 0.090590 0.060930
3 0.470270 0.665600 0.078100 0.071870
3 0.478100 0.740580 0.074980 0.081210
3 0.479650 0.842160 0.070270 0.089040
2 0.223440 0.659370 0.098420 0.082760
2 0.223440 0.743740 0.114030 0.081210
2 0.232780 0.845270 0.107800 0.101530
0 0.807780 0.265600 0.079650 0.087480
0 0.804670 0.342180 0.092150 0.067150
0 0.810890 0.428110 0.099980 0.074980
0 0.812500 0.507800 0.118750 0.073430
0 0.801560 0.579670 0.099980 0.064040
0 0.798400 0.659370 0.103090 0.071870
0 0.795280 0.735910 0.096860 0.081210
