10 0.115590 0.159350 0.131240 0.126530
10 0.103090 0.370290 0.132800 0.093710
10 0.651540 0.773400 0.096860 0.112470
8 0.226550 0.178120 0.092150 0.085920
8 0.110920 0.256210 0.106250 0.082760
8 0.646830 0.365580 0.082760 0.074980
8 0.348410 0.576520 0.085920 0.071870
8 0.759350 0.868710 0.098420 0.095310
8 0.874980 0.870270 0.106250 0.103090
6 0.323410 0.160910 0.076540 0.095310
6 0.420280 0.156240 0.067150 0.092150
6 0.840600 0.157790 0.090590 0.092150
6 0.129690 0.471870 0.095310 0.065600
6 0.553080 0.656210 0.067150 0.071870
11 0.535910 0.160910 0.068710 0.095310
11 0.232780 0.274980 0.092150 0.085920
11 0.648430 0.551520 0.078100 0.067150
11 0.640600 0.648430 0.078100 0.076540
5 0.634380 0.160910 0.076540 0.096860
5 0.728080 0.156240 0.082760 0.095310
5 0.859370 0.445270 0.099980 0.067150
5 0.331240 0.374960 0.078100 0.074980
5 0.226550 0.773400 0.090590 0.087480
5 0.570290 0.871870 0.070270 0.098420
4 0.451540 0.360910 0.076540 0.095310
4 0.896860 0.654660 0.132800 0.090590
4 0.137470 0.910920 0.128080 0.131240
2 0.546850 0.367180 0.073430 0.071870
2 0.349970 0.470270 0.073430 0.070270
2 0.114030 0.559350 0.107800 0.071870
2 0.351520 0.882760 0.076540 0.107800
3 0.731240 0.367180 0.065600 0.057770
3 0.754680 0.740580 0.070270 0.067150
9 0.670270 0.860930 0.062490 0.074980
0 0.854660 0.343740 0.095310 0.073430
0 0.445270 0.656210 0.062490 0.071870
0 0.131240 0.785900 0.092150 0.085920
0 0.260930 0.876540 0.079650 0.095310
0 0.439050 0.868710 0.065600 0.095310
1 0.846880 0.242160 0.126530 0.112470
1 0.871870 0.545300 0.131240 0.079650
1 0.354680 0.673430 0.090590 0.095310
7 0.131240 0.670270 0.132800 0.098420
7 0.443720 0.468710 0.079650 0.079650
7 0.664040 0.462490 0.099980 0.079650
6 0.873430 0.759350 0.095310 0.082760
