4 0.779670 0.578120 0.093710 0.068710
1 0.774960 0.260930 0.089040 0.104650
1 0.765580 0.340630 0.078100 0.084370
1 0.774960 0.420280 0.103090 0.078100
1 0.778120 0.499980 0.101530 0.078100
0 0.690590 0.735910 0.070270 0.081210
0 0.687480 0.578120 0.074980 0.068710
2 0.689040 0.495310 0.076540 0.064040
2 0.692150 0.648430 0.079650 0.070270
2 0.690590 0.815610 0.084370 0.074980
2 0.779670 0.824990 0.092150 0.093710
3 0.607780 0.268710 0.057770 0.059330
3 0.685920 0.270270 0.057770 0.074980
3 0.610890 0.343740 0.056210 0.065600
3 0.679650 0.349970 0.059330 0.059330
3 0.607780 0.418720 0.053100 0.056210
3 0.687480 0.423440 0.059330 0.067150
3 0.612500 0.501530 0.062490 0.056210
5 0.779670 0.653100 0.081210 0.071870
5 0.782790 0.743740 0.089040 0.079650
