11 0.215610 0.207780 0.079650 0.082760
11 0.467150 0.289040 0.065600 0.076540
11 0.379670 0.360910 0.074980 0.065600
11 0.796840 0.446880 0.093710 0.065600
11 0.542180 0.528080 0.068710 0.057770
11 0.301530 0.532800 0.070270 0.060930
11 0.201560 0.626550 0.089040 0.065600
11 0.457770 0.617170 0.060930 0.070270
11 0.618720 0.621840 0.073430 0.065600
11 0.465600 0.793730 0.064040 0.085920
11 0.800000 0.781230 0.084370 0.087480
5 0.295310 0.203110 0.078100 0.085920
5 0.618720 0.276540 0.062490 0.081210
5 0.712470 0.285920 0.074980 0.079650
5 0.470270 0.365580 0.056210 0.074980
5 0.287480 0.359350 0.079650 0.070270
5 0.459330 0.451540 0.064040 0.059330
5 0.628110 0.448430 0.073430 0.060930
5 0.715590 0.537470 0.082760 0.065600
5 0.543740 0.699980 0.068710 0.081210
5 0.714030 0.781230 0.082760 0.089040
5 0.209340 0.800000 0.084370 0.096860
5 0.499980 0.481210 0.998400 0.562460
