7 0.193730 0.442160 0.070270 0.110920
6 0.293710 0.396840 0.045270 0.076540
0 0.346850 0.406230 0.040600 0.079650
1 0.339020 0.507800 0.060930 0.096860
8 0.235930 0.640600 0.059330 0.078100
8 0.390620 0.653100 0.051540 0.070270
5 0.562460 0.707800 0.051540 0.035930
6 0.562460 0.582790 0.046880 0.079650
5 0.474980 0.578120 0.048430 0.070270
11 0.489040 0.503090 0.045270 0.068710
5 0.415610 0.451540 0.043720 0.070270
4 0.553080 0.449990 0.048430 0.093710
10 0.476540 0.401560 0.049990 0.096860
0 0.667150 0.409340 0.043720 0.079650
11 0.484370 0.360910 0.037490 0.065600
5 0.535910 0.335910 0.048430 0.026550
