6 0.424990 0.459330 0.048430 0.037490
6 0.378120 0.682760 0.045270 0.045270
11 0.324970 0.518750 0.048430 0.037490
11 0.318750 0.362460 0.053100 0.045270
10 0.421840 0.409340 0.057770 0.043720
8 0.414050 0.306250 0.043720 0.054660
7 0.370290 0.629660 0.065600 0.057770
8 0.531240 0.409340 0.039050 0.049990
5 0.376520 0.354680 0.048430 0.040600
5 0.268710 0.367180 0.040600 0.042160
5 0.481210 0.568730 0.039050 0.040600
4 0.310920 0.460930 0.062490 0.039050
3 0.534360 0.571850 0.031220 0.035930
3 0.524970 0.518750 0.029660 0.034380
3 0.284370 0.306250 0.042160 0.031220
1 0.373400 0.523410 0.054660 0.049990
5 0.426550 0.676540 0.042160 0.045270
0 0.428110 0.620280 0.040600 0.042160
0 0.426550 0.524970 0.043720 0.035930
