11 0.517190 0.429660 0.029660 0.028110
8 0.482760 0.382790 0.031220 0.032780
6 0.562460 0.387460 0.031220 0.031220
0 0.440600 0.374960 0.026550 0.029660
8 0.607780 0.479650 0.032780 0.032780
0 0.521860 0.481210 0.029660 0.029660
4 0.571850 0.529690 0.042160 0.034380
1 0.673430 0.526530 0.049990 0.034380
5 0.623440 0.382790 0.034380 0.031220
5 0.657770 0.434380 0.040600 0.031220
11 0.665600 0.287480 0.039050 0.039050
10 0.570290 0.285920 0.039050 0.049990
11 0.429660 0.274980 0.029660 0.040600
7 0.424990 0.570290 0.037490 0.037490
6 0.518750 0.626550 0.028110 0.032780
5 0.667150 0.631220 0.040600 0.040600
