9 0.292150 0.174960 0.054660 0.074980
9 0.293710 0.254660 0.057770 0.070270
9 0.284370 0.335910 0.056210 0.068710
9 0.281210 0.423440 0.057770 0.060930
9 0.264040 0.506250 0.059330 0.059330
9 0.243720 0.612500 0.062490 0.053100
9 0.246880 0.703090 0.064040 0.053100
9 0.234380 0.796840 0.067150 0.057770
11 0.128080 0.796840 0.095310 0.071870
8 0.140580 0.693710 0.103090 0.070270
6 0.157790 0.600000 0.092150 0.071870
7 0.168730 0.499980 0.109360 0.095310
10 0.178120 0.415610 0.099980 0.095310
6 0.189060 0.321860 0.084370 0.092150
8 0.203110 0.246880 0.089040 0.085920
11 0.210890 0.168730 0.079650 0.095310
3 0.699980 0.812500 0.062490 0.059330
3 0.699980 0.721860 0.059330 0.056210
3 0.696860 0.624990 0.057770 0.054660
3 0.703090 0.531240 0.053100 0.056210
3 0.690590 0.443720 0.053100 0.062490
3 0.703090 0.362460 0.056210 0.067150
3 0.690590 0.274980 0.051540 0.071870
3 0.690590 0.193730 0.049990 0.076540
5 0.776520 0.187460 0.073430 0.098420
2 0.787460 0.278100 0.084370 0.089040
0 0.793730 0.356240 0.076540 0.090590
4 0.796840 0.437490 0.090590 0.095310
1 0.792170 0.524970 0.103090 0.098420
0 0.796840 0.632780 0.087480 0.071870
2 0.800000 0.721860 0.096860 0.071870
5 0.796840 0.817170 0.090590 0.076540
