3 0.507800 0.465600 0.024990 0.034380
2 0.429660 0.462490 0.043720 0.048430
3 0.506250 0.514030 0.023440 0.034380
2 0.421840 0.504650 0.040600 0.042160
3 0.553080 0.542180 0.023440 0.029660
2 0.645270 0.465600 0.035930 0.043720
3 0.603110 0.553080 0.031220 0.031220
2 0.684370 0.460930 0.039050 0.049990
3 0.600000 0.590620 0.031220 0.032780
5 0.478100 0.462490 0.037490 0.046880
3 0.648430 0.595280 0.029660 0.031220
5 0.465600 0.507800 0.037490 0.039050
3 0.646830 0.635930 0.028110 0.029660
5 0.684370 0.503090 0.034380 0.040600
3 0.556240 0.464040 0.028110 0.037490
3 0.512470 0.467150 0.028110 0.032780
0 0.734360 0.506250 0.032780 0.043720
3 0.506250 0.515590 0.035930 0.032780
0 0.632780 0.512470 0.031220 0.040600
3 0.601560 0.592170 0.035930 0.039050
1 0.592170 0.504650 0.034380 0.051540
3 0.648430 0.596840 0.032780 0.034380
1 0.723410 0.454660 0.037490 0.051540
3 0.646830 0.635930 0.031220 0.032780
4 0.546850 0.503090 0.037490 0.053100
3 0.551520 0.545300 0.035930 0.031220
4 0.603110 0.462490 0.034380 0.054660
3 0.601560 0.554680 0.034380 0.031220
2 0.428110 0.460930 0.039050 0.043720
3 0.556240 0.464040 0.029660 0.034380
2 0.417170 0.503090 0.040600 0.040600
0 0.634380 0.514030 0.031220 0.042160
2 0.645270 0.467150 0.032780 0.049990
0 0.731240 0.509360 0.037490 0.046880
2 0.684370 0.460930 0.034380 0.046880
1 0.592170 0.503090 0.039050 0.057770
5 0.474980 0.459330 0.034380 0.037490
1 0.724970 0.456210 0.037490 0.057770
5 0.460930 0.507800 0.031220 0.039050
5 0.685920 0.504650 0.034380 0.043720
4 0.549970 0.501530 0.037490 0.051540
