9 0.423440 0.657770 0.035930 0.032780
9 0.557790 0.621840 0.028110 0.026550
9 0.564020 0.576520 0.029660 0.028110
9 0.374960 0.612500 0.031220 0.029660
9 0.426550 0.565620 0.029660 0.028110
9 0.429660 0.518750 0.031220 0.029660
9 0.554680 0.524970 0.029660 0.026550
9 0.604670 0.485920 0.031220 0.031220
6 0.290590 0.656210 0.040600 0.035930
6 0.610890 0.656210 0.034380 0.035930
6 0.603110 0.571850 0.034380 0.037490
6 0.332800 0.606230 0.039050 0.035930
6 0.431220 0.609340 0.035930 0.034380
6 0.482760 0.404670 0.031220 0.035930
8 0.470270 0.657770 0.037490 0.039050
8 0.476540 0.565620 0.037490 0.035930
8 0.510920 0.529690 0.032780 0.035930
8 0.523410 0.435930 0.032780 0.040600
8 0.484370 0.360910 0.035930 0.042160
8 0.520300 0.362460 0.034380 0.040600
11 0.610890 0.357790 0.037490 0.040600
11 0.423440 0.479650 0.037490 0.037490
11 0.478100 0.479650 0.031220 0.035930
11 0.471870 0.607780 0.032780 0.034380
11 0.568730 0.662490 0.029660 0.032780
11 0.432780 0.362460 0.034380 0.042160
10 0.389060 0.565620 0.042160 0.039050
10 0.390620 0.520300 0.040600 0.039050
10 0.518750 0.610890 0.037490 0.039050
7 0.339020 0.562460 0.045270 0.042160
7 0.299980 0.518750 0.046880 0.045270
7 0.357790 0.435930 0.040600 0.048430
3 0.307800 0.482760 0.031220 0.028110
3 0.609340 0.531240 0.031220 0.028110
3 0.554680 0.484370 0.028110 0.031220
3 0.610890 0.448430 0.029660 0.029660
3 0.556240 0.443720 0.026550 0.028110
3 0.571850 0.365580 0.029660 0.034380
3 0.473430 0.434380 0.026550 0.026550
0 0.518750 0.664040 0.032780 0.031220
0 0.517190 0.570290 0.031220 0.032780
0 0.435930 0.410890 0.032780 0.032780
0 0.514030 0.484370 0.029660 0.035930
0 0.601560 0.401560 0.029660 0.039050
0 0.390620 0.399950 0.034380 0.035930
2 0.392170 0.362460 0.035930 0.042160
2 0.356240 0.398400 0.037490 0.040600
2 0.346850 0.523410 0.037490 0.034380
2 0.307800 0.435930 0.037490 0.037490
5 0.354680 0.359350 0.037490 0.037490
5 0.290590 0.610890 0.040600 0.035930
5 0.337470 0.660930 0.035930 0.032780
5 0.606230 0.617170 0.035930 0.034380
5 0.474980 0.531240 0.034380 0.034380
5 0.432780 0.435930 0.037490 0.032780
5 0.559350 0.398400 0.032780 0.039050
5 0.518750 0.399950 0.031220 0.037490
4 0.378120 0.662490 0.043720 0.035930
4 0.292150 0.560910 0.046880 0.039050
1 0.303090 0.353120 0.045270 0.051540
1 0.312470 0.395280 0.042160 0.048430
1 0.339020 0.476540 0.040600 0.046880
4 0.389060 0.432780 0.034380 0.048430
