5 0.753120 0.690590 0.098420 0.128080
5 0.246880 0.481210 0.068710 0.110920
1 0.174960 0.421840 0.074980 0.160910
3 0.793730 0.510920 0.057770 0.082760
3 0.670270 0.579670 0.057770 0.093710
3 0.293710 0.443720 0.048430 0.082760
3 0.237490 0.420280 0.042160 0.079650
2 0.603110 0.484370 0.068710 0.114030
0 0.473430 0.496860 0.057770 0.118750
4 0.418720 0.524970 0.078100 0.178120
9 0.832780 0.415610 0.045270 0.070270
9 0.751520 0.392170 0.042160 0.067150
9 0.653100 0.424990 0.043720 0.070270
9 0.504650 0.384340 0.035930 0.067150
9 0.418720 0.385900 0.040600 0.070270
9 0.392170 0.295310 0.032780 0.056210
9 0.454660 0.307800 0.029660 0.056210
10 0.531240 0.442160 0.067150 0.134360
6 0.535910 0.296860 0.043720 0.079650
7 0.699980 0.328080 0.057770 0.114030
11 0.439050 0.281210 0.031220 0.068710
