10 0.143740 0.235930 0.104650 0.107800
10 0.506250 0.321860 0.078100 0.096860
10 0.687480 0.320300 0.093710 0.115590
10 0.512470 0.232780 0.090590 0.107800
10 0.426550 0.410890 0.081210 0.089040
10 0.601560 0.684370 0.103090 0.090590
10 0.701530 0.690590 0.099980 0.076540
10 0.606230 0.596840 0.096860 0.074980
10 0.235930 0.409340 0.109360 0.089040
7 0.146850 0.507800 0.128080 0.093710
7 0.237490 0.598400 0.106250 0.085920
7 0.428110 0.506250 0.084370 0.081210
7 0.512470 0.418720 0.085920 0.095310
7 0.790620 0.321860 0.104650 0.103090
7 0.517190 0.595280 0.095310 0.089040
7 0.335910 0.321860 0.092150 0.106250
7 0.331240 0.412500 0.085920 0.084370
4 0.154680 0.321860 0.121860 0.104650
4 0.337470 0.687480 0.099980 0.090590
4 0.331240 0.517190 0.087480 0.090590
4 0.604670 0.418720 0.084370 0.095310
4 0.428110 0.323410 0.084370 0.095310
4 0.429660 0.228110 0.089040 0.112470
1 0.815610 0.787460 0.132800 0.104650
1 0.787460 0.412500 0.109360 0.099980
1 0.701530 0.503090 0.084370 0.078100
1 0.428110 0.592170 0.068710 0.074980
1 0.224990 0.781230 0.103090 0.101530
1 0.142180 0.593730 0.115590 0.079650
1 0.437490 0.796840 0.079650 0.099980
1 0.514030 0.506250 0.089040 0.078100
