9 0.418720 0.351520 0.057770 0.053100
9 0.484370 0.418720 0.054660 0.051540
9 0.417170 0.548410 0.053100 0.049990
9 0.353120 0.618720 0.054660 0.060930
9 0.484370 0.620280 0.057770 0.053100
9 0.553080 0.618720 0.059330 0.049990
9 0.548410 0.684370 0.056210 0.051540
9 0.487480 0.760910 0.054660 0.062490
9 0.628110 0.762460 0.048430 0.067150
9 0.620280 0.684370 0.057770 0.053100
9 0.753120 0.682760 0.062490 0.054660
6 0.415610 0.281210 0.059330 0.064040
6 0.482760 0.353120 0.048430 0.051540
6 0.554680 0.418720 0.051540 0.056210
6 0.421840 0.696860 0.054660 0.062490
7 0.264040 0.271870 0.084370 0.076540
7 0.768730 0.273430 0.093710 0.082760
7 0.762460 0.770290 0.082760 0.087480
7 0.274980 0.768730 0.085920 0.092150
7 0.551520 0.553080 0.070270 0.068710
10 0.262490 0.349970 0.087480 0.060930
10 0.264040 0.424990 0.082760 0.060930
10 0.679650 0.426550 0.071870 0.062490
10 0.770290 0.490590 0.087480 0.053100
10 0.626550 0.490590 0.084370 0.060930
10 0.340630 0.498420 0.070270 0.059330
10 0.757790 0.624990 0.090590 0.076540
4 0.339020 0.348410 0.062490 0.057770
4 0.687480 0.348410 0.076540 0.070270
4 0.342180 0.696860 0.068710 0.078100
1 0.692150 0.695310 0.074980 0.078100
1 0.554680 0.343740 0.065600 0.060930
