3 0.317190 0.437490 0.056210 0.053100
3 0.465600 0.442160 0.057770 0.057770
3 0.535910 0.292150 0.070270 0.060930
3 0.553080 0.518750 0.060930 0.060930
3 0.479650 0.596840 0.057770 0.060930
3 0.687480 0.512470 0.054660 0.053100
3 0.779670 0.435930 0.070270 0.048430
1 0.312470 0.520300 0.084370 0.060930
1 0.790620 0.359350 0.109360 0.087480
1 0.717190 0.668710 0.089040 0.076540
1 0.398400 0.517190 0.070270 0.064040
2 0.543740 0.371850 0.068710 0.068710
2 0.235930 0.743740 0.085920 0.079650
2 0.237490 0.596840 0.078100 0.060930
2 0.774960 0.287480 0.093710 0.060930
5 0.246880 0.215610 0.074980 0.082760
5 0.621840 0.518750 0.065600 0.073430
4 0.787460 0.506250 0.110920 0.070270
0 0.320300 0.290590 0.068710 0.074980
0 0.478100 0.751520 0.068710 0.078100
