1 0.534360 0.531240 0.065600 0.064040
4 0.462490 0.315590 0.067150 0.084370
4 0.393730 0.459330 0.065600 0.060930
4 0.321860 0.603110 0.084370 0.068710
4 0.395280 0.743740 0.067150 0.087480
6 0.754680 0.317190 0.074980 0.060930
6 0.754680 0.457770 0.070270 0.057770
6 0.756240 0.745300 0.071870 0.074980
6 0.320300 0.462490 0.070270 0.054660
7 0.684370 0.231220 0.081210 0.093710
7 0.603110 0.668710 0.073430 0.087480
7 0.614050 0.523410 0.070270 0.062490
7 0.687480 0.601560 0.087480 0.074980
7 0.682760 0.745300 0.084370 0.093710
10 0.309360 0.231220 0.078100 0.087480
10 0.240600 0.381230 0.099980 0.070270
10 0.465600 0.601560 0.065600 0.074980
10 0.537470 0.754680 0.070270 0.095310
10 0.535910 0.454660 0.062490 0.062490
10 0.682760 0.385900 0.078100 0.071870
10 0.757790 0.671870 0.090590 0.078100
