3 0.518750 0.276540 0.059330 0.062490
3 0.298420 0.417170 0.056210 0.049990
3 0.442160 0.418720 0.053100 0.054660
3 0.456210 0.574960 0.056210 0.056210
3 0.524970 0.493710 0.048430 0.054660
3 0.743740 0.418720 0.076540 0.048430
3 0.654660 0.493710 0.051540 0.065600
1 0.290590 0.496860 0.082760 0.059330
1 0.373400 0.496860 0.070270 0.065600
1 0.754680 0.343740 0.103090 0.081210
1 0.679650 0.642160 0.084370 0.074980
2 0.220280 0.567180 0.078100 0.057770
2 0.221840 0.718750 0.085920 0.067150
2 0.523410 0.354680 0.074980 0.065600
2 0.745300 0.273430 0.087480 0.062490
5 0.221840 0.198400 0.074980 0.079650
5 0.592170 0.498420 0.064040 0.060930
4 0.751520 0.489040 0.101530 0.068710
0 0.299980 0.273430 0.074980 0.068710
0 0.449990 0.720300 0.068710 0.074980
