10 0.512470 0.584340 0.068710 0.065600
10 0.660930 0.585900 0.074980 0.068710
10 0.445270 0.662490 0.062490 0.074980
10 0.376520 0.442160 0.090590 0.059330
10 0.298420 0.379670 0.078100 0.078100
10 0.590620 0.218720 0.064040 0.089040
10 0.587460 0.446880 0.065600 0.060930
7 0.442160 0.734360 0.060930 0.081210
7 0.514030 0.521860 0.064040 0.062490
7 0.592170 0.376520 0.067150 0.074980
7 0.371850 0.292150 0.070270 0.084370
7 0.295310 0.295310 0.096860 0.084370
6 0.376520 0.518750 0.068710 0.070270
6 0.304650 0.654660 0.068710 0.067150
6 0.664040 0.514030 0.060930 0.060930
6 0.737470 0.367180 0.073430 0.059330
4 0.223440 0.584340 0.095310 0.070270
4 0.517190 0.662490 0.068710 0.074980
4 0.585900 0.734360 0.070270 0.107800
4 0.749970 0.215610 0.085920 0.090590
1 0.376520 0.220280 0.081210 0.089040
