3 0.262490 0.231220 0.053100 0.065600
3 0.340630 0.235930 0.053100 0.068710
3 0.415610 0.251540 0.048430 0.062490
3 0.481210 0.243720 0.049990 0.065600
3 0.551520 0.251540 0.046880 0.062490
3 0.618720 0.245270 0.056210 0.060930
3 0.684370 0.256210 0.057770 0.059330
3 0.762460 0.259370 0.062490 0.059330
3 0.268710 0.304650 0.059330 0.056210
3 0.409340 0.324970 0.049990 0.056210
3 0.543740 0.328080 0.051540 0.059330
3 0.629660 0.323410 0.056210 0.057770
3 0.696860 0.321860 0.057770 0.054660
3 0.273430 0.374960 0.057770 0.056210
3 0.334360 0.381230 0.048430 0.056210
3 0.498420 0.389060 0.051540 0.059330
3 0.618720 0.384340 0.060930 0.051540
3 0.690590 0.392170 0.065600 0.059330
3 0.756240 0.393730 0.059330 0.056210
3 0.340630 0.465600 0.062490 0.054660
3 0.418720 0.467150 0.057770 0.054660
3 0.559350 0.465600 0.057770 0.053100
3 0.687480 0.467150 0.064040 0.054660
3 0.340630 0.539020 0.064040 0.053100
3 0.409340 0.539020 0.049990 0.051540
3 0.481210 0.534360 0.051540 0.053100
3 0.631220 0.534360 0.051540 0.046880
3 0.282760 0.618720 0.059330 0.051540
3 0.418720 0.612500 0.054660 0.051540
3 0.551520 0.606230 0.059330 0.051540
3 0.621840 0.598400 0.056210 0.051540
3 0.695310 0.598400 0.062490 0.051540
3 0.764020 0.593730 0.064040 0.051540
3 0.335910 0.676540 0.048430 0.062490
3 0.412500 0.678100 0.056210 0.053100
3 0.482760 0.674980 0.054660 0.054660
3 0.626550 0.667150 0.053100 0.056210
3 0.703090 0.671870 0.059330 0.053100
3 0.268710 0.762460 0.060930 0.057770
3 0.348410 0.756240 0.051540 0.062490
3 0.426550 0.759350 0.051540 0.056210
3 0.553080 0.751520 0.059330 0.057770
3 0.631220 0.753120 0.053100 0.065600
3 0.689040 0.737470 0.059330 0.051540
