3 0.235930 0.224990 0.051540 0.064040
3 0.304650 0.239050 0.048430 0.059330
3 0.374960 0.235930 0.046880 0.062490
3 0.446880 0.249990 0.043720 0.057770
3 0.506250 0.240600 0.043720 0.062490
3 0.570290 0.245270 0.046880 0.059330
3 0.635930 0.243720 0.049990 0.060930
3 0.709360 0.245270 0.051540 0.053100
3 0.709360 0.303090 0.049990 0.054660
3 0.573400 0.309360 0.045270 0.054660
3 0.506250 0.307800 0.043720 0.056210
3 0.442160 0.307800 0.046880 0.054660
3 0.370290 0.298420 0.045270 0.053100
3 0.296860 0.298420 0.051540 0.051540
3 0.232780 0.301530 0.057770 0.057770
3 0.570290 0.376520 0.045270 0.056210
3 0.707800 0.381230 0.054660 0.053100
3 0.432780 0.362460 0.048430 0.051540
3 0.356240 0.364020 0.046880 0.049990
3 0.293710 0.357790 0.054660 0.054660
3 0.223440 0.364020 0.056210 0.054660
3 0.228110 0.440600 0.056210 0.056210
3 0.290590 0.435930 0.059330 0.053100
3 0.364020 0.437490 0.053100 0.046880
3 0.646830 0.445270 0.049990 0.049990
3 0.714030 0.437490 0.056210 0.042160
3 0.420280 0.493710 0.042160 0.048430
3 0.351520 0.510920 0.049990 0.051540
3 0.210890 0.501530 0.059330 0.043720
3 0.634380 0.507800 0.053100 0.049990
3 0.431220 0.573400 0.051540 0.049990
3 0.728080 0.576520 0.057770 0.053100
3 0.285920 0.567180 0.054660 0.051540
3 0.206230 0.565620 0.062490 0.048430
3 0.214050 0.637490 0.060930 0.046880
3 0.268710 0.653100 0.053100 0.054660
3 0.493710 0.648430 0.046880 0.053100
3 0.639050 0.632780 0.053100 0.049990
3 0.723410 0.654660 0.056210 0.056210
3 0.723410 0.715590 0.060930 0.049990
3 0.645270 0.720300 0.056210 0.051540
3 0.496860 0.714030 0.048430 0.053100
3 0.185900 0.717190 0.065600 0.053100
3 0.714030 0.509360 0.057770 0.056210
