0 0.510920 0.517190 0.059330 0.060930
0 0.603110 0.600000 0.065600 0.068710
1 0.193730 0.512470 0.101530 0.064040
1 0.526530 0.768730 0.073430 0.106250
1 0.518750 0.353120 0.068710 0.084370
1 0.437490 0.435930 0.071870 0.064040
2 0.171850 0.200000 0.092150 0.079650
2 0.443720 0.278100 0.064040 0.079650
2 0.773400 0.598400 0.082760 0.073430
2 0.362460 0.526530 0.071870 0.062490
3 0.515590 0.209340 0.060930 0.070270
3 0.679650 0.274980 0.060930 0.057770
3 0.517190 0.437490 0.056210 0.054660
3 0.678100 0.512470 0.056210 0.057770
3 0.776520 0.751520 0.076540 0.071870
3 0.371850 0.765580 0.059330 0.068710
3 0.284370 0.681210 0.062490 0.059330
4 0.192170 0.357790 0.106250 0.078100
5 0.695310 0.676540 0.084370 0.068710
5 0.443720 0.609340 0.059330 0.068710
