3 0.220280 0.273430 0.062490 0.056210
3 0.281210 0.268710 0.056210 0.060930
3 0.356240 0.267150 0.053100 0.056210
3 0.421840 0.268710 0.062490 0.054660
3 0.495310 0.262490 0.054660 0.064040
3 0.565620 0.264040 0.053100 0.057770
3 0.653100 0.256210 0.057770 0.059330
3 0.728080 0.253100 0.054660 0.059330
3 0.721860 0.340630 0.059330 0.053100
3 0.568730 0.343740 0.056210 0.056210
3 0.418720 0.346850 0.057770 0.056210
3 0.356240 0.343740 0.065600 0.053100
3 0.285920 0.349970 0.057770 0.057770
3 0.226550 0.349970 0.064040 0.049990
3 0.504650 0.412500 0.056210 0.054660
3 0.418720 0.418720 0.057770 0.056210
3 0.359350 0.421840 0.062490 0.048430
3 0.290590 0.417170 0.057770 0.046880
3 0.224990 0.420280 0.062490 0.046880
3 0.496860 0.489040 0.048430 0.046880
3 0.717190 0.489040 0.054660 0.054660
3 0.224990 0.485920 0.070270 0.045270
3 0.234380 0.548410 0.068710 0.048430
3 0.579670 0.560910 0.056210 0.051540
3 0.649990 0.642160 0.056210 0.057770
3 0.568730 0.639050 0.051540 0.051540
3 0.726530 0.723410 0.065600 0.064040
3 0.720300 0.807780 0.054660 0.067150
3 0.634380 0.793730 0.056210 0.065600
3 0.557790 0.726530 0.046880 0.064040
3 0.559350 0.793730 0.045270 0.062490
3 0.495310 0.720300 0.045270 0.051540
3 0.495310 0.793730 0.046880 0.065600
3 0.429660 0.709360 0.051540 0.057770
3 0.424990 0.634380 0.054660 0.048430
3 0.431220 0.771850 0.057770 0.060930
3 0.351520 0.639050 0.060930 0.048430
3 0.343740 0.704650 0.056210 0.051540
3 0.354680 0.779670 0.057770 0.053100
3 0.285920 0.698420 0.056210 0.053100
3 0.289040 0.767180 0.065600 0.054660
3 0.223440 0.620280 0.059330 0.053100
3 0.226550 0.687480 0.065600 0.051540
3 0.215610 0.760910 0.067150 0.049990
