11 0.464040 0.737470 0.067150 0.067150
11 0.467150 0.662490 0.060930 0.056210
11 0.532800 0.665600 0.062490 0.064040
11 0.606230 0.374960 0.068710 0.062490
9 0.312470 0.526530 0.056210 0.065600
9 0.396840 0.454660 0.059330 0.046880
9 0.328080 0.390620 0.059330 0.045270
9 0.392170 0.228110 0.068710 0.067150
9 0.662490 0.315590 0.051540 0.046880
9 0.728080 0.315590 0.048430 0.053100
9 0.670270 0.448430 0.060930 0.059330
9 0.728080 0.448430 0.053100 0.054660
9 0.743740 0.587460 0.065600 0.051540
9 0.668710 0.587460 0.062490 0.054660
9 0.617170 0.593730 0.056210 0.051540
8 0.249990 0.309360 0.071870 0.085920
8 0.457770 0.307800 0.056210 0.073430
8 0.465600 0.453100 0.059330 0.057770
8 0.324970 0.740580 0.068710 0.071870
7 0.470270 0.529690 0.067150 0.064040
6 0.526530 0.312470 0.060930 0.073430
6 0.610890 0.454660 0.068710 0.067150
6 0.610890 0.518750 0.067150 0.054660
6 0.612500 0.732800 0.065600 0.062490
6 0.393730 0.743740 0.059330 0.074980
5 0.468710 0.378120 0.065600 0.062490
5 0.323410 0.593730 0.068710 0.062490
3 0.251540 0.601560 0.070270 0.062490
3 0.470270 0.593730 0.074980 0.065600
3 0.396840 0.664040 0.068710 0.056210
3 0.676540 0.656210 0.076540 0.062490
3 0.745300 0.653100 0.071870 0.065600
3 0.537470 0.385900 0.049990 0.051540
3 0.532800 0.523410 0.049990 0.056210
2 0.612500 0.662490 0.071870 0.056210
2 0.674980 0.515590 0.059330 0.070270
2 0.742180 0.515590 0.082760 0.064040
0 0.392170 0.306250 0.068710 0.074980
0 0.676540 0.231220 0.056210 0.076540
0 0.603110 0.301530 0.062490 0.068710
0 0.532800 0.737470 0.057770 0.076540
0 0.242160 0.740580 0.062490 0.079650
0 0.329690 0.667150 0.054660 0.070270
0 0.535910 0.592170 0.057770 0.062490
