9 0.298420 0.171850 0.054660 0.074980
9 0.298420 0.249990 0.059330 0.071870
9 0.287480 0.332800 0.057770 0.068710
9 0.284370 0.418720 0.059330 0.060930
9 0.262490 0.501530 0.060930 0.059330
9 0.240600 0.606230 0.062490 0.054660
9 0.243720 0.698420 0.064040 0.054660
9 0.231220 0.793730 0.068710 0.059330
11 0.124970 0.790620 0.096860 0.073430
8 0.137470 0.687480 0.104650 0.071870
6 0.156240 0.593730 0.093710 0.073430
7 0.168730 0.493710 0.110920 0.096860
10 0.179670 0.409340 0.101530 0.096860
6 0.192170 0.317190 0.085920 0.093710
8 0.209340 0.240600 0.090590 0.087480
11 0.215610 0.162460 0.081210 0.096860
3 0.693710 0.815610 0.062490 0.059330
3 0.696860 0.724970 0.059330 0.057770
3 0.693710 0.628110 0.059330 0.056210
3 0.701530 0.534360 0.053100 0.057770
3 0.692150 0.446880 0.054660 0.064040
3 0.706250 0.367180 0.057770 0.067150
3 0.693710 0.278100 0.053100 0.071870
3 0.696860 0.196840 0.049990 0.076540
5 0.781230 0.192170 0.074980 0.099980
2 0.790620 0.281210 0.085920 0.090590
0 0.795280 0.360910 0.078100 0.092150
4 0.796840 0.442160 0.092150 0.096860
1 0.792170 0.529690 0.104650 0.099980
0 0.793730 0.637490 0.089040 0.073430
2 0.796840 0.726530 0.098420 0.073430
5 0.790620 0.821840 0.092150 0.078100
