3 0.371850 0.531240 0.049990 0.049990
3 0.207780 0.529690 0.062490 0.051540
3 0.776520 0.785900 0.060930 0.056210
3 0.615610 0.781230 0.051540 0.060930
3 0.546850 0.778120 0.049990 0.057770
3 0.385900 0.776520 0.053100 0.060930
3 0.299980 0.784340 0.053100 0.059330
1 0.796840 0.457770 0.112470 0.064040
1 0.456210 0.784340 0.056210 0.095310
1 0.190620 0.443720 0.103090 0.067150
1 0.459330 0.532800 0.062490 0.062490
2 0.603110 0.535910 0.056210 0.064040
2 0.787460 0.621840 0.087480 0.074980
2 0.198400 0.621840 0.093710 0.056210
2 0.210890 0.784340 0.090590 0.074980
6 0.370290 0.285920 0.057770 0.068710
6 0.626550 0.209340 0.060930 0.084370
6 0.784340 0.207780 0.076540 0.076540
6 0.379670 0.200000 0.054660 0.081210
9 0.374960 0.378120 0.049990 0.049990
9 0.535910 0.209340 0.049990 0.067150
9 0.296860 0.201560 0.054660 0.067150
9 0.209340 0.201560 0.064040 0.062490
11 0.701530 0.368730 0.076540 0.065600
11 0.456210 0.374960 0.057770 0.067150
11 0.703090 0.207780 0.071870 0.082760
0 0.285920 0.607780 0.067150 0.054660
0 0.617170 0.706250 0.062490 0.068710
5 0.537470 0.706250 0.057770 0.073430
5 0.198400 0.701530 0.079650 0.070270
8 0.535910 0.360910 0.060930 0.074980
8 0.534360 0.453100 0.059330 0.070270
4 0.703090 0.795280 0.093710 0.106250
10 0.456210 0.195280 0.065600 0.107800
