3 0.228110 0.237490 0.051540 0.056210
3 0.301530 0.253100 0.049990 0.062490
3 0.374960 0.251540 0.045270 0.060930
3 0.446880 0.265600 0.045270 0.056210
3 0.510920 0.254660 0.043720 0.056210
3 0.571850 0.260930 0.048430 0.059330
3 0.642160 0.262490 0.048430 0.057770
3 0.717190 0.257770 0.056210 0.059330
3 0.226550 0.317190 0.056210 0.057770
3 0.292150 0.310920 0.053100 0.051540
3 0.368730 0.314030 0.049990 0.057770
3 0.440600 0.321860 0.043720 0.059330
3 0.507800 0.323410 0.046880 0.057770
3 0.574960 0.321860 0.049990 0.060930
3 0.712470 0.321860 0.056210 0.059330
3 0.215610 0.381230 0.059330 0.053100
3 0.290590 0.371850 0.054660 0.051540
3 0.353120 0.381230 0.049990 0.053100
3 0.432780 0.381230 0.045270 0.054660
3 0.573400 0.395280 0.046880 0.056210
3 0.712470 0.396840 0.049990 0.060930
3 0.220280 0.457770 0.054660 0.049990
3 0.289040 0.454660 0.059330 0.049990
3 0.360910 0.456210 0.049990 0.049990
3 0.653100 0.467150 0.051540 0.059330
3 0.718750 0.457770 0.056210 0.046880
3 0.206230 0.521860 0.064040 0.048430
3 0.346850 0.531240 0.053100 0.051540
3 0.421840 0.514030 0.046880 0.045270
3 0.639050 0.529690 0.053100 0.045270
3 0.721860 0.534360 0.056210 0.053100
3 0.203110 0.587460 0.064040 0.042160
3 0.282760 0.590620 0.053100 0.048430
3 0.429660 0.596840 0.049990 0.051540
3 0.734360 0.600000 0.060930 0.045270
3 0.206230 0.657770 0.062490 0.042160
3 0.265600 0.681210 0.059330 0.042160
3 0.493710 0.671870 0.049990 0.054660
3 0.643720 0.654660 0.053100 0.049990
3 0.732800 0.676540 0.059330 0.056210
3 0.181230 0.742180 0.067150 0.057770
3 0.498420 0.742180 0.046880 0.057770
3 0.646830 0.745300 0.059330 0.054660
3 0.726530 0.745300 0.067150 0.056210
