5 0.349970 0.559350 0.037490 0.049990
5 0.404670 0.571850 0.035930 0.051540
5 0.443720 0.354680 0.029660 0.049990
5 0.487480 0.368730 0.026550 0.048430
8 0.312470 0.612500 0.042160 0.053100
8 0.542180 0.679650 0.040600 0.059330
11 0.432780 0.637490 0.034380 0.053100
11 0.253100 0.529690 0.040600 0.051540
6 0.457770 0.592170 0.032780 0.049990
6 0.437490 0.481210 0.029660 0.054660
1 0.593730 0.524970 0.037490 0.070270
10 0.604670 0.476540 0.035930 0.071870
7 0.290590 0.432780 0.049990 0.073430
4 0.317190 0.398400 0.040600 0.070270
0 0.487480 0.496860 0.028110 0.051540
0 0.509360 0.454660 0.028110 0.053100
9 0.368730 0.423440 0.029660 0.042160
9 0.385900 0.382790 0.026550 0.039050
9 0.426550 0.393730 0.026550 0.042160
9 0.407780 0.432780 0.026550 0.040600
9 0.476540 0.406230 0.021840 0.040600
9 0.531240 0.412500 0.028110 0.034380
9 0.581230 0.399950 0.029660 0.045270
9 0.551520 0.473430 0.029660 0.039050
3 0.318750 0.507800 0.032780 0.040600
3 0.370290 0.524970 0.023440 0.035930
3 0.428110 0.523410 0.029660 0.037490
3 0.474980 0.542180 0.024990 0.039050
3 0.529690 0.559350 0.021840 0.043720
3 0.385900 0.471870 0.031220 0.045270
3 0.460930 0.440600 0.020280 0.037490
3 0.545300 0.512470 0.021840 0.040600
