10 0.320300 0.412500 0.076540 0.067150
10 0.543740 0.406230 0.062490 0.064040
10 0.620280 0.765580 0.074980 0.093710
10 0.468710 0.618720 0.056210 0.067150
10 0.467150 0.704650 0.062490 0.078100
10 0.328080 0.707800 0.071870 0.082760
10 0.249990 0.242160 0.089040 0.092150
7 0.618720 0.337470 0.079650 0.074980
7 0.770290 0.409340 0.103090 0.067150
7 0.398400 0.331240 0.065600 0.073430
7 0.242160 0.399950 0.079650 0.062490
7 0.251540 0.704650 0.078100 0.090590
4 0.546850 0.545300 0.064040 0.059330
4 0.471870 0.481210 0.056210 0.060930
4 0.399950 0.549970 0.062490 0.062490
4 0.246880 0.793730 0.090590 0.093710
1 0.617170 0.623440 0.074980 0.076540
6 0.465600 0.265600 0.057770 0.062490
6 0.760910 0.270270 0.081210 0.067150
6 0.757790 0.685920 0.081210 0.074980
6 0.673430 0.546850 0.062490 0.054660
