0 0.378120 0.426550 0.059330 0.068710
5 0.484370 0.464040 0.056210 0.062490
9 0.339020 0.470270 0.051540 0.049990
9 0.545300 0.484370 0.054660 0.051540
3 0.315590 0.506250 0.056210 0.049990
0 0.653100 0.512470 0.062490 0.067150
3 0.509360 0.521860 0.045270 0.049990
9 0.421840 0.534360 0.054660 0.051540
9 0.718750 0.539020 0.059330 0.056210
3 0.565620 0.540630 0.051540 0.051540
4 0.328080 0.546850 0.076540 0.081210
10 0.479650 0.549970 0.059330 0.078100
3 0.687480 0.578120 0.056210 0.046880
7 0.762460 0.593730 0.076540 0.081210
3 0.306250 0.603110 0.059330 0.049990
3 0.210890 0.615610 0.059330 0.046880
8 0.656210 0.617170 0.064040 0.064040
3 0.506250 0.618720 0.056210 0.049990
2 0.409340 0.637490 0.062490 0.071870
9 0.249990 0.648430 0.064040 0.051540
9 0.171850 0.651540 0.064040 0.051540
8 0.481210 0.653100 0.068710 0.068710
9 0.637490 0.665600 0.062490 0.056210
3 0.324970 0.670270 0.062490 0.049990
6 0.706250 0.684370 0.068710 0.067150
5 0.674980 0.742180 0.073430 0.064040
2 0.565620 0.753120 0.073430 0.078100
1 0.393730 0.760910 0.078100 0.076540
6 0.228110 0.771850 0.082760 0.062490
11 0.629660 0.790620 0.071870 0.062490
9 0.464040 0.793730 0.064040 0.049990
11 0.567180 0.910920 0.078100 0.068710
