9 0.446880 0.340630 0.049990 0.054660
9 0.576520 0.343740 0.056210 0.057770
9 0.715590 0.340630 0.057770 0.060930
9 0.312470 0.342180 0.057770 0.054660
9 0.242160 0.345300 0.060930 0.054660
9 0.306250 0.412500 0.064040 0.056210
9 0.378120 0.476540 0.053100 0.046880
9 0.574960 0.556240 0.056210 0.046880
9 0.514030 0.612500 0.045270 0.043720
9 0.584340 0.679650 0.057770 0.051540
9 0.571850 0.753120 0.059330 0.054660
7 0.301530 0.270270 0.081210 0.089040
7 0.443720 0.265600 0.068710 0.087480
7 0.581230 0.264040 0.067150 0.090590
7 0.743740 0.257770 0.081210 0.090590
7 0.299980 0.540630 0.087480 0.065600
6 0.231220 0.618720 0.081210 0.051540
6 0.378120 0.751520 0.067150 0.062490
6 0.653100 0.679650 0.062490 0.056210
6 0.653100 0.540630 0.059330 0.059330
10 0.229660 0.254660 0.084370 0.082760
10 0.654660 0.262490 0.067150 0.095310
10 0.751520 0.615610 0.101530 0.068710
10 0.370290 0.262490 0.081210 0.087480
10 0.370290 0.681210 0.076540 0.073430
10 0.446880 0.682760 0.071870 0.074980
10 0.514030 0.262490 0.062490 0.095310
4 0.581230 0.473430 0.070270 0.065600
4 0.446880 0.403110 0.074980 0.074980
4 0.221840 0.757790 0.092150 0.074980
4 0.299980 0.756240 0.085920 0.074980
1 0.449990 0.549970 0.065600 0.065600
