4 0.095310 0.159350 0.120300 0.107800
4 0.593730 0.462490 0.078100 0.067150
4 0.317190 0.849990 0.084370 0.120300
0 0.210890 0.153120 0.079650 0.081210
0 0.124970 0.270270 0.087480 0.070270
0 0.131240 0.432780 0.087480 0.060930
0 0.312470 0.456210 0.065600 0.057770
0 0.596840 0.821840 0.062490 0.085920
6 0.328080 0.164020 0.068710 0.084370
6 0.506250 0.164020 0.062490 0.081210
6 0.782790 0.353120 0.081210 0.062490
6 0.762460 0.815610 0.078100 0.082760
6 0.304650 0.637490 0.070270 0.068710
6 0.221840 0.828110 0.076540 0.087480
2 0.424990 0.146850 0.067150 0.093710
2 0.118750 0.353120 0.101530 0.067150
2 0.501530 0.365580 0.065600 0.065600
2 0.589060 0.551520 0.065600 0.071870
5 0.609340 0.140580 0.068710 0.089040
5 0.587460 0.354680 0.065600 0.065600
5 0.489040 0.729690 0.059330 0.081210
5 0.506250 0.823440 0.060930 0.090590
5 0.767180 0.634380 0.081210 0.071870
5 0.767180 0.717190 0.082760 0.078100
8 0.704650 0.154680 0.071870 0.092150
8 0.771850 0.264040 0.078100 0.081210
8 0.306250 0.353120 0.068710 0.071870
8 0.401560 0.364020 0.065600 0.070270
8 0.126530 0.723410 0.087480 0.087480
8 0.123410 0.826550 0.093710 0.093710
10 0.793730 0.164020 0.107800 0.104650
10 0.489040 0.549970 0.071870 0.074980
10 0.114030 0.545300 0.117190 0.076540
9 0.134360 0.645270 0.068710 0.056210
3 0.242160 0.723410 0.060930 0.060930
3 0.420280 0.440600 0.051540 0.051540
11 0.317190 0.534360 0.073430 0.065600
11 0.409340 0.535910 0.060930 0.062490
11 0.499980 0.617170 0.060930 0.070270
11 0.773400 0.546850 0.082760 0.065600
7 0.499980 0.451540 0.071870 0.068710
7 0.798400 0.446880 0.107800 0.071870
7 0.406230 0.631220 0.076540 0.089040
1 0.418720 0.832780 0.071870 0.115590
1 0.685920 0.818720 0.090590 0.115590
1 0.598400 0.634380 0.078100 0.089040
