8 0.357790 0.659370 0.076540 0.048430
8 0.653100 0.493710 0.053100 0.039050
9 0.306250 0.578120 0.048430 0.032780
9 0.418720 0.562460 0.049990 0.034380
9 0.479650 0.604670 0.046880 0.034380
9 0.471870 0.518750 0.051540 0.032780
9 0.535910 0.549970 0.048430 0.032780
9 0.585900 0.506250 0.049990 0.035930
9 0.598400 0.600000 0.042160 0.034380
9 0.734360 0.596840 0.046880 0.034380
11 0.349970 0.481210 0.064040 0.035930
11 0.728080 0.642160 0.048430 0.040600
7 0.534360 0.656210 0.071870 0.046880
6 0.412500 0.518750 0.065600 0.035930
6 0.521860 0.515590 0.057770 0.035930
3 0.292150 0.399950 0.054660 0.035930
3 0.353120 0.393730 0.048430 0.032780
3 0.403110 0.387460 0.049990 0.035930
3 0.462490 0.389060 0.046880 0.034380
3 0.643720 0.360910 0.046880 0.034380
3 0.695310 0.356240 0.046880 0.034380
3 0.581230 0.421840 0.046880 0.034380
3 0.465600 0.471870 0.048430 0.032780
1 0.343740 0.574960 0.073430 0.037490
2 0.649990 0.459330 0.057770 0.037490
2 0.406230 0.471870 0.078100 0.037490
4 0.520300 0.467150 0.065600 0.042160
5 0.284370 0.492150 0.068710 0.037490
5 0.573400 0.365580 0.053100 0.043720
0 0.521860 0.378120 0.054660 0.039050
0 0.518750 0.424990 0.057770 0.039050
10 0.581230 0.468710 0.071870 0.040600
