11 0.559350 0.251540 0.071870 0.092150
11 0.662490 0.259370 0.082760 0.096860
10 0.249990 0.454660 0.112470 0.081210
10 0.689040 0.735910 0.103090 0.112470
10 0.478100 0.640600 0.082760 0.099980
9 0.142180 0.148410 0.081210 0.076540
9 0.262490 0.120300 0.073430 0.076540
9 0.460930 0.142180 0.076540 0.081210
9 0.554680 0.157790 0.074980 0.074980
9 0.668710 0.162460 0.059330 0.084370
9 0.868710 0.143740 0.081210 0.089040
9 0.768730 0.353120 0.067150 0.064040
9 0.189060 0.560910 0.070270 0.067150
9 0.264040 0.560910 0.067150 0.065600
9 0.779670 0.629660 0.076540 0.076540
9 0.170290 0.646830 0.078100 0.062490
9 0.367180 0.740580 0.062490 0.074980
9 0.467150 0.749970 0.070270 0.081210
9 0.290590 0.846880 0.070270 0.087480
9 0.885920 0.849990 0.076540 0.079650
7 0.685920 0.445270 0.106250 0.090590
7 0.370290 0.657770 0.092150 0.101530
7 0.565620 0.646830 0.081210 0.103090
6 0.762460 0.134360 0.093710 0.098420
6 0.370290 0.545300 0.070270 0.079650
6 0.556240 0.543740 0.067150 0.065600
6 0.673430 0.549970 0.082760 0.071870
6 0.676540 0.639050 0.082760 0.070270
6 0.582790 0.762460 0.076540 0.095310
5 0.256210 0.267150 0.082760 0.085920
5 0.240600 0.359350 0.087480 0.070270
5 0.896860 0.631220 0.107800 0.081210
5 0.889040 0.743740 0.096860 0.087480
5 0.678100 0.839050 0.078100 0.101530
5 0.665600 0.364020 0.068710 0.076540
4 0.465600 0.449990 0.079650 0.082760
4 0.576520 0.856210 0.079650 0.126530
4 0.249990 0.764020 0.107800 0.123410
3 0.162460 0.242160 0.078100 0.065600
3 0.392170 0.153120 0.067150 0.078100
3 0.871870 0.248430 0.082760 0.070270
3 0.151520 0.356240 0.076540 0.065600
3 0.764020 0.431220 0.067150 0.064040
3 0.884370 0.439050 0.079650 0.067150
3 0.862490 0.339020 0.090590 0.070270
3 0.868710 0.539020 0.078100 0.065600
3 0.274980 0.640600 0.074980 0.059330
3 0.157790 0.749970 0.062490 0.070270
3 0.787460 0.732800 0.067150 0.071870
3 0.164020 0.865600 0.081210 0.081210
3 0.370290 0.842160 0.065600 0.078100
3 0.479650 0.860930 0.064040 0.081210
2 0.792170 0.260930 0.095310 0.081210
2 0.129690 0.449990 0.107800 0.081210
2 0.784340 0.529690 0.089040 0.082760
2 0.785900 0.849990 0.090590 0.098420
1 0.356240 0.253100 0.090590 0.099980
1 0.356240 0.342180 0.095310 0.071870
1 0.468710 0.364020 0.082760 0.085920
0 0.476540 0.265600 0.060930 0.098420
0 0.556240 0.326530 0.070270 0.060930
0 0.570290 0.439050 0.067150 0.071870
0 0.370290 0.464040 0.071870 0.065600
0 0.478100 0.548410 0.065600 0.065600
