0 0.681210 0.323410 0.037490 0.037490
0 0.585900 0.564020 0.028110 0.032780
6 0.528080 0.506250 0.028110 0.028110
6 0.524970 0.360910 0.032780 0.034380
11 0.574960 0.610890 0.034380 0.035930
11 0.582790 0.312470 0.035930 0.037490
5 0.624990 0.270270 0.035930 0.043720
5 0.524970 0.420280 0.032780 0.035930
5 0.624990 0.504650 0.035930 0.032780
5 0.532800 0.551520 0.031220 0.032780
8 0.629660 0.606230 0.042160 0.037490
8 0.578120 0.412500 0.037490 0.034380
7 0.581230 0.465600 0.040600 0.037490
1 0.632780 0.367180 0.043720 0.040600
4 0.687480 0.415610 0.051540 0.040600
10 0.678100 0.521860 0.048430 0.037490
