9 0.221840 0.762460 0.073430 0.073430
9 0.256210 0.656210 0.067150 0.071870
9 0.284370 0.565620 0.065600 0.074980
9 0.296860 0.493710 0.062490 0.076540
9 0.315590 0.415610 0.059330 0.076540
9 0.331240 0.353120 0.057770 0.076540
9 0.353120 0.287480 0.054660 0.076540
9 0.368730 0.232780 0.054660 0.076540
11 0.131240 0.743740 0.104650 0.098420
8 0.153120 0.649990 0.104650 0.090590
6 0.190620 0.556240 0.092150 0.099980
7 0.215610 0.464040 0.107800 0.129690
10 0.237490 0.396840 0.095310 0.118750
6 0.262490 0.326530 0.079650 0.106250
8 0.274980 0.276540 0.082760 0.098420
11 0.296860 0.212500 0.074980 0.099980
3 0.706250 0.834330 0.071870 0.074980
3 0.706250 0.734360 0.067150 0.073430
3 0.712470 0.634380 0.062490 0.074980
3 0.717190 0.543740 0.062490 0.073430
3 0.715590 0.473430 0.057770 0.074980
3 0.717190 0.406230 0.056210 0.074980
3 0.712470 0.337470 0.054660 0.078100
3 0.721860 0.276540 0.051540 0.076540
5 0.796840 0.281210 0.073430 0.099980
2 0.796840 0.346850 0.084370 0.099980
5 0.812500 0.840600 0.103090 0.098420
2 0.809340 0.745300 0.104650 0.090590
0 0.806230 0.635930 0.093710 0.103090
1 0.806230 0.545300 0.107800 0.134360
4 0.807780 0.471870 0.092150 0.112470
0 0.800000 0.406230 0.081210 0.106250
