11 0.501530 0.435930 0.060930 0.056210
11 0.639050 0.373400 0.064040 0.062490
11 0.299980 0.514030 0.049990 0.065600
11 0.651540 0.721860 0.068710 0.073430
9 0.293710 0.371850 0.054660 0.059330
9 0.365580 0.235930 0.067150 0.060930
9 0.512470 0.384340 0.057770 0.053100
9 0.578120 0.456210 0.056210 0.049990
9 0.574960 0.507800 0.048430 0.056210
9 0.631220 0.570290 0.049990 0.054660
9 0.445270 0.709360 0.046880 0.068710
9 0.312470 0.640600 0.056210 0.056210
9 0.767180 0.376520 0.059330 0.056210
9 0.764020 0.307800 0.056210 0.039050
9 0.773400 0.574960 0.068710 0.046880
8 0.295310 0.301530 0.068710 0.060930
8 0.368730 0.724970 0.054660 0.071870
8 0.301530 0.721860 0.062490 0.076540
8 0.637490 0.506250 0.071870 0.056210
7 0.510920 0.509360 0.071870 0.060930
6 0.435930 0.371850 0.064040 0.048430
6 0.568730 0.378120 0.060930 0.062490
6 0.634380 0.443720 0.056210 0.059330
6 0.703090 0.310920 0.068710 0.065600
6 0.643720 0.240600 0.062490 0.068710
5 0.568730 0.240600 0.057770 0.076540
5 0.437490 0.443720 0.057770 0.067150
3 0.298420 0.449990 0.067150 0.051540
3 0.301530 0.565620 0.049990 0.056210
3 0.506250 0.576520 0.053100 0.057770
3 0.578120 0.570290 0.062490 0.056210
3 0.768730 0.518750 0.064040 0.043720
3 0.768730 0.632780 0.064040 0.049990
3 0.765580 0.240600 0.062490 0.054660
2 0.768730 0.714030 0.085920 0.067150
2 0.445270 0.582790 0.056210 0.057770
0 0.437490 0.232780 0.057770 0.074980
0 0.503090 0.232780 0.062490 0.074980
0 0.712470 0.229660 0.070270 0.073430
0 0.776520 0.443720 0.065600 0.043720
2 0.434380 0.510920 0.051540 0.064040
0 0.367180 0.659370 0.054660 0.068710
0 0.506250 0.714030 0.062490 0.071870
0 0.576520 0.715590 0.056210 0.057770
