4 0.762460 0.315590 0.081210 0.176520
1 0.768730 0.395280 0.081210 0.206230
5 0.818720 0.790620 0.081210 0.143740
5 0.718750 0.067150 0.049990 0.118750
0 0.732800 0.221840 0.051540 0.145300
0 0.679650 0.662490 0.067150 0.148410
3 0.632780 0.059330 0.046880 0.104650
3 0.648430 0.243720 0.045270 0.107800
3 0.637490 0.153120 0.045270 0.103090
3 0.682760 0.543740 0.056210 0.103090
3 0.668710 0.429660 0.046880 0.112470
3 0.606230 0.798400 0.051540 0.114030
3 0.581230 0.665600 0.056210 0.118750
3 0.474980 0.321860 0.049990 0.107800
2 0.554680 0.137470 0.056210 0.139020
2 0.393730 0.418720 0.062490 0.153120
10 0.117190 0.296860 0.067150 0.181230
7 0.099980 0.389060 0.071870 0.203110
6 0.126530 0.217170 0.051540 0.143740
6 0.085920 0.529690 0.062490 0.143740
8 0.309360 0.215610 0.054660 0.153120
8 0.089040 0.653100 0.073430 0.153120
11 0.184340 0.801560 0.067150 0.145300
11 0.142180 0.057770 0.051540 0.114030
9 0.224990 0.059330 0.040600 0.099980
9 0.226550 0.145300 0.042160 0.095310
9 0.220280 0.240600 0.042160 0.099980
9 0.214050 0.331240 0.049990 0.107800
9 0.210890 0.440600 0.051540 0.104650
9 0.198400 0.549970 0.051540 0.109360
9 0.195280 0.664040 0.054660 0.112470
9 0.393730 0.793730 0.056210 0.121860
