3 0.712470 0.468710 0.062490 0.048430
3 0.714030 0.384340 0.056210 0.056210
3 0.642160 0.382790 0.051540 0.049990
3 0.557790 0.214050 0.053100 0.057770
3 0.393730 0.703090 0.053100 0.062490
3 0.303090 0.790620 0.053100 0.070270
3 0.710920 0.615610 0.062490 0.054660
4 0.548410 0.707800 0.070270 0.089040
9 0.549970 0.385900 0.056210 0.049990
9 0.551520 0.621840 0.051540 0.056210
9 0.307800 0.460930 0.067150 0.056210
9 0.470270 0.462490 0.056210 0.053100
1 0.553080 0.545300 0.068710 0.068710
1 0.817170 0.467150 0.112470 0.065600
1 0.296860 0.296860 0.096860 0.093710
1 0.384340 0.378120 0.074980 0.079650
2 0.634380 0.542180 0.070270 0.064040
2 0.796840 0.542180 0.090590 0.064040
2 0.224990 0.206230 0.084370 0.084370
2 0.478100 0.624990 0.062490 0.062490
6 0.634380 0.459330 0.060930 0.056210
6 0.714030 0.714030 0.078100 0.074980
6 0.462490 0.789060 0.056210 0.078100
6 0.212500 0.535910 0.093710 0.064040
11 0.471870 0.539020 0.053100 0.051540
11 0.634380 0.795280 0.070270 0.087480
11 0.631220 0.634380 0.064040 0.081210
5 0.553080 0.287480 0.059330 0.070270
5 0.389060 0.460930 0.064040 0.062490
0 0.798400 0.800000 0.081210 0.079650
0 0.470270 0.376520 0.059330 0.059330
8 0.798400 0.701530 0.084370 0.070270
8 0.303090 0.704650 0.085920 0.068710
10 0.549970 0.460930 0.067150 0.065600
