9 0.626550 0.382790 0.103090 0.082760
0 0.404670 0.040600 0.106250 0.054660
3 0.373400 0.109360 0.079650 0.053100
3 0.518750 0.160910 0.067150 0.056210
3 0.432780 0.174960 0.054660 0.040600
0 0.309360 0.239050 0.095310 0.065600
6 0.721860 0.482760 0.143740 0.098420
7 0.635930 0.170290 0.106250 0.109360
3 0.518750 0.037490 0.073430 0.057770
9 0.623440 0.545300 0.078100 0.056210
3 0.467150 0.120300 0.053100 0.048430
3 0.307800 0.337470 0.049990 0.040600
6 0.739020 0.293710 0.107800 0.096860
9 0.484370 0.498420 0.085920 0.057770
3 0.384340 0.351520 0.062490 0.043720
7 0.568730 0.260930 0.120300 0.084370
3 0.465600 0.246880 0.081210 0.064040
3 0.460930 0.351520 0.096860 0.056210
6 0.620280 0.460930 0.109360 0.068710
3 0.434380 0.267150 0.085920 0.062490
9 0.731240 0.398400 0.129690 0.096860
5 0.140580 0.273430 0.029660 0.037490
