1 0.465600 0.517190 0.067150 0.062490
4 0.545300 0.204670 0.064040 0.093710
4 0.624990 0.200000 0.064040 0.101530
4 0.701530 0.200000 0.073430 0.096860
4 0.787460 0.198400 0.087480 0.099980
10 0.242160 0.521860 0.090590 0.057770
10 0.243720 0.590620 0.098420 0.068710
10 0.248430 0.665600 0.096860 0.082760
10 0.248430 0.739020 0.092150 0.087480
10 0.329690 0.749970 0.078100 0.092150
10 0.401560 0.665600 0.071870 0.081210
10 0.473430 0.664040 0.064040 0.084370
7 0.476540 0.743740 0.065600 0.090590
7 0.551520 0.749970 0.067150 0.096860
7 0.628110 0.748410 0.068710 0.096860
7 0.701530 0.754680 0.081210 0.107800
7 0.790620 0.748410 0.099980 0.099980
6 0.771850 0.659370 0.071870 0.060930
6 0.617170 0.664040 0.053100 0.071870
6 0.540630 0.667150 0.056210 0.067150
6 0.404670 0.742180 0.060930 0.074980
