5 0.339020 0.139020 0.117190 0.179670
5 0.632780 0.165580 0.142180 0.145300
5 0.335910 0.301530 0.109360 0.110920
5 0.490590 0.329690 0.117190 0.112470
5 0.334360 0.476540 0.099980 0.118750
5 0.473430 0.484370 0.107800 0.098420
5 0.492150 0.614050 0.129690 0.110920
5 0.624990 0.606230 0.117190 0.118750
11 0.498420 0.168730 0.112470 0.145300
11 0.628110 0.334360 0.114030 0.128080
11 0.640600 0.479650 0.126530 0.110920
11 0.628110 0.754680 0.148410 0.137470
11 0.478100 0.798400 0.124970 0.140580
11 0.326530 0.837490 0.104650 0.137470
