0 0.742180 0.351520 0.064040 0.085920
9 0.664040 0.362460 0.054660 0.064040
3 0.601560 0.368730 0.054660 0.062490
9 0.357790 0.370290 0.054660 0.064040
3 0.417170 0.370290 0.051540 0.062490
4 0.545300 0.385900 0.064040 0.099980
9 0.398400 0.403110 0.056210 0.059330
3 0.473430 0.409340 0.056210 0.062490
5 0.770290 0.434380 0.073430 0.081210
9 0.628110 0.439050 0.059330 0.067150
6 0.243720 0.442160 0.073430 0.090590
3 0.399950 0.453100 0.056210 0.064040
10 0.629660 0.470270 0.071870 0.107800
2 0.470270 0.481210 0.076540 0.081210
3 0.703090 0.482760 0.064040 0.067150
9 0.789060 0.487480 0.067150 0.071870
1 0.306250 0.517190 0.085920 0.117190
3 0.718750 0.531240 0.067150 0.067150
3 0.559350 0.532800 0.064040 0.068710
8 0.487480 0.534360 0.081210 0.081210
0 0.824990 0.573400 0.085920 0.087480
9 0.312470 0.590620 0.071870 0.068710
8 0.664040 0.634380 0.090590 0.087480
2 0.393730 0.635930 0.090590 0.081210
3 0.751520 0.642160 0.078100 0.071870
9 0.846880 0.645270 0.073430 0.068710
9 0.578120 0.646830 0.068710 0.068710
7 0.774960 0.695310 0.112470 0.118750
11 0.390620 0.699980 0.085920 0.087480
6 0.590620 0.707800 0.085920 0.087480
11 0.195280 0.710920 0.098420 0.087480
5 0.484370 0.712470 0.090590 0.087480
