9 0.146850 0.167180 0.095310 0.078100
9 0.434380 0.159350 0.062490 0.081210
9 0.651540 0.146850 0.064040 0.078100
9 0.762460 0.142180 0.070270 0.078100
9 0.857770 0.135910 0.079650 0.084370
9 0.162460 0.253100 0.089040 0.073430
9 0.254660 0.251540 0.079650 0.071870
9 0.467150 0.268710 0.068710 0.074980
9 0.542180 0.264040 0.062490 0.076540
9 0.351520 0.364020 0.073430 0.073430
9 0.468710 0.364020 0.067150 0.078100
9 0.751520 0.353120 0.073430 0.070270
9 0.864040 0.362460 0.081210 0.070270
9 0.265600 0.473430 0.084370 0.060930
9 0.367180 0.457770 0.064040 0.067150
9 0.457770 0.446880 0.070270 0.065600
9 0.556240 0.465600 0.065600 0.059330
9 0.656210 0.439050 0.074980 0.065600
9 0.853100 0.454660 0.085920 0.065600
9 0.160910 0.565620 0.085920 0.068710
9 0.274980 0.548410 0.071870 0.070270
9 0.364020 0.543740 0.067150 0.073430
9 0.454660 0.548410 0.065600 0.065600
9 0.540630 0.543740 0.067150 0.068710
9 0.640600 0.553080 0.068710 0.068710
9 0.845270 0.559350 0.084370 0.068710
9 0.165580 0.660930 0.085920 0.073430
9 0.265600 0.646830 0.078100 0.070270
9 0.360910 0.651540 0.071870 0.064040
9 0.454660 0.643720 0.064040 0.074980
9 0.651540 0.639050 0.078100 0.076540
9 0.748410 0.643720 0.074980 0.074980
9 0.262490 0.748410 0.068710 0.081210
9 0.357790 0.731240 0.071870 0.071870
9 0.457770 0.765580 0.067150 0.073430
9 0.645270 0.751520 0.071870 0.073430
9 0.748410 0.742180 0.074980 0.079650
9 0.865600 0.746850 0.078100 0.073430
9 0.160910 0.849990 0.089040 0.081210
9 0.360910 0.849990 0.078100 0.082760
9 0.456210 0.853100 0.076540 0.081210
9 0.556240 0.860930 0.076540 0.084370
9 0.656210 0.846880 0.074980 0.089040
9 0.756240 0.854660 0.079650 0.085920
