11 0.446880 0.242160 0.070270 0.081210
11 0.728080 0.334360 0.078100 0.070270
11 0.617170 0.529690 0.067150 0.071870
11 0.149970 0.814050 0.095310 0.090590
10 0.831220 0.807780 0.115590 0.110920
10 0.434380 0.332800 0.081210 0.082760
10 0.629660 0.445270 0.087480 0.073430
9 0.151520 0.349970 0.071870 0.064040
9 0.351520 0.239050 0.068710 0.067150
9 0.448430 0.706250 0.059330 0.065600
8 0.223440 0.437490 0.087480 0.076540
8 0.343740 0.610890 0.078100 0.081210
8 0.828110 0.534360 0.099980 0.076540
8 0.839050 0.618720 0.087480 0.073430
8 0.345300 0.439050 0.076540 0.078100
8 0.528080 0.623440 0.070270 0.082760
7 0.237490 0.817170 0.106250 0.115590
7 0.134360 0.631220 0.126530 0.109360
7 0.548410 0.721860 0.078100 0.106250
6 0.243720 0.149970 0.087480 0.082760
6 0.734360 0.137470 0.082760 0.093710
6 0.335910 0.531240 0.074980 0.065600
6 0.723410 0.509360 0.079650 0.070270
6 0.829660 0.723410 0.087480 0.084370
6 0.242160 0.624990 0.085920 0.078100
5 0.451540 0.429660 0.067150 0.065600
5 0.639050 0.240600 0.071870 0.096860
5 0.634380 0.356240 0.078100 0.071870
5 0.635930 0.631220 0.070270 0.084370
5 0.351520 0.810890 0.074980 0.095310
5 0.639050 0.721860 0.068710 0.085920
4 0.424990 0.117190 0.090590 0.128080
4 0.851540 0.339020 0.129690 0.090590
4 0.329690 0.328080 0.095310 0.092150
3 0.129690 0.149970 0.096860 0.071870
3 0.149970 0.251540 0.074980 0.074980
3 0.707800 0.804670 0.064040 0.078100
2 0.129690 0.464040 0.092150 0.087480
2 0.542180 0.157790 0.081210 0.095310
2 0.523410 0.818720 0.074980 0.087480
2 0.445270 0.623440 0.070270 0.078100
1 0.835930 0.143740 0.117190 0.118750
1 0.735910 0.645270 0.099980 0.099980
1 0.742180 0.437490 0.099980 0.081210
0 0.539020 0.342180 0.060930 0.076540
0 0.731240 0.237490 0.076540 0.078100
0 0.853100 0.429660 0.092150 0.062490
0 0.353120 0.704650 0.078100 0.087480
0 0.232780 0.715590 0.084370 0.078100
