11 0.184340 0.182790 0.084370 0.107800
9 0.256210 0.174960 0.057770 0.081210
9 0.271870 0.240600 0.059330 0.074980
9 0.278100 0.307800 0.059330 0.078100
9 0.290590 0.384340 0.062490 0.071870
9 0.443720 0.424990 0.057770 0.074980
9 0.284370 0.549970 0.064040 0.068710
9 0.306250 0.628110 0.067150 0.070270
9 0.312470 0.715590 0.070270 0.067150
8 0.374960 0.524970 0.082760 0.090590
8 0.354680 0.289040 0.076540 0.099980
11 0.210890 0.735910 0.098420 0.092150
6 0.187460 0.310920 0.087480 0.106250
6 0.206230 0.549970 0.090590 0.098420
7 0.196840 0.459330 0.109360 0.123410
10 0.193730 0.390620 0.098420 0.114030
0 0.474980 0.595280 0.068710 0.085920
3 0.524970 0.428110 0.057770 0.076540
3 0.584340 0.324970 0.053100 0.071870
3 0.615610 0.117190 0.054660 0.079650
3 0.629660 0.184340 0.049990 0.073430
3 0.660930 0.251540 0.051540 0.073430
3 0.696860 0.468710 0.057770 0.068710
3 0.728080 0.556240 0.060930 0.067150
3 0.748410 0.640600 0.062490 0.065600
2 0.621840 0.479650 0.079650 0.087480
2 0.718750 0.165580 0.082760 0.096860
5 0.689040 0.096860 0.074980 0.098420
5 0.839050 0.621840 0.092150 0.085920
0 0.796840 0.456210 0.087480 0.093710
1 0.768730 0.360910 0.104650 0.126530
4 0.756240 0.290590 0.092150 0.110920
