11 0.210890 0.449990 0.068710 0.074980
11 0.281210 0.446880 0.070270 0.064040
11 0.342180 0.739020 0.062490 0.062490
7 0.412500 0.296860 0.076540 0.089040
11 0.281210 0.299980 0.070270 0.074980
9 0.568730 0.298420 0.071870 0.064040
9 0.646830 0.292150 0.062490 0.065600
9 0.643720 0.376520 0.053100 0.068710
9 0.648430 0.515590 0.068710 0.071870
9 0.643720 0.593730 0.060930 0.081210
9 0.570290 0.665600 0.046880 0.073430
9 0.642160 0.671870 0.065600 0.065600
9 0.640600 0.743740 0.070270 0.068710
9 0.418720 0.582790 0.046880 0.064040
9 0.351520 0.656210 0.059330 0.060930
9 0.432780 0.229660 0.073430 0.056210
8 0.201560 0.309360 0.079650 0.064040
8 0.200000 0.370290 0.074980 0.064040
8 0.351520 0.374960 0.064040 0.068710
8 0.348410 0.515590 0.073430 0.064040
6 0.201560 0.589060 0.078100 0.064040
6 0.428110 0.445270 0.068710 0.060930
6 0.492150 0.374960 0.067150 0.062490
6 0.492150 0.589060 0.056210 0.065600
6 0.564020 0.518750 0.059330 0.070270
0 0.351520 0.221840 0.065600 0.073430
0 0.510920 0.210890 0.057770 0.078100
0 0.621840 0.207780 0.056210 0.076540
0 0.201560 0.671870 0.079650 0.059330
0 0.495310 0.518750 0.049990 0.070270
0 0.573400 0.443720 0.065600 0.064040
0 0.728080 0.765580 0.067150 0.090590
3 0.274980 0.218720 0.059330 0.068710
3 0.285920 0.378120 0.054660 0.068710
3 0.209340 0.515590 0.065600 0.046880
3 0.282760 0.589060 0.053100 0.046880
3 0.282760 0.667150 0.054660 0.068710
3 0.278100 0.740580 0.049990 0.070270
3 0.571850 0.365580 0.045270 0.059330
2 0.729690 0.445270 0.062490 0.087480
2 0.490590 0.745300 0.062490 0.087480
2 0.423440 0.664040 0.064040 0.070270
5 0.723410 0.356240 0.074980 0.065600
5 0.196840 0.231220 0.081210 0.071870
