3 0.162460 0.095310 0.074980 0.096860
3 0.279650 0.090590 0.068710 0.090590
3 0.479650 0.096860 0.062490 0.096860
3 0.578120 0.098420 0.067150 0.089040
3 0.678100 0.087480 0.068710 0.103090
3 0.773400 0.099980 0.068710 0.090590
3 0.865600 0.104650 0.076540 0.093710
3 0.189060 0.196840 0.081210 0.081210
3 0.281210 0.195280 0.073430 0.085920
3 0.385900 0.193730 0.065600 0.085920
3 0.185900 0.290590 0.074980 0.078100
3 0.278100 0.401560 0.076540 0.073430
3 0.276540 0.614050 0.081210 0.071870
3 0.156240 0.829660 0.089040 0.081210
3 0.279650 0.818720 0.081210 0.070270
3 0.685920 0.193730 0.068710 0.085920
3 0.879650 0.195280 0.079650 0.084370
3 0.779670 0.304650 0.076540 0.076540
3 0.884370 0.384340 0.089040 0.067150
3 0.773400 0.482760 0.079650 0.065600
3 0.904650 0.603110 0.089040 0.062490
3 0.810890 0.712470 0.084370 0.068710
3 0.901530 0.703090 0.089040 0.070270
2 0.173400 0.389060 0.093710 0.106250
2 0.278100 0.501530 0.096860 0.082760
2 0.273430 0.706250 0.095310 0.096860
8 0.571850 0.195280 0.085920 0.110920
8 0.287480 0.299980 0.084370 0.106250
8 0.168730 0.496860 0.098420 0.090590
8 0.798400 0.609340 0.120300 0.081210
5 0.796840 0.831220 0.101530 0.101530
5 0.901530 0.501530 0.109360 0.079650
11 0.781230 0.190620 0.099980 0.106250
9 0.385900 0.087480 0.065600 0.101530
9 0.170290 0.607780 0.090590 0.074980
9 0.160910 0.706250 0.090590 0.076540
9 0.770290 0.392170 0.085920 0.082760
9 0.910920 0.810890 0.101530 0.085920
4 0.899980 0.282760 0.143740 0.120300
