9 0.357790 0.320300 0.034380 0.042160
9 0.353120 0.359350 0.032780 0.040600
9 0.343740 0.409340 0.034380 0.037490
9 0.345300 0.454660 0.035930 0.040600
9 0.343740 0.503090 0.035930 0.037490
9 0.334360 0.556240 0.037490 0.037490
9 0.332800 0.612500 0.035930 0.035930
9 0.337470 0.664040 0.032780 0.039050
5 0.642160 0.320300 0.035930 0.053100
5 0.662490 0.665600 0.046880 0.046880
11 0.265600 0.662490 0.048430 0.046880
11 0.306250 0.314030 0.034380 0.051540
8 0.262490 0.612500 0.054660 0.042160
8 0.298420 0.357790 0.048430 0.042160
4 0.656210 0.448430 0.051540 0.056210
1 0.659370 0.503090 0.049990 0.064040
3 0.587460 0.407780 0.026550 0.039050
3 0.590620 0.332800 0.023440 0.039050
3 0.593730 0.368730 0.028110 0.035930
3 0.603110 0.453100 0.028110 0.037490
3 0.589060 0.520300 0.028110 0.035930
3 0.607780 0.559350 0.028110 0.034380
3 0.600000 0.604670 0.031220 0.035930
3 0.603110 0.670270 0.029660 0.034380
0 0.656210 0.557790 0.037490 0.042160
2 0.660930 0.610890 0.045270 0.039050
2 0.645270 0.365580 0.042160 0.043720
0 0.645270 0.406230 0.039050 0.045270
6 0.273430 0.543740 0.042160 0.045270
6 0.299980 0.399950 0.035930 0.046880
7 0.282760 0.498420 0.053100 0.059330
10 0.284370 0.440600 0.051540 0.060930
