11 0.659370 0.331240 0.081210 0.076540
11 0.351520 0.249990 0.084370 0.082760
11 0.681210 0.829660 0.078100 0.095310
11 0.282760 0.728080 0.078100 0.087480
10 0.845270 0.128080 0.121860 0.126530
10 0.473430 0.349970 0.081210 0.090590
10 0.462490 0.832780 0.074980 0.112470
9 0.293710 0.632780 0.060930 0.070270
9 0.385900 0.823440 0.056210 0.081210
9 0.742180 0.531240 0.070270 0.057770
8 0.535910 0.146850 0.076540 0.093710
8 0.845270 0.732800 0.095310 0.089040
8 0.646830 0.626550 0.070270 0.081210
8 0.471870 0.634380 0.070270 0.082760
8 0.467150 0.751520 0.070270 0.087480
8 0.576520 0.448430 0.068710 0.079650
7 0.756240 0.428110 0.110920 0.082760
7 0.864040 0.832780 0.117190 0.121860
7 0.560910 0.834330 0.079650 0.132800
6 0.173400 0.553080 0.084370 0.081210
6 0.367180 0.539020 0.071870 0.074980
6 0.646830 0.243720 0.078100 0.078100
6 0.753120 0.131240 0.078100 0.095310
6 0.562460 0.640600 0.067150 0.076540
6 0.664040 0.732800 0.071870 0.087480
5 0.264040 0.349970 0.082760 0.070270
5 0.253100 0.249990 0.081210 0.082760
5 0.165580 0.137470 0.099980 0.101530
5 0.457770 0.531240 0.070270 0.067150
5 0.657770 0.518750 0.081210 0.070270
5 0.856210 0.618720 0.095310 0.082760
4 0.451540 0.129690 0.076540 0.124970
4 0.373400 0.642160 0.081210 0.096860
4 0.470270 0.432780 0.078100 0.078100
3 0.368730 0.328080 0.073430 0.062490
3 0.734360 0.245270 0.068710 0.068710
3 0.299980 0.840600 0.062490 0.081210
2 0.839050 0.249990 0.101530 0.089040
2 0.854660 0.445270 0.095310 0.084370
2 0.370290 0.729690 0.076540 0.090590
2 0.273430 0.539020 0.071870 0.082760
1 0.357790 0.139020 0.096860 0.124970
1 0.567180 0.539020 0.070270 0.081210
1 0.467150 0.232780 0.078100 0.107800
0 0.153120 0.381230 0.099980 0.079650
0 0.360910 0.439050 0.070270 0.071870
0 0.648430 0.129690 0.082760 0.098420
0 0.756240 0.742180 0.076540 0.095310
0 0.735910 0.618720 0.076540 0.090590
