5 0.310920 0.465600 0.046880 0.054660
5 0.301530 0.520300 0.042160 0.054660
1 0.478100 0.320300 0.039050 0.074980
10 0.426550 0.323410 0.037490 0.074980
4 0.424990 0.621840 0.045270 0.071870
7 0.485920 0.624990 0.045270 0.073430
8 0.632780 0.331240 0.037490 0.056210
8 0.665600 0.518750 0.049990 0.060930
11 0.635930 0.417170 0.040600 0.056210
11 0.614050 0.620280 0.042160 0.053100
6 0.584340 0.409340 0.031220 0.060930
6 0.479650 0.464040 0.039050 0.057770
0 0.423440 0.409340 0.031220 0.057770
0 0.479650 0.412500 0.031220 0.059330
5 0.587460 0.460930 0.035930 0.051540
5 0.598400 0.512470 0.037490 0.053100
9 0.367180 0.570290 0.037490 0.042160
9 0.364020 0.517190 0.034380 0.043720
9 0.367180 0.464040 0.040600 0.048430
9 0.360910 0.410890 0.035930 0.048430
9 0.323410 0.368730 0.034380 0.049990
9 0.432780 0.564020 0.045270 0.046880
9 0.429660 0.521860 0.039050 0.048430
9 0.428110 0.365580 0.026550 0.026550
3 0.423440 0.467150 0.034380 0.049990
3 0.474980 0.365580 0.028110 0.031220
3 0.529690 0.367180 0.028110 0.048430
3 0.531240 0.415610 0.021840 0.046880
3 0.531240 0.460930 0.024990 0.043720
3 0.554680 0.509360 0.039050 0.042160
3 0.485920 0.523410 0.035930 0.051540
3 0.554680 0.574960 0.034380 0.049990
