1 0.464040 0.479650 0.068710 0.062490
4 0.545300 0.195280 0.067150 0.103090
4 0.618720 0.193730 0.064040 0.099980
4 0.690590 0.196840 0.068710 0.098420
4 0.765580 0.190620 0.082760 0.095310
6 0.745300 0.626550 0.068710 0.060930
6 0.601560 0.624990 0.053100 0.057770
6 0.531240 0.621840 0.049990 0.062490
6 0.403110 0.689040 0.062490 0.065600
7 0.760910 0.706250 0.085920 0.076540
7 0.679650 0.706250 0.074980 0.087480
7 0.606230 0.699980 0.057770 0.082760
7 0.534360 0.699980 0.064040 0.081210
7 0.462490 0.689040 0.062490 0.071870
10 0.260930 0.479650 0.090590 0.056210
10 0.262490 0.546850 0.090590 0.062490
10 0.259370 0.615610 0.089040 0.065600
10 0.253100 0.682760 0.090590 0.070270
10 0.331240 0.692150 0.079650 0.079650
10 0.401560 0.614050 0.076540 0.071870
10 0.470270 0.612500 0.062490 0.065600
