7 0.271870 0.209340 0.073430 0.081210
7 0.626550 0.210890 0.064040 0.089040
7 0.762460 0.351520 0.079650 0.071870
7 0.771850 0.709360 0.087480 0.071870
10 0.281210 0.354680 0.071870 0.068710
10 0.271870 0.495310 0.074980 0.053100
10 0.270270 0.565620 0.074980 0.053100
10 0.774960 0.221840 0.087480 0.085920
10 0.770290 0.432780 0.087480 0.059330
10 0.774960 0.564020 0.081210 0.051540
10 0.774960 0.634380 0.092150 0.057770
9 0.354680 0.289040 0.043720 0.054660
9 0.418720 0.354680 0.043720 0.049990
9 0.485920 0.432780 0.043720 0.046880
9 0.564020 0.499980 0.045270 0.048430
9 0.624990 0.565620 0.053100 0.046880
9 0.681210 0.634380 0.051540 0.051540
9 0.417170 0.498420 0.056210 0.049990
9 0.353120 0.565620 0.051540 0.046880
9 0.279650 0.629660 0.056210 0.046880
9 0.548410 0.364020 0.045270 0.054660
9 0.618720 0.299980 0.057770 0.056210
6 0.348410 0.220280 0.060930 0.059330
6 0.485920 0.220280 0.042160 0.071870
6 0.556240 0.215610 0.046880 0.065600
6 0.695310 0.223440 0.054660 0.068710
1 0.268710 0.715590 0.089040 0.079650
4 0.273430 0.423440 0.074980 0.057770
4 0.273430 0.278100 0.079650 0.068710
4 0.765580 0.284370 0.087480 0.074980
4 0.781230 0.493710 0.098420 0.053100
7 0.415610 0.210890 0.060930 0.093710
