10 0.243720 0.635930 0.087480 0.059330
10 0.320300 0.714030 0.090590 0.087480
10 0.393730 0.329690 0.070270 0.084370
10 0.545300 0.478100 0.068710 0.073430
10 0.473430 0.553080 0.062490 0.068710
10 0.785900 0.629660 0.096860 0.073430
10 0.779670 0.399950 0.096860 0.081210
7 0.248430 0.329690 0.090590 0.090590
7 0.473430 0.406230 0.062490 0.070270
7 0.624990 0.321860 0.074980 0.084370
7 0.553080 0.628110 0.065600 0.068710
7 0.778120 0.551520 0.099980 0.060930
6 0.328080 0.337470 0.064040 0.068710
6 0.473430 0.257770 0.065600 0.082760
6 0.767180 0.259370 0.071870 0.071870
6 0.479650 0.707800 0.056210 0.067150
4 0.328080 0.484370 0.085920 0.060930
4 0.623440 0.707800 0.074980 0.087480
4 0.468710 0.628110 0.068710 0.068710
4 0.626550 0.403110 0.073430 0.074980
1 0.546850 0.257770 0.062490 0.103090
