5 0.182790 0.187460 0.085920 0.106250
5 0.290590 0.276540 0.070270 0.082760
3 0.196840 0.446880 0.084370 0.056210
3 0.287480 0.356240 0.071870 0.062490
3 0.187460 0.273430 0.076540 0.062490
3 0.670270 0.596840 0.067150 0.059330
3 0.748410 0.520300 0.062490 0.057770
3 0.749970 0.678100 0.062490 0.071870
3 0.673430 0.743740 0.067150 0.074980
2 0.603110 0.667150 0.073430 0.067150
2 0.528080 0.759350 0.074980 0.095310
2 0.442160 0.689040 0.064040 0.073430
0 0.510920 0.285920 0.067150 0.081210
0 0.671870 0.287480 0.073430 0.074980
0 0.521860 0.437490 0.062490 0.062490
0 0.192170 0.610890 0.084370 0.081210
0 0.368730 0.596840 0.074980 0.076540
0 0.195280 0.792170 0.087480 0.104650
0 0.528080 0.603110 0.064040 0.067150
