9 0.254660 0.737470 0.065600 0.070270
6 0.353120 0.743740 0.073430 0.090590
9 0.306250 0.556240 0.057770 0.070270
9 0.468710 0.595280 0.053100 0.070270
9 0.412500 0.432780 0.051540 0.071870
9 0.362460 0.303090 0.048430 0.070270
9 0.374960 0.251540 0.048430 0.071870
9 0.212500 0.196840 0.057770 0.073430
9 0.193730 0.240600 0.059330 0.073430
7 0.190620 0.621840 0.107800 0.121860
11 0.231220 0.540630 0.081210 0.093710
6 0.279650 0.340630 0.071870 0.098420
8 0.287480 0.293710 0.074980 0.090590
11 0.309360 0.231220 0.067150 0.090590
10 0.149970 0.334360 0.096860 0.112470
8 0.168730 0.284370 0.085920 0.090590
3 0.537470 0.770290 0.060930 0.073430
3 0.706250 0.706250 0.064040 0.073430
3 0.546850 0.598400 0.056210 0.073430
3 0.628110 0.531240 0.054660 0.071870
3 0.565620 0.459330 0.051540 0.073430
3 0.698420 0.346850 0.051540 0.073430
3 0.704650 0.290590 0.051540 0.071870
4 0.512470 0.257770 0.067150 0.109360
2 0.574960 0.326530 0.064040 0.089040
5 0.806230 0.796840 0.096860 0.093710
0 0.793730 0.618720 0.087480 0.104650
5 0.778120 0.409340 0.073430 0.096860
1 0.781230 0.334360 0.090590 0.131240
0 0.899980 0.378120 0.082760 0.106250
2 0.889040 0.323410 0.084370 0.095310
2 0.878100 0.284370 0.057770 0.074980
