3 0.556240 0.226550 0.060930 0.070270
3 0.562460 0.303090 0.059330 0.057770
3 0.557790 0.385900 0.060930 0.057770
3 0.556240 0.465600 0.056210 0.056210
3 0.556240 0.542180 0.057770 0.057770
3 0.557790 0.620280 0.056210 0.062490
3 0.554680 0.695310 0.060930 0.071870
1 0.474980 0.392170 0.074980 0.078100
1 0.399950 0.471870 0.076540 0.068710
1 0.478100 0.470270 0.078100 0.067150
1 0.640600 0.382790 0.070270 0.082760
0 0.631220 0.465600 0.064040 0.064040
0 0.635930 0.551520 0.064040 0.065600
5 0.399950 0.553080 0.076540 0.060930
5 0.478100 0.554680 0.068710 0.068710
4 0.389060 0.393730 0.093710 0.074980
2 0.484370 0.787460 0.071870 0.089040
2 0.562460 0.789060 0.065600 0.093710
2 0.648430 0.790620 0.068710 0.093710
2 0.726530 0.790620 0.068710 0.090590
