7 0.129690 0.165580 0.128080 0.107800
11 0.320300 0.162460 0.082760 0.093710
7 0.449990 0.156240 0.085920 0.124970
10 0.554680 0.160910 0.081210 0.106250
9 0.631220 0.173400 0.056210 0.071870
3 0.729690 0.160910 0.079650 0.081210
8 0.148410 0.265600 0.103090 0.076540
0 0.248430 0.260930 0.082760 0.085920
6 0.346850 0.264040 0.085920 0.079650
8 0.545300 0.248430 0.074980 0.070270
2 0.653100 0.273430 0.068710 0.076540
11 0.743740 0.268710 0.079650 0.074980
5 0.146850 0.384340 0.101530 0.076540
0 0.262490 0.384340 0.081210 0.070270
8 0.364020 0.373400 0.087480 0.081210
6 0.456210 0.360910 0.074980 0.074980
8 0.543740 0.368730 0.071870 0.078100
4 0.643720 0.365580 0.090590 0.082760
9 0.729690 0.371850 0.060930 0.071870
9 0.265600 0.476540 0.070270 0.064040
5 0.357790 0.478100 0.078100 0.074980
1 0.446880 0.471870 0.071870 0.074980
5 0.560910 0.473430 0.089040 0.070270
6 0.654660 0.467150 0.074980 0.062490
2 0.745300 0.471870 0.078100 0.089040
6 0.849990 0.448430 0.095310 0.078100
2 0.153120 0.560910 0.087480 0.078100
7 0.253100 0.581230 0.109360 0.087480
8 0.439050 0.557790 0.071870 0.074980
4 0.543740 0.579670 0.087480 0.087480
0 0.651540 0.567180 0.078100 0.081210
11 0.353120 0.678100 0.070270 0.090590
10 0.543740 0.665600 0.078100 0.093710
3 0.642160 0.681210 0.078100 0.074980
5 0.749970 0.664040 0.089040 0.090590
0 0.857770 0.628110 0.095310 0.081210
2 0.173400 0.756240 0.090590 0.090590
3 0.282760 0.760910 0.065600 0.067150
6 0.373400 0.767180 0.065600 0.092150
1 0.556240 0.779670 0.074980 0.112470
11 0.660930 0.764020 0.081210 0.096860
5 0.760910 0.759350 0.090590 0.085920
10 0.173400 0.879650 0.110920 0.124970
6 0.270270 0.868710 0.087480 0.093710
0 0.373400 0.873430 0.073430 0.099980
8 0.479650 0.859370 0.079650 0.101530
4 0.562460 0.882760 0.074980 0.112470
1 0.657770 0.865600 0.096860 0.121860
5 0.839050 0.860930 0.089040 0.099980
