9 0.449990 0.354680 0.029660 0.029660
3 0.373400 0.360910 0.024990 0.029660
3 0.412500 0.387460 0.028110 0.032780
3 0.460930 0.392170 0.028110 0.031220
3 0.543740 0.348410 0.023440 0.034380
3 0.628110 0.349970 0.026550 0.032780
3 0.534360 0.399950 0.026550 0.029660
3 0.529690 0.437490 0.028110 0.029660
3 0.578120 0.442160 0.028110 0.028110
3 0.620280 0.435930 0.029660 0.029660
3 0.496860 0.476540 0.026550 0.028110
3 0.539020 0.474980 0.026550 0.031220
3 0.674980 0.470270 0.026550 0.034380
3 0.499980 0.523410 0.023440 0.028110
3 0.492150 0.568730 0.026550 0.028110
3 0.587460 0.560910 0.026550 0.031220
3 0.620280 0.568730 0.028110 0.026550
3 0.398400 0.609340 0.031220 0.023440
3 0.446880 0.614050 0.031220 0.026550
3 0.487480 0.603110 0.029660 0.023440
3 0.539020 0.607780 0.028110 0.024990
3 0.624990 0.617170 0.029660 0.026550
3 0.446880 0.659370 0.028110 0.028110
3 0.576520 0.657770 0.029660 0.026550
9 0.493710 0.359350 0.023440 0.029660
9 0.582790 0.354680 0.023440 0.029660
9 0.370290 0.399950 0.026550 0.031220
9 0.412500 0.432780 0.026550 0.029660
9 0.457770 0.431220 0.023440 0.031220
9 0.485920 0.440600 0.024990 0.029660
9 0.581230 0.393730 0.024990 0.032780
9 0.620280 0.395280 0.028110 0.032780
9 0.414050 0.470270 0.024990 0.028110
9 0.448430 0.470270 0.026550 0.032780
9 0.582790 0.473430 0.023440 0.028110
9 0.628110 0.474980 0.023440 0.028110
9 0.407780 0.521860 0.024990 0.026550
9 0.456210 0.524970 0.024990 0.026550
9 0.537470 0.515590 0.023440 0.026550
9 0.568730 0.514030 0.024990 0.028110
9 0.621840 0.518750 0.023440 0.029660
9 0.442160 0.567180 0.026550 0.026550
9 0.574960 0.601560 0.024990 0.024990
9 0.401560 0.651540 0.029660 0.028110
9 0.487480 0.656210 0.026550 0.024990
9 0.539020 0.659370 0.024990 0.028110
3 0.534360 0.571850 0.026550 0.023440
9 0.492150 0.393730 0.021840 0.028110
