10 0.529690 0.290590 0.053100 0.076540
10 0.607780 0.290590 0.067150 0.071870
10 0.687480 0.285920 0.070270 0.076540
10 0.534360 0.432780 0.053100 0.056210
10 0.537470 0.568730 0.059330 0.053100
10 0.618720 0.709360 0.071870 0.078100
10 0.481210 0.714030 0.057770 0.081210
9 0.471870 0.367180 0.048430 0.045270
9 0.412500 0.439050 0.043720 0.045270
9 0.340630 0.503090 0.046880 0.045270
9 0.406230 0.568730 0.045270 0.049990
9 0.343740 0.635930 0.043720 0.045270
9 0.270270 0.632780 0.049990 0.046880
9 0.343740 0.701530 0.048430 0.045270
9 0.610890 0.562460 0.046880 0.045270
9 0.751520 0.690590 0.051540 0.053100
9 0.678100 0.367180 0.045270 0.046880
9 0.746850 0.292150 0.048430 0.045270
7 0.403110 0.295310 0.060930 0.073430
7 0.326530 0.367180 0.070270 0.065600
7 0.612500 0.432780 0.060930 0.054660
7 0.746850 0.429660 0.082760 0.059330
7 0.754680 0.507800 0.081210 0.057770
6 0.743740 0.364020 0.059330 0.051540
6 0.746850 0.624990 0.060930 0.048430
6 0.395280 0.370290 0.053100 0.049990
6 0.551520 0.779670 0.045270 0.070270
4 0.249990 0.292150 0.078100 0.068710
4 0.535910 0.367180 0.053100 0.060930
4 0.612500 0.362460 0.064040 0.057770
4 0.473430 0.503090 0.057770 0.053100
1 0.256210 0.565620 0.082760 0.056210
