4 0.784340 0.284370 0.073430 0.135910
1 0.790620 0.370290 0.068710 0.181230
0 0.759350 0.212500 0.054660 0.117190
0 0.804670 0.493710 0.062490 0.131240
2 0.746850 0.132800 0.051540 0.107800
2 0.824990 0.609340 0.071870 0.121860
5 0.840600 0.731240 0.064040 0.131240
5 0.742180 0.067150 0.049990 0.104650
3 0.660930 0.060930 0.042160 0.093710
3 0.664040 0.140580 0.040600 0.095310
3 0.678100 0.226550 0.037490 0.090590
3 0.684370 0.306250 0.042160 0.093710
3 0.696860 0.401560 0.049990 0.099980
3 0.710920 0.504650 0.049990 0.104650
3 0.723410 0.612500 0.045270 0.104650
3 0.737470 0.731240 0.046880 0.112470
10 0.190620 0.274980 0.071870 0.156240
7 0.170290 0.360910 0.068710 0.193730
6 0.159350 0.487480 0.062490 0.129690
8 0.196840 0.128080 0.054660 0.114030
8 0.154680 0.620280 0.068710 0.131240
11 0.206230 0.053100 0.054660 0.104650
11 0.139020 0.746850 0.073430 0.134360
9 0.284370 0.056210 0.046880 0.095310
9 0.278100 0.132800 0.046880 0.082760
9 0.278100 0.223440 0.054660 0.093710
9 0.273430 0.309360 0.056210 0.085920
9 0.273430 0.409340 0.056210 0.099980
9 0.262490 0.510920 0.056210 0.095310
9 0.262490 0.612500 0.056210 0.107800
9 0.249990 0.734360 0.064040 0.114030
