5 0.218720 0.306250 0.096860 0.073430
5 0.303090 0.218720 0.093710 0.114030
3 0.549970 0.218720 0.057770 0.082760
3 0.623440 0.220280 0.068710 0.089040
3 0.717190 0.231220 0.065600 0.064040
3 0.804670 0.224990 0.078100 0.070270
3 0.798400 0.309360 0.084370 0.060930
3 0.795280 0.381230 0.078100 0.062490
3 0.782790 0.468710 0.074980 0.073430
2 0.229660 0.779670 0.098420 0.093710
2 0.224990 0.709360 0.076540 0.096860
2 0.314030 0.787460 0.073430 0.110920
0 0.540630 0.800000 0.073430 0.110920
0 0.620280 0.793730 0.076540 0.120300
0 0.714030 0.784340 0.090590 0.090590
0 0.779670 0.793730 0.082760 0.103090
0 0.795280 0.718750 0.093710 0.073430
0 0.803110 0.635930 0.096860 0.067150
0 0.795280 0.556240 0.101530 0.076540
