1 0.443720 0.707800 0.084370 0.087480
4 0.357790 0.399950 0.071870 0.064040
4 0.667150 0.403110 0.074980 0.074980
4 0.212500 0.482760 0.101530 0.060930
4 0.590620 0.551520 0.070270 0.067150
6 0.214050 0.264040 0.078100 0.074980
6 0.215610 0.562460 0.082760 0.062490
6 0.292150 0.714030 0.071870 0.073430
6 0.671870 0.545300 0.070270 0.054660
7 0.507800 0.249990 0.068710 0.096860
7 0.274980 0.403110 0.099980 0.074980
7 0.365580 0.557790 0.076540 0.067150
7 0.587460 0.478100 0.071870 0.071870
7 0.287480 0.789060 0.090590 0.090590
10 0.356240 0.245270 0.082760 0.103090
10 0.584340 0.239050 0.070270 0.099980
10 0.437490 0.479650 0.067150 0.070270
10 0.506250 0.551520 0.067150 0.071870
10 0.596840 0.785900 0.068710 0.096860
10 0.671870 0.707800 0.081210 0.087480
10 0.284370 0.631220 0.093710 0.073430
