3 0.256210 0.303090 0.060930 0.057770
3 0.329690 0.298420 0.051540 0.049990
3 0.396840 0.296860 0.054660 0.059330
3 0.468710 0.295310 0.057770 0.051540
3 0.554680 0.289040 0.048430 0.053100
3 0.614050 0.292150 0.042160 0.056210
3 0.681210 0.293710 0.062490 0.057770
3 0.749970 0.298420 0.062490 0.065600
9 0.243720 0.668710 0.053100 0.060930
9 0.320300 0.665600 0.056210 0.051540
9 0.406230 0.660930 0.059330 0.054660
9 0.478100 0.667150 0.060930 0.051540
9 0.562460 0.654660 0.049990 0.062490
9 0.631220 0.657770 0.054660 0.059330
9 0.707800 0.656210 0.057770 0.057770
9 0.778120 0.653100 0.053100 0.051540
11 0.790620 0.731240 0.073430 0.062490
11 0.231220 0.757790 0.070270 0.060930
5 0.240600 0.221840 0.068710 0.059330
5 0.767180 0.210890 0.060930 0.064040
2 0.328080 0.215610 0.073430 0.090590
2 0.678100 0.215610 0.049990 0.071870
8 0.320300 0.745300 0.070270 0.073430
8 0.704650 0.732800 0.067150 0.065600
0 0.403110 0.218720 0.051540 0.078100
0 0.607780 0.215610 0.054660 0.068710
6 0.403110 0.742180 0.057770 0.064040
6 0.635930 0.740580 0.065600 0.067150
1 0.542180 0.209340 0.046880 0.082760
10 0.556240 0.740580 0.064040 0.067150
7 0.478100 0.743740 0.053100 0.067150
4 0.470270 0.207780 0.045270 0.089040
