11 0.459330 0.374960 0.056210 0.071870
11 0.534360 0.448430 0.067150 0.068710
11 0.228110 0.374960 0.081210 0.064040
11 0.612500 0.726530 0.067150 0.084370
9 0.235930 0.453100 0.056210 0.065600
9 0.253100 0.659370 0.057770 0.056210
9 0.396840 0.724970 0.053100 0.062490
9 0.406230 0.590620 0.065600 0.048430
9 0.537470 0.584340 0.048430 0.056210
9 0.664040 0.307800 0.064040 0.054660
9 0.729690 0.301530 0.065600 0.049990
9 0.303090 0.221840 0.060930 0.060930
9 0.740580 0.579670 0.071870 0.053100
9 0.734360 0.370290 0.059330 0.056210
8 0.601560 0.576520 0.060930 0.062490
8 0.665600 0.662490 0.070270 0.068710
8 0.326530 0.740580 0.079650 0.074980
8 0.249990 0.737470 0.070270 0.078100
7 0.228110 0.209340 0.103090 0.092150
6 0.224990 0.298420 0.076540 0.070270
6 0.606230 0.232780 0.067150 0.082760
6 0.595280 0.376520 0.064040 0.054660
6 0.534360 0.518750 0.062490 0.064040
6 0.462490 0.517190 0.064040 0.062490
5 0.307800 0.296860 0.073430 0.073430
5 0.523410 0.231220 0.060930 0.078100
3 0.392170 0.368730 0.068710 0.048430
3 0.454660 0.443720 0.067150 0.067150
3 0.309360 0.664040 0.049990 0.074980
3 0.743740 0.649990 0.062490 0.049990
3 0.737470 0.520300 0.071870 0.051540
3 0.740580 0.239050 0.067150 0.070270
3 0.465600 0.584340 0.051540 0.060930
2 0.234380 0.601560 0.071870 0.074980
2 0.248430 0.517190 0.081210 0.065600
2 0.737470 0.721860 0.078100 0.079650
0 0.382790 0.228110 0.067150 0.084370
0 0.462490 0.223440 0.065600 0.087480
0 0.673430 0.228110 0.064040 0.084370
0 0.740580 0.445270 0.068710 0.045270
0 0.532800 0.728080 0.056210 0.081210
0 0.468710 0.729690 0.065600 0.085920
0 0.529690 0.374960 0.065600 0.070270
