3 0.321860 0.704650 0.059330 0.054660
5 0.471870 0.756240 0.078100 0.062490
7 0.529690 0.279650 0.117190 0.054660
3 0.621840 0.710920 0.070270 0.059330
0 0.695310 0.703090 0.060930 0.048430
6 0.332800 0.262490 0.087480 0.059330
9 0.526530 0.479650 0.070270 0.053100
5 0.339020 0.789060 0.076540 0.064040
0 0.532800 0.673430 0.092150 0.056210
9 0.598400 0.370290 0.059330 0.042160
3 0.401560 0.712470 0.060930 0.056210
3 0.696860 0.631220 0.043720 0.032780
9 0.404670 0.340630 0.059330 0.059330
3 0.656210 0.646830 0.046880 0.034380
3 0.565620 0.601560 0.049990 0.037490
3 0.467150 0.693710 0.059330 0.045270
9 0.617170 0.304650 0.084370 0.043720
9 0.339020 0.343740 0.064040 0.048430
9 0.465600 0.346850 0.054660 0.042160
9 0.679650 0.539020 0.039050 0.035930
9 0.614050 0.595280 0.059330 0.043720
9 0.664040 0.367180 0.067150 0.034380
9 0.703090 0.314030 0.056210 0.037490
0 0.607780 0.539020 0.134360 0.043720
