3 0.540630 0.104650 0.071870 0.093710
3 0.745300 0.120300 0.074980 0.096860
3 0.859370 0.201560 0.087480 0.095310
3 0.874980 0.628110 0.090590 0.085920
3 0.759350 0.631220 0.082760 0.079650
3 0.735910 0.735910 0.073430 0.085920
3 0.742180 0.837490 0.084370 0.078100
3 0.640600 0.728080 0.081210 0.076540
3 0.540630 0.629660 0.081210 0.078100
3 0.434380 0.721860 0.078100 0.081210
3 0.418720 0.504650 0.074980 0.070270
3 0.321860 0.417170 0.085920 0.078100
3 0.535910 0.209340 0.068710 0.092150
3 0.340630 0.315590 0.095310 0.073430
3 0.240600 0.204670 0.085920 0.089040
3 0.217170 0.412500 0.101530 0.087480
3 0.126530 0.314030 0.099980 0.073430
3 0.132800 0.220280 0.098420 0.078100
3 0.132800 0.115590 0.099980 0.099980
3 0.224990 0.518750 0.101530 0.074980
3 0.229660 0.607780 0.093710 0.068710
3 0.224990 0.839050 0.087480 0.092150
3 0.323410 0.843720 0.084370 0.092150
9 0.548410 0.312470 0.065600 0.082760
9 0.334360 0.103090 0.081210 0.092150
9 0.328080 0.512470 0.074980 0.081210
9 0.131240 0.514030 0.090590 0.070270
9 0.324970 0.615610 0.082760 0.078100
2 0.431220 0.215610 0.099980 0.098420
2 0.226550 0.314030 0.096860 0.095310
2 0.106250 0.715590 0.110920 0.090590
2 0.420280 0.831220 0.095310 0.098420
8 0.328080 0.198400 0.089040 0.129690
8 0.529690 0.520300 0.089040 0.090590
8 0.092150 0.818720 0.137470 0.092150
11 0.421840 0.407780 0.085920 0.082760
5 0.309360 0.745300 0.099980 0.090590
5 0.540630 0.842160 0.082760 0.120300
4 0.632780 0.521860 0.089040 0.087480
