10 0.232780 0.571850 0.093710 0.067150
10 0.389060 0.496860 0.067150 0.068710
10 0.540630 0.559350 0.062490 0.068710
10 0.606230 0.714030 0.081210 0.087480
10 0.607780 0.267150 0.067150 0.093710
10 0.760910 0.334360 0.085920 0.073430
10 0.315590 0.793730 0.074980 0.104650
7 0.457770 0.645270 0.060930 0.089040
7 0.764020 0.715590 0.084370 0.081210
7 0.317190 0.651540 0.076540 0.084370
7 0.385900 0.726530 0.068710 0.095310
7 0.237490 0.723410 0.087480 0.090590
6 0.532800 0.346850 0.078100 0.065600
6 0.685920 0.785900 0.062490 0.082760
6 0.540630 0.789060 0.054660 0.078100
6 0.239050 0.796840 0.082760 0.089040
4 0.235930 0.428110 0.103090 0.078100
4 0.379670 0.343740 0.073430 0.074980
4 0.531240 0.417170 0.071870 0.079650
4 0.685920 0.485920 0.078100 0.068710
1 0.460930 0.567180 0.068710 0.074980
