0 0.443720 0.340630 0.031220 0.037490
0 0.529690 0.384340 0.028110 0.035930
0 0.493710 0.529690 0.029660 0.028110
0 0.271870 0.579670 0.039050 0.029660
0 0.351520 0.573400 0.032780 0.029660
0 0.548410 0.654660 0.031220 0.032780
1 0.314030 0.664040 0.053100 0.037490
1 0.492150 0.345300 0.034380 0.045270
2 0.324970 0.359350 0.040600 0.032780
2 0.498420 0.481210 0.034380 0.032780
2 0.362460 0.610890 0.034380 0.031220
2 0.503090 0.654660 0.034380 0.032780
4 0.399950 0.429660 0.037490 0.040600
4 0.409340 0.389060 0.034380 0.045270
4 0.581230 0.382790 0.037490 0.049990
4 0.406230 0.670270 0.035930 0.037490
5 0.364020 0.528080 0.031220 0.026550
5 0.409340 0.567180 0.031220 0.031220
5 0.495310 0.431220 0.029660 0.032780
5 0.492150 0.392170 0.034380 0.035930
11 0.270270 0.354680 0.035930 0.039050
11 0.362460 0.435930 0.035930 0.034380
11 0.459330 0.607780 0.029660 0.034380
11 0.401560 0.606230 0.029660 0.026550
11 0.462490 0.667150 0.031220 0.029660
11 0.262490 0.490590 0.039050 0.031220
10 0.365580 0.478100 0.037490 0.037490
10 0.318750 0.573400 0.043720 0.035930
10 0.539020 0.568730 0.035930 0.034380
9 0.270270 0.531240 0.037490 0.026550
9 0.406230 0.523410 0.026550 0.024990
9 0.323410 0.396840 0.029660 0.032780
9 0.320300 0.439050 0.034380 0.028110
9 0.449990 0.531240 0.029660 0.031220
9 0.582790 0.559350 0.029660 0.031220
9 0.595280 0.607780 0.028110 0.024990
8 0.362460 0.396840 0.037490 0.032780
8 0.442160 0.439050 0.037490 0.040600
8 0.581230 0.476540 0.034380 0.034380
8 0.532800 0.518750 0.031220 0.035930
8 0.368730 0.659370 0.035930 0.031220
8 0.492150 0.612500 0.035930 0.035930
7 0.320300 0.615610 0.045270 0.040600
7 0.401560 0.343740 0.039050 0.048430
6 0.259370 0.437490 0.035930 0.034380
6 0.354680 0.339020 0.031220 0.039050
6 0.442160 0.390620 0.029660 0.035930
6 0.317190 0.482760 0.039050 0.034380
6 0.570290 0.514030 0.028110 0.029660
