8 0.278100 0.379670 0.093710 0.182790
8 0.265600 0.507800 0.137470 0.192170
8 0.414050 0.499980 0.112470 0.181230
8 0.582790 0.381230 0.109360 0.178120
8 0.271870 0.368730 0.114030 0.168730
8 0.737470 0.498420 0.148410 0.167180
8 0.267150 0.506250 0.143740 0.178120
8 0.231220 0.635930 0.167180 0.179670
8 0.226550 0.634380 0.173400 0.162460
2 0.418720 0.392170 0.089040 0.174960
8 0.415610 0.499980 0.115590 0.165580
2 0.578120 0.495310 0.099980 0.195280
8 0.589060 0.376520 0.087480 0.164020
2 0.729690 0.387460 0.115590 0.167180
8 0.745300 0.493710 0.148410 0.157790
2 0.576520 0.493710 0.099980 0.193730
2 0.418720 0.392170 0.090590 0.174960
2 0.729690 0.385900 0.114030 0.165580
8 0.582790 0.381230 0.101530 0.171850
8 0.276540 0.378120 0.095310 0.184340
8 0.265600 0.506250 0.129690 0.185900
8 0.412500 0.499980 0.103090 0.174960
8 0.740580 0.498420 0.140580 0.164020
8 0.229660 0.639050 0.157790 0.174960
