10 0.449990 0.384340 0.062490 0.074980
10 0.737470 0.310920 0.076540 0.085920
10 0.810890 0.387460 0.098420 0.078100
10 0.818720 0.684370 0.101530 0.071870
10 0.659370 0.603110 0.067150 0.059330
10 0.587460 0.524970 0.065600 0.053100
10 0.659370 0.462490 0.073430 0.071870
7 0.385900 0.242160 0.067150 0.089040
7 0.301530 0.454660 0.079650 0.062490
7 0.518750 0.596840 0.062490 0.059330
7 0.581230 0.673430 0.070270 0.071870
7 0.449990 0.529690 0.064040 0.064040
6 0.320300 0.249990 0.064040 0.073430
6 0.587460 0.332800 0.043720 0.065600
6 0.657770 0.321860 0.059330 0.062490
6 0.310920 0.531240 0.079650 0.053100
4 0.451540 0.309360 0.064040 0.076540
4 0.815610 0.464040 0.104650 0.060930
4 0.667150 0.753120 0.076540 0.084370
4 0.298420 0.743740 0.084370 0.087480
1 0.657770 0.385900 0.065600 0.070270
