0 0.253100 0.759350 0.087480 0.087480
0 0.332800 0.670270 0.070270 0.093710
0 0.423440 0.593730 0.076540 0.071870
0 0.485920 0.528080 0.056210 0.081210
0 0.579670 0.449990 0.068710 0.068710
0 0.632780 0.384340 0.067150 0.071870
0 0.698420 0.301530 0.073430 0.068710
2 0.481210 0.754680 0.064040 0.087480
2 0.557790 0.745300 0.070270 0.087480
2 0.634380 0.757790 0.064040 0.106250
3 0.768730 0.528080 0.059330 0.054660
3 0.767180 0.592170 0.068710 0.070270
3 0.765580 0.674980 0.068710 0.059330
3 0.771850 0.743740 0.084370 0.078100
3 0.264040 0.379670 0.074980 0.054660
3 0.259370 0.453100 0.071870 0.064040
3 0.253100 0.301530 0.081210 0.070270
5 0.246880 0.217170 0.081210 0.078100
5 0.351520 0.215610 0.074980 0.098420
