9 0.329690 0.796840 0.065600 0.070270
6 0.426550 0.774960 0.073430 0.090590
9 0.329690 0.609340 0.057770 0.070270
9 0.496860 0.600000 0.053100 0.070270
9 0.396840 0.459330 0.051540 0.071870
9 0.312470 0.346850 0.048430 0.070270
9 0.312470 0.295310 0.048430 0.071870
9 0.140580 0.289040 0.057770 0.073430
9 0.134360 0.335910 0.059330 0.073430
7 0.237490 0.703090 0.107800 0.121860
11 0.253100 0.612500 0.081210 0.093710
6 0.243720 0.406230 0.071870 0.098420
8 0.240600 0.360910 0.074980 0.090590
11 0.243720 0.293710 0.067150 0.090590
10 0.118750 0.437490 0.096860 0.112470
8 0.121860 0.384340 0.085920 0.090590
3 0.609340 0.749970 0.060930 0.073430
3 0.754680 0.642160 0.064040 0.073430
3 0.571850 0.581230 0.056210 0.073430
3 0.632780 0.493710 0.054660 0.071870
3 0.551520 0.442160 0.051540 0.073430
3 0.648430 0.296860 0.051540 0.073430
3 0.639050 0.242160 0.051540 0.071870
4 0.443720 0.264040 0.067150 0.109360
2 0.524970 0.312470 0.064040 0.089040
5 0.876540 0.701530 0.096860 0.093710
0 0.815610 0.532800 0.087480 0.104650
5 0.743740 0.337470 0.073430 0.096860
1 0.724970 0.264040 0.090590 0.131240
0 0.851540 0.273430 0.082760 0.106250
2 0.824990 0.223440 0.084370 0.095310
2 0.803110 0.189060 0.057770 0.074980
