0 0.549970 0.418720 0.062490 0.056210
0 0.257770 0.265600 0.065600 0.074980
0 0.254660 0.353120 0.084370 0.057770
0 0.260930 0.423440 0.082760 0.074980
0 0.764020 0.278100 0.084370 0.081210
0 0.760910 0.345300 0.090590 0.070270
0 0.765580 0.424990 0.084370 0.073430
2 0.548410 0.493710 0.073430 0.057770
3 0.471870 0.426550 0.056210 0.059330
3 0.612500 0.424990 0.062490 0.056210
3 0.615610 0.489040 0.056210 0.059330
3 0.614050 0.562460 0.060930 0.059330
3 0.549970 0.559350 0.048430 0.067150
3 0.482760 0.559350 0.056210 0.067150
3 0.474980 0.490590 0.054660 0.059330
5 0.339020 0.793730 0.079650 0.087480
5 0.704650 0.770290 0.090590 0.079650
2 0.249990 0.714030 0.084370 0.079650
2 0.753120 0.690590 0.089040 0.065600
