7 0.506250 0.523410 0.040600 0.040600
5 0.557790 0.473430 0.037490 0.034380
5 0.615610 0.428110 0.040600 0.040600
5 0.660930 0.367180 0.043720 0.042160
11 0.668710 0.420280 0.043720 0.039050
8 0.717190 0.326530 0.051540 0.046880
10 0.771850 0.420280 0.062490 0.048430
6 0.728080 0.478100 0.046880 0.037490
6 0.670270 0.531240 0.039050 0.032780
0 0.718750 0.585900 0.043720 0.032780
5 0.782790 0.640600 0.053100 0.039050
4 0.674980 0.646830 0.053100 0.039050
1 0.621840 0.645270 0.048430 0.042160
0 0.621840 0.478100 0.035930 0.034380
8 0.557790 0.418720 0.039050 0.045270
11 0.562460 0.642160 0.037490 0.039050
