6 0.200000 0.267150 0.084370 0.062490
6 0.210890 0.417170 0.078100 0.051540
6 0.606230 0.693710 0.081210 0.068710
6 0.299980 0.623440 0.065600 0.060930
4 0.365580 0.257770 0.076540 0.093710
4 0.585900 0.254660 0.074980 0.099980
4 0.660930 0.253100 0.074980 0.096860
4 0.446880 0.482760 0.070270 0.067150
7 0.510920 0.409340 0.067150 0.067150
7 0.378120 0.779670 0.065600 0.087480
7 0.301530 0.782790 0.078100 0.095310
7 0.215610 0.478100 0.096860 0.070270
7 0.373400 0.545300 0.074980 0.057770
1 0.509360 0.253100 0.068710 0.103090
10 0.292150 0.260930 0.085920 0.096860
10 0.745300 0.245270 0.084370 0.099980
10 0.590620 0.335910 0.074980 0.070270
10 0.748410 0.474980 0.093710 0.062490
10 0.453100 0.782790 0.071870 0.090590
10 0.214050 0.789060 0.085920 0.098420
10 0.439050 0.254660 0.065600 0.090590
9 0.221840 0.351520 0.071870 0.057770
9 0.220280 0.618720 0.062490 0.065600
9 0.235930 0.696860 0.057770 0.051540
9 0.385900 0.685920 0.062490 0.068710
9 0.304650 0.698420 0.045270 0.056210
9 0.521860 0.684370 0.054660 0.065600
9 0.743740 0.543740 0.067150 0.062490
9 0.737470 0.393730 0.057770 0.049990
9 0.740580 0.321860 0.070270 0.064040
9 0.742180 0.626550 0.051540 0.053100
9 0.745300 0.682760 0.065600 0.049990
