11 0.357790 0.268710 0.068710 0.074980
11 0.440600 0.546850 0.057770 0.056210
11 0.426550 0.476540 0.062490 0.051540
11 0.589060 0.623440 0.057770 0.064040
8 0.367180 0.342180 0.068710 0.065600
8 0.435930 0.339020 0.064040 0.070270
8 0.585900 0.260930 0.057770 0.067150
8 0.504650 0.546850 0.074980 0.071870
9 0.231220 0.414050 0.062490 0.064040
9 0.306250 0.410890 0.051540 0.062490
9 0.367180 0.410890 0.060930 0.060930
9 0.506250 0.334360 0.048430 0.059330
9 0.568730 0.396840 0.045270 0.049990
9 0.581230 0.548410 0.067150 0.071870
9 0.299980 0.551520 0.060930 0.051540
9 0.242160 0.553080 0.062490 0.056210
9 0.237490 0.687480 0.060930 0.062490
9 0.306250 0.685920 0.054660 0.062490
9 0.521860 0.695310 0.053100 0.062490
7 0.284370 0.259370 0.089040 0.096860
6 0.585900 0.478100 0.053100 0.068710
6 0.290590 0.615610 0.073430 0.057770
6 0.359350 0.762460 0.070270 0.073430
6 0.437490 0.693710 0.064040 0.073430
6 0.359350 0.481210 0.064040 0.053100
5 0.435930 0.760910 0.059330 0.076540
5 0.504650 0.617170 0.064040 0.074980
3 0.234380 0.348410 0.065600 0.060930
3 0.292150 0.340630 0.056210 0.057770
3 0.582790 0.334360 0.046880 0.062490
3 0.501530 0.407780 0.057770 0.059330
3 0.504650 0.474980 0.048430 0.049990
3 0.231220 0.753120 0.062490 0.056210
3 0.368730 0.546850 0.056210 0.051540
2 0.237490 0.267150 0.081210 0.079650
2 0.653100 0.412500 0.071870 0.057770
2 0.379670 0.612500 0.065600 0.071870
0 0.431220 0.262490 0.056210 0.073430
0 0.431220 0.406230 0.059330 0.060930
0 0.228110 0.617170 0.079650 0.064040
0 0.296860 0.759350 0.074980 0.074980
0 0.364020 0.690590 0.074980 0.071870
0 0.509360 0.765580 0.054660 0.084370
0 0.579670 0.774960 0.053100 0.085920
