3 0.576520 0.453100 0.046880 0.042160
3 0.574960 0.315590 0.046880 0.049990
3 0.645270 0.237490 0.046880 0.056210
3 0.506250 0.317190 0.043720 0.054660
3 0.434380 0.534360 0.051540 0.043720
3 0.429660 0.603110 0.049990 0.045270
3 0.278100 0.770290 0.054660 0.056210
1 0.662490 0.604670 0.081210 0.056210
1 0.509360 0.603110 0.065600 0.060930
1 0.356240 0.539020 0.068710 0.057770
1 0.184340 0.610890 0.093710 0.062490
2 0.735910 0.459330 0.074980 0.056210
2 0.360910 0.462490 0.059330 0.060930
2 0.192170 0.384340 0.079650 0.062490
2 0.207780 0.468710 0.070270 0.057770
6 0.429660 0.689040 0.049990 0.059330
6 0.434380 0.768730 0.056210 0.068710
6 0.357790 0.606230 0.053100 0.053100
6 0.274980 0.535910 0.059330 0.057770
9 0.504650 0.393730 0.048430 0.046880
9 0.437490 0.468710 0.048430 0.045270
9 0.278100 0.687480 0.049990 0.048430
9 0.423440 0.242160 0.048430 0.056210
11 0.584340 0.603110 0.056210 0.054660
11 0.276540 0.378120 0.062490 0.068710
11 0.439050 0.379670 0.051540 0.062490
0 0.499980 0.462490 0.049990 0.049990
0 0.657770 0.759350 0.067150 0.062490
5 0.507800 0.529690 0.056210 0.049990
5 0.574960 0.379670 0.056210 0.065600
8 0.737470 0.754680 0.067150 0.074980
8 0.281210 0.617170 0.067150 0.065600
4 0.271870 0.295310 0.081210 0.085920
10 0.515590 0.768730 0.064040 0.089040
