4 0.104650 0.126530 0.118750 0.126530
4 0.207780 0.131240 0.114030 0.128080
3 0.323410 0.149970 0.067150 0.074980
3 0.321860 0.253100 0.060930 0.064040
3 0.851540 0.268710 0.079650 0.070270
3 0.520300 0.357790 0.059330 0.065600
3 0.220280 0.462490 0.068710 0.060930
3 0.517190 0.474980 0.056210 0.062490
3 0.742180 0.464040 0.074980 0.065600
3 0.848430 0.468710 0.084370 0.060930
3 0.224990 0.674980 0.078100 0.071870
3 0.418720 0.681210 0.068710 0.073430
5 0.451540 0.151520 0.074980 0.101530
5 0.434380 0.364020 0.068710 0.074980
5 0.314030 0.551520 0.079650 0.070270
9 0.548410 0.173400 0.062490 0.076540
9 0.735910 0.165580 0.065600 0.078100
9 0.529690 0.268710 0.065600 0.065600
9 0.639050 0.273430 0.067150 0.062490
9 0.117190 0.451540 0.082760 0.065600
8 0.640600 0.148410 0.073430 0.101530
8 0.442160 0.257770 0.068710 0.090590
8 0.535910 0.565620 0.076540 0.076540
8 0.632780 0.564020 0.078100 0.087480
8 0.735910 0.576520 0.084370 0.090590
8 0.115590 0.662490 0.109360 0.089040
6 0.848430 0.181230 0.096860 0.093710
6 0.754680 0.270270 0.085920 0.082760
6 0.632780 0.382790 0.079650 0.076540
6 0.843720 0.381230 0.093710 0.070270
6 0.635930 0.660930 0.078100 0.078100
1 0.090590 0.243720 0.131240 0.101530
2 0.209340 0.251540 0.095310 0.089040
2 0.099980 0.345300 0.109360 0.081210
2 0.234380 0.364020 0.085920 0.082760
2 0.520300 0.665600 0.074980 0.092150
2 0.345300 0.356240 0.078100 0.071870
11 0.314030 0.465600 0.085920 0.071870
5 0.728080 0.376520 0.087480 0.081210
5 0.439050 0.456210 0.062490 0.076540
0 0.434380 0.554680 0.068710 0.071870
0 0.324970 0.643720 0.079650 0.076540
6 0.637490 0.462490 0.081210 0.067150
11 0.729690 0.676540 0.092150 0.082760
11 0.849990 0.673430 0.107800 0.082760
9 0.829660 0.584340 0.078100 0.074980
9 0.101530 0.545300 0.092150 0.074980
7 0.206230 0.549970 0.112470 0.082760
7 0.084370 0.768730 0.131240 0.120300
3 0.221840 0.768730 0.070270 0.085920
3 0.629660 0.764020 0.065600 0.081210
3 0.318750 0.864040 0.070270 0.087480
5 0.334360 0.770290 0.085920 0.095310
10 0.432780 0.770290 0.076540 0.112470
10 0.534360 0.779670 0.090590 0.117190
10 0.740580 0.785900 0.110920 0.121860
9 0.835930 0.773400 0.081210 0.074980
1 0.095310 0.885920 0.126530 0.124970
1 0.421840 0.887480 0.081210 0.124970
1 0.206230 0.890590 0.121860 0.128080
4 0.526530 0.887480 0.082760 0.124970
0 0.629660 0.893710 0.084370 0.107800
9 0.723410 0.871870 0.073430 0.082760
5 0.840600 0.878100 0.101530 0.101530
