0 0.615610 0.540630 0.071870 0.060930
0 0.610890 0.785900 0.067150 0.082760
0 0.685920 0.778120 0.067150 0.098420
0 0.770290 0.781230 0.084370 0.095310
2 0.303090 0.209340 0.068710 0.087480
2 0.314030 0.781230 0.070270 0.106250
2 0.531240 0.546850 0.065600 0.071870
3 0.465600 0.468710 0.059330 0.073430
3 0.543740 0.464040 0.067150 0.060930
3 0.615610 0.460930 0.065600 0.048430
3 0.459330 0.548410 0.067150 0.051540
3 0.459330 0.621840 0.068710 0.064040
3 0.539020 0.621840 0.059330 0.064040
3 0.610890 0.615610 0.062490 0.067150
5 0.231220 0.718750 0.093710 0.101530
5 0.207780 0.303090 0.085920 0.073430
0 0.621840 0.232780 0.073430 0.079650
0 0.695310 0.243720 0.078100 0.085920
0 0.782790 0.240600 0.079650 0.098420
