6 0.414050 0.301530 0.054660 0.062490
6 0.793730 0.378120 0.078100 0.062490
6 0.412500 0.446880 0.056210 0.060930
6 0.412500 0.737470 0.064040 0.071870
7 0.234380 0.589060 0.087480 0.074980
7 0.710920 0.818720 0.093710 0.109360
7 0.790620 0.668710 0.093710 0.074980
7 0.631220 0.678100 0.076540 0.079650
7 0.332800 0.515590 0.073430 0.065600
10 0.249990 0.290590 0.090590 0.081210
10 0.253100 0.371850 0.092150 0.065600
10 0.243720 0.449990 0.092150 0.062490
10 0.481210 0.528080 0.062490 0.059330
10 0.559350 0.600000 0.068710 0.074980
10 0.478100 0.817170 0.057770 0.095310
9 0.409340 0.371850 0.049990 0.053100
9 0.557790 0.298420 0.054660 0.054660
9 0.634380 0.374960 0.056210 0.054660
9 0.704650 0.453100 0.057770 0.056210
9 0.407780 0.593730 0.054660 0.053100
9 0.342180 0.662490 0.060930 0.057770
9 0.482760 0.667150 0.056210 0.056210
9 0.548410 0.732800 0.049990 0.062490
9 0.634380 0.735910 0.048430 0.056210
9 0.776520 0.821840 0.056210 0.062490
9 0.771850 0.735910 0.065600 0.057770
4 0.485920 0.381230 0.062490 0.064040
4 0.554680 0.445270 0.062490 0.064040
4 0.634380 0.520300 0.071870 0.068710
4 0.623440 0.818720 0.068710 0.106250
10 0.706250 0.595280 0.084370 0.079650
1 0.256210 0.749970 0.090590 0.095310
