9 0.803110 0.251540 0.064040 0.054660
9 0.724970 0.259370 0.054660 0.057770
9 0.721860 0.389060 0.048430 0.046880
9 0.659370 0.459330 0.049990 0.048430
9 0.721860 0.464040 0.054660 0.046880
9 0.449990 0.524970 0.048430 0.048430
9 0.657770 0.521860 0.054660 0.046880
9 0.796840 0.524970 0.060930 0.049990
9 0.379670 0.593730 0.048430 0.053100
9 0.587460 0.592170 0.049990 0.053100
9 0.651540 0.656210 0.054660 0.049990
6 0.451540 0.453100 0.048430 0.046880
6 0.387460 0.524970 0.046880 0.051540
6 0.312470 0.593730 0.054660 0.056210
6 0.731240 0.593730 0.071870 0.056210
1 0.379670 0.453100 0.059330 0.062490
4 0.315590 0.223440 0.076540 0.087480
4 0.318750 0.306250 0.065600 0.071870
4 0.318750 0.384340 0.065600 0.068710
4 0.392170 0.307800 0.059330 0.078100
7 0.662490 0.239050 0.073430 0.089040
7 0.667150 0.385900 0.068710 0.062490
7 0.590620 0.737470 0.074980 0.087480
7 0.592170 0.524970 0.073430 0.062490
7 0.459330 0.235930 0.059330 0.090590
10 0.528080 0.232780 0.059330 0.082760
10 0.595280 0.318750 0.068710 0.074980
10 0.520300 0.382790 0.059330 0.071870
10 0.596840 0.384340 0.062490 0.065600
10 0.598400 0.459330 0.067150 0.060930
10 0.443720 0.749970 0.057770 0.081210
10 0.737470 0.754680 0.084370 0.093710
