6 0.548410 0.523410 0.040600 0.034380
0 0.610890 0.528080 0.043720 0.034380
11 0.564020 0.474980 0.042160 0.037490
5 0.648430 0.429660 0.051540 0.040600
5 0.659370 0.474980 0.048430 0.039050
8 0.562460 0.315590 0.046880 0.046880
5 0.451540 0.309360 0.034380 0.049990
6 0.579670 0.395280 0.039050 0.039050
5 0.506250 0.424990 0.039050 0.043720
10 0.504650 0.574960 0.046880 0.040600
8 0.557790 0.587460 0.035930 0.040600
4 0.612500 0.581230 0.057770 0.040600
11 0.392170 0.535910 0.039050 0.037490
7 0.442160 0.631220 0.045270 0.045270
1 0.612500 0.689040 0.060930 0.045270
0 0.565620 0.642160 0.039050 0.037490
