0 0.507800 0.520300 0.064040 0.087480
0 0.406230 0.518750 0.076540 0.084370
6 0.424990 0.434380 0.070270 0.090590
6 0.514030 0.439050 0.059330 0.095310
3 0.617170 0.518750 0.048430 0.071870
3 0.607780 0.621840 0.051540 0.068710
3 0.490590 0.629660 0.049990 0.073430
3 0.399950 0.600000 0.068710 0.062490
3 0.298420 0.598400 0.062490 0.062490
3 0.315590 0.524970 0.068710 0.067150
3 0.237490 0.512470 0.060930 0.060930
3 0.204670 0.595280 0.071870 0.064040
9 0.256210 0.428110 0.070270 0.071870
9 0.334360 0.432780 0.067150 0.074980
9 0.604670 0.437490 0.048430 0.074980
9 0.273430 0.354680 0.067150 0.074980
9 0.353120 0.349970 0.056210 0.081210
9 0.442160 0.343740 0.054660 0.074980
9 0.539020 0.340630 0.051540 0.081210
9 0.635930 0.351520 0.045270 0.082760
