0 0.489040 0.570290 0.037490 0.037490
0 0.439050 0.365580 0.026550 0.048430
1 0.378120 0.407780 0.034380 0.060930
3 0.206230 0.684370 0.039050 0.032780
3 0.310920 0.626550 0.034380 0.032780
3 0.378120 0.571850 0.029660 0.029660
3 0.606230 0.632780 0.037490 0.032780
3 0.592170 0.467150 0.026550 0.029660
3 0.598400 0.328080 0.032780 0.037490
3 0.442160 0.320300 0.026550 0.039050
3 0.295310 0.318750 0.032780 0.043720
4 0.223440 0.362460 0.053100 0.059330
5 0.215610 0.460930 0.046880 0.043720
5 0.542180 0.314030 0.029660 0.056210
5 0.548410 0.420280 0.039050 0.043720
5 0.331240 0.521860 0.043720 0.046880
6 0.271870 0.460930 0.043720 0.046880
9 0.342180 0.467150 0.043720 0.043720
9 0.443720 0.515590 0.028110 0.032780
9 0.501530 0.629660 0.032780 0.028110
9 0.378120 0.631220 0.037490 0.035930
9 0.267150 0.578120 0.039050 0.035930
9 0.498420 0.510920 0.031220 0.028110
9 0.237490 0.320300 0.039050 0.037490
9 0.345300 0.307800 0.031220 0.040600
8 0.546850 0.523410 0.035930 0.045270
8 0.384340 0.312470 0.040600 0.048430
1 0.492150 0.356240 0.037490 0.060930
6 0.442160 0.464040 0.032780 0.043720
10 0.501530 0.460930 0.035930 0.056210
11 0.385900 0.359350 0.039050 0.042160
11 0.493710 0.412500 0.034380 0.037490
