0 0.431220 0.378120 0.059330 0.060930
0 0.659370 0.456210 0.070270 0.064040
0 0.504650 0.600000 0.049990 0.079650
0 0.653100 0.757790 0.071870 0.087480
0 0.264040 0.456210 0.056210 0.057770
0 0.185900 0.446880 0.082760 0.049990
0 0.506250 0.462490 0.053100 0.062490
2 0.424990 0.451540 0.065600 0.073430
2 0.649990 0.534360 0.057770 0.070270
2 0.753120 0.303090 0.078100 0.074980
3 0.342180 0.376520 0.059330 0.076540
3 0.415610 0.600000 0.043720 0.056210
3 0.356240 0.665600 0.053100 0.064040
3 0.570290 0.670270 0.049990 0.051540
3 0.659370 0.674980 0.070270 0.064040
3 0.731240 0.674980 0.062490 0.065600
3 0.499980 0.537470 0.051540 0.049990
5 0.209340 0.746850 0.068710 0.076540
5 0.351520 0.540630 0.057770 0.067150
6 0.345300 0.464040 0.068710 0.070270
6 0.423440 0.537470 0.056210 0.053100
6 0.578120 0.454660 0.053100 0.065600
6 0.573400 0.757790 0.053100 0.084370
6 0.506250 0.381230 0.065600 0.060930
7 0.268710 0.539020 0.074980 0.084370
8 0.437490 0.678100 0.079650 0.065600
8 0.357790 0.753120 0.054660 0.070270
8 0.285920 0.760910 0.064040 0.073430
8 0.579670 0.370290 0.046880 0.062490
9 0.265600 0.293710 0.078100 0.074980
9 0.346850 0.292150 0.056210 0.062490
9 0.498420 0.295310 0.056210 0.068710
9 0.581230 0.293710 0.049990 0.064040
9 0.664040 0.303090 0.054660 0.059330
9 0.657770 0.376520 0.057770 0.060930
9 0.734360 0.374960 0.068710 0.064040
9 0.573400 0.535910 0.056210 0.071870
9 0.643720 0.603110 0.048430 0.051540
9 0.195280 0.523410 0.054660 0.053100
9 0.262490 0.374960 0.065600 0.068710
11 0.496860 0.193730 0.065600 0.076540
11 0.173400 0.378120 0.081210 0.059330
11 0.268710 0.673430 0.062490 0.065600
11 0.424990 0.754680 0.054660 0.068710
