6 0.620280 0.740580 0.065600 0.074980
6 0.549970 0.810890 0.060930 0.078100
6 0.779670 0.574960 0.076540 0.062490
6 0.782790 0.495310 0.079650 0.059330
10 0.218720 0.503090 0.103090 0.068710
10 0.215610 0.585900 0.106250 0.076540
10 0.312470 0.585900 0.081210 0.076540
10 0.389060 0.506250 0.068710 0.070270
10 0.471870 0.587460 0.065600 0.074980
10 0.551520 0.501530 0.068710 0.068710
10 0.628110 0.585900 0.078100 0.076540
7 0.629660 0.343740 0.079650 0.081210
7 0.709360 0.424990 0.092150 0.068710
7 0.709360 0.499980 0.084370 0.068710
7 0.709360 0.584340 0.090590 0.074980
7 0.704650 0.670270 0.087480 0.090590
4 0.312470 0.504650 0.081210 0.074980
4 0.471870 0.504650 0.060930 0.067150
4 0.626550 0.503090 0.071870 0.070270
4 0.545300 0.592170 0.073430 0.078100
1 0.392170 0.587460 0.071870 0.078100
