5 0.467150 0.539020 0.071870 0.062490
5 0.535910 0.468710 0.067150 0.067150
3 0.187460 0.260930 0.059330 0.064040
3 0.248430 0.248430 0.056210 0.062490
3 0.324970 0.259370 0.057770 0.082760
3 0.398400 0.248430 0.060930 0.059330
3 0.468710 0.249990 0.059330 0.065600
3 0.531240 0.240600 0.049990 0.076540
3 0.615610 0.248430 0.056210 0.062490
2 0.189060 0.742180 0.089040 0.074980
2 0.326530 0.676540 0.073430 0.068710
2 0.399950 0.606230 0.071870 0.068710
0 0.610890 0.765580 0.065600 0.079650
0 0.609340 0.673430 0.073430 0.059330
0 0.610890 0.617170 0.062490 0.068710
0 0.603110 0.543740 0.064040 0.062490
0 0.609340 0.474980 0.071870 0.074980
0 0.610890 0.403110 0.062490 0.062490
0 0.614050 0.326530 0.064040 0.078100
