3 0.571850 0.367180 0.029660 0.029660
3 0.471870 0.434380 0.028110 0.029660
3 0.556240 0.443720 0.026550 0.028110
3 0.610890 0.451540 0.028110 0.028110
3 0.306250 0.484370 0.028110 0.031220
3 0.556240 0.485920 0.028110 0.029660
3 0.609340 0.532800 0.031220 0.026550
2 0.392170 0.364020 0.029660 0.040600
2 0.357790 0.398400 0.034380 0.040600
2 0.307800 0.437490 0.039050 0.039050
2 0.345300 0.524970 0.039050 0.035930
0 0.392170 0.398400 0.032780 0.037490
0 0.520300 0.664040 0.032780 0.031220
0 0.601560 0.403110 0.034380 0.039050
0 0.435930 0.410890 0.032780 0.034380
0 0.518750 0.571850 0.031220 0.031220
5 0.353120 0.360910 0.035930 0.039050
5 0.520300 0.403110 0.031220 0.037490
5 0.559350 0.398400 0.032780 0.039050
5 0.337470 0.662490 0.037490 0.032780
5 0.292150 0.614050 0.040600 0.034380
5 0.474980 0.532800 0.031220 0.032780
5 0.607780 0.618720 0.034380 0.035930
5 0.432780 0.435930 0.035930 0.037490
4 0.292150 0.560910 0.046880 0.049990
4 0.378120 0.660930 0.040600 0.034380
4 0.389060 0.434380 0.037490 0.046880
1 0.312470 0.395280 0.042160 0.049990
1 0.303090 0.354680 0.043720 0.053100
1 0.337470 0.476540 0.042160 0.046880
0 0.515590 0.485920 0.031220 0.035930
9 0.606230 0.487480 0.028110 0.028110
9 0.554680 0.526530 0.028110 0.028110
9 0.429660 0.520300 0.031220 0.026550
9 0.428110 0.567180 0.028110 0.028110
9 0.373400 0.612500 0.028110 0.028110
9 0.420280 0.654660 0.028110 0.029660
9 0.557790 0.621840 0.031220 0.028110
9 0.560910 0.576520 0.026550 0.029660
6 0.331240 0.607780 0.035930 0.032780
6 0.290590 0.659370 0.042160 0.032780
6 0.610890 0.654660 0.029660 0.031220
6 0.429660 0.609340 0.034380 0.037490
6 0.601560 0.570290 0.032780 0.032780
8 0.484370 0.364020 0.037490 0.049990
8 0.517190 0.360910 0.039050 0.040600
8 0.510920 0.528080 0.034380 0.035930
8 0.470270 0.657770 0.037490 0.040600
6 0.484370 0.407780 0.032780 0.040600
11 0.571850 0.664040 0.035930 0.035930
11 0.471870 0.606230 0.034380 0.034380
11 0.424990 0.481210 0.034380 0.037490
11 0.478100 0.481210 0.032780 0.037490
11 0.434380 0.362460 0.034380 0.039050
11 0.610890 0.357790 0.034380 0.037490
8 0.478100 0.567180 0.034380 0.039050
7 0.339020 0.562460 0.046880 0.043720
7 0.296860 0.520300 0.043720 0.042160
7 0.356240 0.437490 0.040600 0.053100
10 0.389060 0.565620 0.042160 0.043720
10 0.392170 0.523410 0.040600 0.046880
10 0.518750 0.612500 0.039050 0.040600
8 0.521860 0.437490 0.037490 0.042160
