10 0.331240 0.456210 0.067150 0.056210
10 0.331240 0.382790 0.065600 0.065600
10 0.328080 0.306250 0.068710 0.070270
10 0.803110 0.320300 0.084370 0.068710
10 0.803110 0.456210 0.089040 0.056210
10 0.803110 0.732800 0.085920 0.081210
10 0.729690 0.589060 0.074980 0.057770
9 0.598400 0.324970 0.037490 0.045270
9 0.534360 0.324970 0.042160 0.042160
9 0.462490 0.323410 0.040600 0.046880
9 0.401560 0.318750 0.042160 0.043720
9 0.718750 0.251540 0.049990 0.049990
9 0.404670 0.517190 0.043720 0.040600
9 0.468710 0.574960 0.045270 0.042160
9 0.596840 0.584340 0.042160 0.040600
9 0.529690 0.645270 0.040600 0.042160
9 0.660930 0.648430 0.043720 0.042160
9 0.334360 0.253100 0.042160 0.046880
7 0.332800 0.581230 0.068710 0.051540
7 0.659370 0.517190 0.062490 0.053100
7 0.542180 0.245270 0.046880 0.079650
7 0.468710 0.245270 0.049990 0.078100
7 0.401560 0.653100 0.060930 0.060930
6 0.403110 0.590620 0.045270 0.043720
6 0.656210 0.253100 0.046880 0.060930
6 0.796840 0.240600 0.059330 0.062490
6 0.406230 0.253100 0.049990 0.059330
4 0.592170 0.451540 0.059330 0.056210
4 0.804670 0.589060 0.081210 0.049990
4 0.801560 0.656210 0.082760 0.062490
4 0.803110 0.389060 0.084370 0.057770
1 0.806230 0.520300 0.084370 0.053100
