3 0.282760 0.268710 0.045270 0.054660
3 0.349970 0.285920 0.045270 0.059330
3 0.418720 0.287480 0.048430 0.056210
3 0.487480 0.290590 0.042160 0.056210
3 0.598400 0.289040 0.046880 0.056210
3 0.667150 0.287480 0.051540 0.059330
3 0.735910 0.289040 0.056210 0.065600
3 0.278100 0.343740 0.051540 0.051540
3 0.343740 0.346850 0.051540 0.056210
3 0.412500 0.346850 0.051540 0.056210
3 0.474980 0.353120 0.049990 0.051540
3 0.535910 0.356240 0.043720 0.053100
3 0.270270 0.409340 0.048430 0.049990
3 0.342180 0.409340 0.046880 0.057770
3 0.406230 0.412500 0.048430 0.053100
3 0.543740 0.420280 0.045270 0.049990
3 0.604670 0.420280 0.049990 0.049990
3 0.665600 0.423440 0.051540 0.049990
3 0.737470 0.420280 0.060930 0.049990
3 0.274980 0.476540 0.048430 0.051540
3 0.343740 0.484370 0.048430 0.049990
3 0.401560 0.478100 0.051540 0.054660
3 0.474980 0.474980 0.048430 0.048430
3 0.542180 0.493710 0.045270 0.043720
3 0.606230 0.487480 0.049990 0.049990
3 0.667150 0.484370 0.051540 0.049990
3 0.734360 0.489040 0.059330 0.046880
3 0.264040 0.540630 0.057770 0.043720
3 0.399950 0.534360 0.045270 0.048430
3 0.462490 0.542180 0.046880 0.054660
3 0.729690 0.546850 0.060930 0.048430
3 0.337470 0.614050 0.054660 0.049990
3 0.468710 0.607780 0.043720 0.045270
3 0.532800 0.618720 0.049990 0.049990
3 0.595280 0.617170 0.049990 0.056210
3 0.662490 0.617170 0.057770 0.053100
3 0.257770 0.671870 0.051540 0.054660
3 0.390620 0.681210 0.042160 0.054660
3 0.464040 0.678100 0.049990 0.051540
3 0.532800 0.681210 0.048430 0.051540
3 0.659370 0.687480 0.048430 0.048430
3 0.320300 0.742180 0.046880 0.059330
3 0.382790 0.742180 0.043720 0.057770
3 0.734360 0.753120 0.059330 0.054660
