9 0.607780 0.281210 0.054660 0.064040
9 0.682760 0.284370 0.056210 0.057770
9 0.468710 0.212500 0.057770 0.060930
9 0.687480 0.514030 0.062490 0.060930
9 0.678100 0.592170 0.059330 0.071870
9 0.601560 0.659370 0.060930 0.082760
9 0.687480 0.754680 0.064040 0.071870
9 0.378120 0.651540 0.046880 0.060930
9 0.446880 0.584340 0.051540 0.064040
9 0.682760 0.370290 0.060930 0.068710
9 0.682760 0.676540 0.060930 0.064040
8 0.234380 0.290590 0.074980 0.073430
8 0.226550 0.364020 0.082760 0.070270
8 0.382790 0.365580 0.062490 0.065600
8 0.371850 0.517190 0.079650 0.070270
11 0.312470 0.281210 0.073430 0.082760
11 0.235930 0.443720 0.079650 0.064040
11 0.315590 0.439050 0.068710 0.068710
11 0.370290 0.743740 0.064040 0.060930
7 0.443720 0.284370 0.074980 0.090590
6 0.223440 0.584340 0.087480 0.067150
6 0.454660 0.440600 0.068710 0.081210
6 0.526530 0.367180 0.053100 0.071870
6 0.526530 0.592170 0.059330 0.064040
6 0.607780 0.515590 0.057770 0.062490
5 0.228110 0.215610 0.087480 0.062490
5 0.765580 0.348410 0.068710 0.074980
3 0.303090 0.200000 0.054660 0.059330
3 0.309360 0.362460 0.064040 0.062490
3 0.248430 0.503090 0.087480 0.062490
3 0.307800 0.667150 0.053100 0.068710
3 0.307800 0.742180 0.053100 0.062490
3 0.314030 0.584340 0.060930 0.064040
3 0.609340 0.357790 0.054660 0.054660
0 0.542180 0.196840 0.064040 0.074980
0 0.660930 0.189060 0.054660 0.081210
0 0.771850 0.765580 0.087480 0.093710
0 0.531240 0.512470 0.049990 0.062490
0 0.381230 0.200000 0.054660 0.074980
0 0.223440 0.671870 0.090590 0.070270
0 0.621840 0.442160 0.053100 0.059330
2 0.531240 0.751520 0.068710 0.073430
2 0.457770 0.671870 0.064040 0.070270
2 0.765580 0.437490 0.068710 0.070270
