10 0.420280 0.645270 0.067150 0.071870
10 0.257770 0.712470 0.092150 0.076540
10 0.418720 0.432780 0.064040 0.067150
10 0.620280 0.506250 0.064040 0.062490
10 0.710920 0.507800 0.074980 0.062490
10 0.709360 0.646830 0.079650 0.062490
10 0.771850 0.362460 0.089040 0.079650
7 0.409340 0.718750 0.074980 0.071870
7 0.340630 0.573400 0.082760 0.065600
7 0.353120 0.357790 0.074980 0.081210
7 0.424990 0.214050 0.060930 0.096860
7 0.709360 0.720300 0.081210 0.076540
6 0.696860 0.228110 0.068710 0.073430
6 0.559350 0.303090 0.056210 0.065600
6 0.296860 0.218720 0.074980 0.074980
6 0.284370 0.507800 0.076540 0.053100
4 0.554680 0.431220 0.057770 0.071870
4 0.492150 0.499980 0.059330 0.059330
4 0.554680 0.570290 0.056210 0.059330
4 0.796840 0.726530 0.087480 0.081210
1 0.635930 0.359350 0.067150 0.079650
