3 0.167180 0.393730 0.059330 0.071870
3 0.473430 0.396840 0.056210 0.067150
3 0.546850 0.382790 0.053100 0.070270
3 0.696860 0.385900 0.048430 0.067150
3 0.720300 0.449990 0.059330 0.067150
3 0.478100 0.456210 0.054660 0.065600
3 0.481210 0.518750 0.049990 0.068710
3 0.298420 0.615610 0.065600 0.076540
9 0.720300 0.528080 0.064040 0.068710
9 0.734360 0.600000 0.070270 0.081210
9 0.248430 0.393730 0.059330 0.082760
9 0.309360 0.398400 0.051540 0.074980
9 0.395280 0.459330 0.062490 0.076540
9 0.157790 0.462490 0.065600 0.078100
9 0.234380 0.462490 0.062490 0.081210
9 0.629660 0.384340 0.064040 0.081210
5 0.389060 0.390620 0.076540 0.085920
5 0.109360 0.617170 0.104650 0.095310
5 0.578120 0.600000 0.073430 0.081210
4 0.317190 0.442160 0.084370 0.114030
1 0.560910 0.435930 0.070270 0.121860
10 0.632780 0.434380 0.081210 0.121860
6 0.123410 0.531240 0.093710 0.090590
6 0.218720 0.532800 0.085920 0.085920
0 0.306250 0.532800 0.073430 0.081210
7 0.395280 0.512470 0.089040 0.115590
0 0.556240 0.520300 0.064040 0.089040
5 0.646830 0.512470 0.071870 0.092150
11 0.206230 0.614050 0.089040 0.087480
8 0.398400 0.606230 0.087480 0.098420
8 0.487480 0.606230 0.073430 0.093710
11 0.660930 0.604670 0.073430 0.089040
