11 0.262490 0.539020 0.085920 0.070270
11 0.200000 0.462490 0.074980 0.064040
11 0.276540 0.465600 0.074980 0.059330
11 0.785900 0.567180 0.074980 0.085920
9 0.601560 0.306250 0.062490 0.079650
9 0.685920 0.310920 0.059330 0.070270
9 0.682760 0.548410 0.073430 0.082760
9 0.676540 0.649990 0.062490 0.081210
9 0.590620 0.726530 0.062490 0.087480
9 0.589060 0.809340 0.065600 0.082760
9 0.448430 0.229660 0.060930 0.079650
9 0.349970 0.224990 0.074980 0.064040
9 0.417170 0.635930 0.057770 0.064040
9 0.676540 0.740580 0.054660 0.079650
9 0.182790 0.778120 0.079650 0.065600
8 0.187460 0.545300 0.060930 0.068710
8 0.182790 0.624990 0.093710 0.070270
8 0.187460 0.709360 0.089040 0.068710
8 0.596840 0.474980 0.070270 0.070270
7 0.185900 0.306250 0.120300 0.081210
6 0.423440 0.473430 0.071870 0.071870
6 0.682760 0.396840 0.079650 0.079650
6 0.596840 0.562460 0.070270 0.085920
6 0.501530 0.634380 0.068710 0.079650
6 0.201560 0.390620 0.107800 0.064040
5 0.204670 0.220280 0.090590 0.068710
5 0.434380 0.395280 0.073430 0.074980
3 0.287480 0.387460 0.067150 0.070270
3 0.603110 0.390620 0.064040 0.081210
3 0.432780 0.553080 0.067150 0.068710
3 0.282760 0.706250 0.079650 0.073430
3 0.276540 0.787460 0.074980 0.071870
3 0.762460 0.751520 0.074980 0.082760
3 0.354680 0.464040 0.049990 0.064040
2 0.520300 0.214050 0.073430 0.089040
2 0.424990 0.728080 0.078100 0.068710
2 0.670270 0.848430 0.060930 0.114030
0 0.351520 0.309360 0.081210 0.084370
0 0.515590 0.303090 0.056210 0.089040
0 0.509360 0.474980 0.057770 0.070270
0 0.356240 0.554680 0.071870 0.070270
0 0.498420 0.734360 0.053100 0.078100
0 0.765580 0.657770 0.084370 0.089040
0 0.771850 0.474980 0.078100 0.062490
