9 0.310920 0.162460 0.064040 0.081210
9 0.318750 0.231220 0.064040 0.079650
9 0.315590 0.301530 0.062490 0.076540
9 0.318750 0.379670 0.062490 0.074980
9 0.304650 0.456210 0.064040 0.074980
9 0.292150 0.553080 0.064040 0.071870
9 0.303090 0.640600 0.062490 0.070270
9 0.299980 0.734360 0.065600 0.067150
11 0.189060 0.737470 0.092150 0.092150
8 0.195280 0.637490 0.099980 0.087480
6 0.209340 0.540630 0.092150 0.099980
7 0.215610 0.443720 0.115590 0.129690
10 0.218720 0.368730 0.101530 0.117190
6 0.223440 0.284370 0.093710 0.109360
8 0.228110 0.220280 0.095310 0.101530
11 0.234380 0.149970 0.090590 0.106250
3 0.673430 0.189060 0.056210 0.078100
3 0.679650 0.256210 0.056210 0.076540
3 0.703090 0.328080 0.056210 0.074980
3 0.696860 0.393730 0.062490 0.076540
3 0.712470 0.471870 0.064040 0.074980
3 0.718750 0.549970 0.068710 0.076540
3 0.734360 0.637490 0.071870 0.073430
3 0.743740 0.721860 0.074980 0.071870
5 0.831220 0.718750 0.104650 0.096860
2 0.820280 0.632780 0.106250 0.098420
0 0.812500 0.549970 0.093710 0.101530
1 0.796840 0.453100 0.117190 0.135910
4 0.790620 0.384340 0.101530 0.120300
0 0.776520 0.318750 0.085920 0.109360
2 0.762460 0.254660 0.087480 0.103090
5 0.745300 0.184340 0.076540 0.103090
