2 0.303090 0.378120 0.074980 0.076540
2 0.621840 0.378120 0.076540 0.071870
2 0.465600 0.528080 0.068710 0.062490
0 0.310920 0.612500 0.076540 0.074980
0 0.471870 0.614050 0.062490 0.057770
0 0.624990 0.610890 0.074980 0.073430
0 0.709360 0.692150 0.074980 0.081210
0 0.803110 0.781230 0.082760 0.084370
0 0.212500 0.689040 0.079650 0.074980
0 0.204670 0.787460 0.096860 0.092150
3 0.396840 0.445270 0.062490 0.057770
3 0.459330 0.448430 0.056210 0.056210
3 0.546850 0.448430 0.057770 0.062490
3 0.551520 0.531240 0.056210 0.049990
3 0.548410 0.612500 0.056210 0.068710
3 0.390620 0.612500 0.057770 0.054660
3 0.390620 0.528080 0.062490 0.057770
5 0.231220 0.220280 0.087480 0.090590
5 0.776520 0.217170 0.099980 0.087480
