11 0.514030 0.542180 0.056210 0.059330
11 0.503090 0.474980 0.074980 0.049990
11 0.431220 0.264040 0.068710 0.074980
11 0.443720 0.615610 0.062490 0.070270
9 0.317190 0.681210 0.056210 0.056210
9 0.381230 0.674980 0.046880 0.062490
9 0.370290 0.546850 0.051540 0.049990
9 0.310920 0.548410 0.068710 0.056210
9 0.645270 0.534360 0.057770 0.054660
9 0.643720 0.392170 0.051540 0.054660
9 0.568730 0.335910 0.048430 0.056210
9 0.431220 0.403110 0.051540 0.048430
9 0.368730 0.407780 0.057770 0.048430
9 0.303090 0.410890 0.057770 0.051540
9 0.657770 0.754680 0.048430 0.068710
8 0.510920 0.754680 0.054660 0.076540
8 0.576520 0.539020 0.064040 0.049990
8 0.437490 0.340630 0.062490 0.062490
8 0.578120 0.253100 0.059330 0.081210
7 0.582790 0.756240 0.065600 0.090590
6 0.440600 0.746850 0.054660 0.067150
6 0.514030 0.682760 0.062490 0.051540
6 0.653100 0.473430 0.056210 0.049990
6 0.437490 0.481210 0.064040 0.057770
6 0.442160 0.549970 0.078100 0.060930
5 0.360910 0.271870 0.065600 0.071870
5 0.573400 0.609340 0.068710 0.060930
3 0.312470 0.748410 0.062490 0.060930
3 0.504650 0.614050 0.045270 0.059330
3 0.576520 0.404670 0.059330 0.056210
3 0.514030 0.348410 0.048430 0.051540
3 0.368730 0.340630 0.056210 0.046880
3 0.301530 0.351520 0.073430 0.053100
3 0.573400 0.470270 0.054660 0.053100
2 0.306250 0.481210 0.068710 0.049990
2 0.635930 0.324970 0.062490 0.060930
2 0.373400 0.479650 0.067150 0.056210
0 0.304650 0.617170 0.074980 0.057770
0 0.374960 0.751520 0.065600 0.092150
0 0.442160 0.684370 0.060930 0.067150
0 0.645270 0.681210 0.057770 0.064040
0 0.653100 0.615610 0.060930 0.057770
0 0.506250 0.259370 0.051540 0.076540
0 0.507800 0.403110 0.065600 0.064040
