4 0.215610 0.299980 0.073430 0.165580
1 0.210890 0.373400 0.073430 0.192170
5 0.156240 0.742180 0.076540 0.134360
5 0.262490 0.067150 0.045270 0.109360
0 0.246880 0.212500 0.046880 0.135910
0 0.289040 0.621840 0.062490 0.135910
3 0.342180 0.062490 0.042160 0.098420
3 0.324970 0.232780 0.040600 0.099980
3 0.335910 0.148410 0.040600 0.095310
3 0.289040 0.512470 0.051540 0.095310
3 0.301530 0.404670 0.042160 0.104650
3 0.353120 0.748410 0.046880 0.104650
3 0.381230 0.626550 0.051540 0.109360
3 0.485920 0.304650 0.045270 0.099980
2 0.412500 0.132800 0.051540 0.129690
2 0.557790 0.395280 0.056210 0.143740
10 0.817170 0.282760 0.062490 0.170290
7 0.831220 0.368730 0.064040 0.189060
6 0.810890 0.207780 0.046880 0.134360
6 0.845270 0.498420 0.054660 0.134360
8 0.640600 0.206230 0.049990 0.143740
8 0.837490 0.612500 0.067150 0.140580
11 0.746850 0.753120 0.059330 0.135910
11 0.798400 0.057770 0.045270 0.104650
9 0.721860 0.059330 0.037490 0.093710
9 0.720300 0.140580 0.040600 0.087480
9 0.723410 0.229660 0.037490 0.093710
9 0.726530 0.315590 0.045270 0.099980
9 0.728080 0.415610 0.046880 0.098420
9 0.739020 0.518750 0.046880 0.103090
9 0.739020 0.623440 0.049990 0.104650
9 0.551520 0.745300 0.051540 0.114030
