3 0.228110 0.243720 0.046880 0.060930
3 0.296860 0.259370 0.054660 0.060930
3 0.370290 0.257770 0.045270 0.059330
3 0.442160 0.271870 0.042160 0.056210
3 0.503090 0.262490 0.045270 0.064040
3 0.565620 0.268710 0.043720 0.057770
3 0.632780 0.268710 0.049990 0.060930
3 0.707800 0.265600 0.048430 0.049990
3 0.223440 0.320300 0.054660 0.056210
3 0.290590 0.315590 0.053100 0.056210
3 0.364020 0.320300 0.046880 0.059330
3 0.434380 0.328080 0.046880 0.057770
3 0.499980 0.329690 0.045270 0.059330
3 0.568730 0.329690 0.049990 0.049990
3 0.706250 0.326530 0.046880 0.059330
3 0.210890 0.384340 0.057770 0.054660
3 0.284370 0.379670 0.056210 0.056210
3 0.348410 0.385900 0.051540 0.054660
3 0.426550 0.384340 0.045270 0.057770
3 0.565620 0.396840 0.046880 0.053100
3 0.704650 0.404670 0.054660 0.048430
3 0.217170 0.459330 0.059330 0.049990
3 0.281210 0.456210 0.056210 0.053100
3 0.354680 0.457770 0.045270 0.048430
3 0.643720 0.470270 0.046880 0.056210
3 0.709360 0.464040 0.051540 0.059330
3 0.201560 0.523410 0.060930 0.046880
3 0.340630 0.532800 0.049990 0.046880
3 0.414050 0.515590 0.045270 0.043720
3 0.631220 0.531240 0.054660 0.049990
3 0.710920 0.537470 0.054660 0.046880
3 0.198400 0.592170 0.064040 0.045270
3 0.279650 0.589060 0.054660 0.049990
3 0.428110 0.598400 0.049990 0.053100
3 0.724970 0.598400 0.057770 0.053100
3 0.200000 0.660930 0.059330 0.056210
3 0.262490 0.681210 0.062490 0.045270
3 0.489040 0.673430 0.056210 0.053100
3 0.635930 0.656210 0.059330 0.049990
3 0.721860 0.678100 0.062490 0.056210
3 0.179670 0.740580 0.074980 0.051540
3 0.490590 0.742180 0.051540 0.054660
3 0.640600 0.748410 0.056210 0.057770
3 0.718750 0.746850 0.065600 0.053100
