7 0.237490 0.209340 0.093710 0.090590
7 0.542180 0.370290 0.060930 0.074980
7 0.689040 0.668710 0.087480 0.078100
7 0.387460 0.521860 0.068710 0.059330
7 0.462490 0.210890 0.065600 0.106250
9 0.532800 0.659370 0.056210 0.064040
9 0.604670 0.732800 0.049990 0.064040
9 0.679650 0.743740 0.060930 0.060930
9 0.535910 0.740580 0.051540 0.062490
9 0.462490 0.671870 0.057770 0.054660
9 0.387460 0.660930 0.056210 0.054660
9 0.324970 0.662490 0.053100 0.057770
9 0.381230 0.734360 0.051540 0.057770
9 0.464040 0.742180 0.049990 0.068710
9 0.245270 0.753120 0.057770 0.064040
4 0.390620 0.210890 0.071870 0.093710
4 0.695310 0.209340 0.079650 0.098420
4 0.231220 0.593730 0.093710 0.062490
4 0.314030 0.598400 0.076540 0.059330
1 0.232780 0.668710 0.087480 0.068710
10 0.310920 0.295310 0.079650 0.081210
10 0.395280 0.367180 0.071870 0.070270
10 0.610890 0.290590 0.070270 0.087480
10 0.545300 0.212500 0.065600 0.099980
10 0.543740 0.515590 0.062490 0.060930
10 0.615610 0.593730 0.070270 0.065600
10 0.765580 0.746850 0.093710 0.084370
6 0.245270 0.445270 0.068710 0.060930
6 0.465600 0.518750 0.053100 0.049990
6 0.462490 0.448430 0.057770 0.054660
6 0.776520 0.221840 0.070270 0.073430
9 0.320300 0.737470 0.053100 0.056210
