4 0.532800 0.396840 0.048430 0.067150
9 0.345300 0.642160 0.029660 0.045270
2 0.281210 0.653100 0.039050 0.042160
11 0.381230 0.649990 0.035930 0.039050
11 0.435930 0.643720 0.039050 0.043720
0 0.484370 0.640600 0.035930 0.040600
5 0.548410 0.629660 0.035930 0.043720
9 0.590620 0.635930 0.029660 0.031220
5 0.637490 0.637490 0.039050 0.042160
0 0.648430 0.587460 0.034380 0.042160
5 0.581230 0.584340 0.039050 0.040600
8 0.485920 0.593730 0.042160 0.037490
5 0.440600 0.593730 0.032780 0.042160
11 0.329690 0.585900 0.040600 0.042160
2 0.284370 0.596840 0.043720 0.043720
2 0.442160 0.357790 0.039050 0.046880
2 0.582790 0.353120 0.032780 0.049990
5 0.495310 0.531240 0.037490 0.043720
5 0.540630 0.495310 0.045270 0.043720
5 0.385900 0.398400 0.035930 0.043720
5 0.301530 0.318750 0.043720 0.048430
9 0.295310 0.403110 0.042160 0.039050
9 0.439050 0.414050 0.035930 0.034380
9 0.390620 0.542180 0.032780 0.035930
9 0.582790 0.489040 0.031220 0.039050
9 0.534360 0.357790 0.032780 0.034380
9 0.346850 0.318750 0.031220 0.040600
6 0.295310 0.445270 0.040600 0.046880
6 0.279650 0.542180 0.040600 0.042160
6 0.443720 0.312470 0.035930 0.046880
6 0.481210 0.309360 0.029660 0.053100
0 0.634380 0.449990 0.043720 0.043720
0 0.624990 0.356240 0.035930 0.057770
0 0.568730 0.314030 0.032780 0.046880
3 0.384340 0.360910 0.039050 0.034380
3 0.339020 0.495310 0.039050 0.031220
3 0.385900 0.445270 0.037490 0.029660
0 0.584340 0.396840 0.031220 0.046880
8 0.301530 0.349970 0.039050 0.051540
8 0.637490 0.485920 0.042160 0.051540
8 0.437490 0.446880 0.039050 0.045270
8 0.337470 0.445270 0.035930 0.049990
7 0.387460 0.303090 0.042160 0.065600
7 0.334360 0.535910 0.053100 0.056210
10 0.343740 0.393730 0.043720 0.065600
10 0.520300 0.306250 0.040600 0.060930
10 0.440600 0.537470 0.046880 0.054660
11 0.482760 0.399950 0.039050 0.046880
11 0.592170 0.443720 0.035930 0.043720
1 0.389060 0.482760 0.042160 0.059330
1 0.439050 0.485920 0.037490 0.056210
1 0.543740 0.531240 0.040600 0.056210
4 0.489040 0.485920 0.042160 0.056210
4 0.485920 0.435930 0.045270 0.057770
