3 0.496860 0.231220 0.051540 0.070270
3 0.564020 0.323410 0.048430 0.051540
3 0.712470 0.234380 0.060930 0.056210
3 0.793730 0.318750 0.062490 0.049990
3 0.712470 0.674980 0.064040 0.062490
3 0.724970 0.760910 0.060930 0.062490
3 0.581230 0.667150 0.043720 0.062490
3 0.431220 0.684370 0.049990 0.059330
3 0.374960 0.754680 0.043720 0.068710
3 0.495310 0.464040 0.049990 0.043720
3 0.574960 0.465600 0.049990 0.046880
3 0.570290 0.539020 0.049990 0.048430
3 0.499980 0.535910 0.048430 0.049990
3 0.429660 0.464040 0.046880 0.056210
3 0.270270 0.464040 0.065600 0.045270
4 0.353120 0.542180 0.082760 0.068710
5 0.512470 0.682760 0.053100 0.076540
5 0.796840 0.462490 0.076540 0.068710
2 0.362460 0.387460 0.074980 0.056210
2 0.724970 0.606230 0.089040 0.056210
2 0.723410 0.534360 0.078100 0.056210
2 0.645270 0.460930 0.059330 0.060930
8 0.653100 0.318750 0.074980 0.068710
8 0.643720 0.762460 0.070270 0.078100
