11 0.545300 0.657770 0.060930 0.074980
11 0.109360 0.640600 0.089040 0.087480
10 0.317190 0.878100 0.104650 0.106250
6 0.462490 0.448430 0.074980 0.070270
6 0.332800 0.767180 0.082760 0.082760
7 0.092150 0.765580 0.131240 0.106250
8 0.556240 0.779670 0.071870 0.099980
8 0.446880 0.754680 0.082760 0.087480
8 0.673430 0.584340 0.076540 0.070270
8 0.200000 0.860930 0.084370 0.106250
9 0.335910 0.534360 0.059330 0.060930
9 0.542180 0.867150 0.059330 0.076540
3 0.137470 0.526530 0.060930 0.070270
3 0.109360 0.856210 0.076540 0.074980
2 0.431220 0.885920 0.057770 0.109360
2 0.649990 0.890590 0.065600 0.106250
0 0.245270 0.554680 0.085920 0.064040
1 0.331240 0.653100 0.099980 0.082760
4 0.212500 0.634380 0.110920 0.081210
4 0.229660 0.773400 0.107800 0.103090
5 0.637490 0.667150 0.070270 0.074980
5 0.639050 0.768730 0.060930 0.084370
7 0.448430 0.662490 0.081210 0.087480
10 0.457770 0.554680 0.074980 0.073430
1 0.549970 0.567180 0.068710 0.074980
