9 0.262490 0.810890 0.062490 0.065600
9 0.281210 0.707800 0.056210 0.065600
9 0.293710 0.618720 0.053100 0.065600
9 0.384340 0.476540 0.043720 0.068710
9 0.320300 0.353120 0.043720 0.065600
9 0.328080 0.298420 0.043720 0.068710
9 0.146850 0.315590 0.053100 0.067150
9 0.157790 0.268710 0.049990 0.065600
10 0.462490 0.281210 0.053100 0.103090
11 0.174960 0.806230 0.085920 0.085920
8 0.181230 0.715590 0.090590 0.078100
6 0.206230 0.621840 0.074980 0.087480
7 0.215610 0.532800 0.087480 0.114030
6 0.240600 0.403110 0.064040 0.090590
8 0.245270 0.356240 0.068710 0.081210
11 0.259370 0.287480 0.059330 0.084370
3 0.553080 0.803110 0.053100 0.068710
3 0.543740 0.479650 0.043720 0.067150
3 0.706250 0.620280 0.051540 0.067150
3 0.712470 0.715590 0.053100 0.065600
3 0.695310 0.542180 0.049990 0.071870
3 0.662490 0.346850 0.043720 0.068710
3 0.662490 0.290590 0.040600 0.068710
3 0.834330 0.259370 0.049990 0.070270
2 0.851540 0.296860 0.073430 0.085920
2 0.615610 0.471870 0.062490 0.084370
0 0.459330 0.709360 0.060930 0.087480
0 0.790620 0.612500 0.073430 0.096860
5 0.826550 0.798400 0.084370 0.090590
5 0.731240 0.284370 0.056210 0.087480
1 0.778120 0.524970 0.084370 0.118750
4 0.768730 0.459330 0.073430 0.103090
