0 0.715590 0.674980 0.062490 0.070270
0 0.793730 0.765580 0.074980 0.081210
1 0.454660 0.271870 0.073430 0.093710
1 0.545300 0.181230 0.074980 0.107800
1 0.809340 0.271870 0.096860 0.092150
2 0.707800 0.179670 0.073430 0.089040
2 0.710920 0.512470 0.076540 0.064040
2 0.796840 0.587460 0.095310 0.065600
2 0.629660 0.600000 0.074980 0.068710
2 0.806230 0.434380 0.084370 0.059330
3 0.468710 0.365580 0.067150 0.054660
3 0.551520 0.435930 0.053100 0.049990
3 0.546850 0.526530 0.054660 0.051540
3 0.471870 0.601560 0.056210 0.056210
3 0.631220 0.687480 0.057770 0.059330
3 0.634380 0.360910 0.054660 0.059330
3 0.631220 0.284370 0.056210 0.059330
4 0.721860 0.353120 0.085920 0.070270
5 0.545300 0.359350 0.062490 0.068710
5 0.632780 0.442160 0.064040 0.060930
