3 0.453100 0.432780 0.065600 0.062490
3 0.610890 0.432780 0.070270 0.057770
3 0.545300 0.504650 0.059330 0.059330
3 0.618720 0.592170 0.067150 0.059330
3 0.462490 0.600000 0.057770 0.057770
3 0.301530 0.606230 0.070270 0.059330
3 0.293710 0.442160 0.064040 0.057770
0 0.364020 0.357790 0.081210 0.073430
0 0.389060 0.698420 0.067150 0.078100
2 0.446880 0.267150 0.073430 0.079650
2 0.531240 0.260930 0.073430 0.065600
2 0.554680 0.745300 0.074980 0.084370
2 0.473430 0.759350 0.068710 0.078100
4 0.189060 0.523410 0.110920 0.067150
1 0.693710 0.340630 0.103090 0.089040
1 0.792170 0.418720 0.115590 0.064040
1 0.806230 0.517190 0.114030 0.084370
1 0.721860 0.596840 0.110920 0.085920
5 0.617170 0.264040 0.074980 0.081210
5 0.637490 0.676540 0.087480 0.081210
