11 0.465600 0.499980 0.064040 0.060930
11 0.378120 0.428110 0.060930 0.056210
11 0.390620 0.362460 0.051540 0.060930
11 0.668710 0.499980 0.067150 0.056210
9 0.401560 0.703090 0.048430 0.056210
9 0.528080 0.720300 0.062490 0.057770
9 0.467150 0.640600 0.054660 0.049990
9 0.598400 0.421840 0.043720 0.054660
9 0.590620 0.357790 0.045270 0.062490
9 0.590620 0.287480 0.051540 0.068710
9 0.453100 0.296860 0.043720 0.062490
9 0.320300 0.299980 0.056210 0.062490
9 0.323410 0.362460 0.064040 0.054660
9 0.451540 0.353120 0.057770 0.054660
9 0.239050 0.639050 0.078100 0.053100
8 0.234380 0.499980 0.084370 0.062490
8 0.306250 0.571850 0.068710 0.062490
8 0.457770 0.571850 0.070270 0.067150
8 0.665600 0.424990 0.059330 0.065600
7 0.223440 0.789060 0.098420 0.096860
6 0.309360 0.498420 0.074980 0.048430
6 0.251540 0.423440 0.074980 0.067150
6 0.521860 0.421840 0.057770 0.067150
6 0.449990 0.429660 0.068710 0.065600
6 0.737470 0.424990 0.081210 0.070270
5 0.381230 0.567180 0.076540 0.056210
5 0.598400 0.712470 0.068710 0.065600
3 0.593730 0.565620 0.071870 0.060930
3 0.520300 0.574960 0.071870 0.056210
3 0.528080 0.501530 0.059330 0.057770
3 0.393730 0.501530 0.068710 0.067150
3 0.660930 0.353120 0.051540 0.071870
3 0.657770 0.285920 0.048430 0.068710
3 0.249990 0.287480 0.064040 0.068710
2 0.528080 0.359350 0.064040 0.059330
2 0.520300 0.284370 0.065600 0.081210
2 0.737470 0.285920 0.068710 0.081210
0 0.309360 0.631220 0.068710 0.062490
0 0.378120 0.639050 0.062490 0.062490
0 0.240600 0.349970 0.082760 0.068710
0 0.381230 0.282760 0.064040 0.074980
0 0.746850 0.798400 0.076540 0.071870
0 0.596840 0.498420 0.065600 0.062490
0 0.312470 0.420280 0.067150 0.064040
