7 0.249990 0.249990 0.071870 0.071870
7 0.246880 0.637490 0.074980 0.057770
7 0.695310 0.379670 0.068710 0.065600
7 0.707800 0.698420 0.074980 0.065600
7 0.446880 0.451540 0.056210 0.060930
9 0.371850 0.257770 0.046880 0.062490
9 0.503090 0.259370 0.045270 0.064040
9 0.379670 0.331240 0.056210 0.053100
9 0.448430 0.328080 0.053100 0.048430
9 0.323410 0.389060 0.048430 0.043720
9 0.446880 0.389060 0.046880 0.043720
9 0.509360 0.387460 0.043720 0.049990
9 0.621840 0.390620 0.051540 0.049990
9 0.570290 0.451540 0.046880 0.051540
9 0.506250 0.573400 0.046880 0.049990
9 0.568730 0.634380 0.049990 0.049990
6 0.564020 0.323410 0.049990 0.059330
6 0.443720 0.574960 0.053100 0.054660
6 0.509360 0.632780 0.048430 0.049990
6 0.570290 0.699980 0.053100 0.054660
10 0.256210 0.376520 0.071870 0.062490
10 0.242160 0.504650 0.068710 0.056210
10 0.249990 0.574960 0.073430 0.051540
10 0.703090 0.257770 0.070270 0.078100
10 0.703090 0.451540 0.074980 0.056210
10 0.704650 0.570290 0.078100 0.051540
10 0.707800 0.631220 0.079650 0.051540
4 0.249990 0.309360 0.067150 0.068710
4 0.249990 0.442160 0.074980 0.059330
4 0.709360 0.510920 0.093710 0.051540
4 0.695310 0.321860 0.074980 0.074980
1 0.240600 0.718750 0.076540 0.071870
