1 0.703090 0.243720 0.079650 0.104650
4 0.207780 0.729690 0.089040 0.098420
4 0.299980 0.732800 0.076540 0.089040
4 0.382790 0.734360 0.078100 0.098420
4 0.467150 0.726530 0.074980 0.096860
6 0.231220 0.329690 0.078100 0.071870
6 0.314030 0.253100 0.068710 0.073430
6 0.467150 0.248430 0.064040 0.073430
6 0.623440 0.251540 0.062490 0.078100
7 0.207780 0.165580 0.106250 0.110920
7 0.298420 0.160910 0.095310 0.112470
7 0.381230 0.164020 0.081210 0.110920
7 0.470270 0.156240 0.078100 0.101530
7 0.545300 0.168730 0.068710 0.114030
10 0.790620 0.157790 0.084370 0.087480
10 0.795280 0.239050 0.101530 0.073430
10 0.784340 0.328080 0.099980 0.089040
10 0.781230 0.406230 0.096860 0.076540
10 0.707800 0.731240 0.090590 0.098420
10 0.623440 0.732800 0.081210 0.099980
10 0.540630 0.732800 0.068710 0.101530
