6 0.489040 0.382790 0.065600 0.064040
6 0.420280 0.460930 0.071870 0.073430
6 0.493710 0.609340 0.062490 0.062490
6 0.562460 0.526530 0.070270 0.074980
6 0.781230 0.387460 0.087480 0.070270
8 0.637490 0.448430 0.085920 0.068710
8 0.634380 0.603110 0.064040 0.074980
8 0.784340 0.600000 0.090590 0.071870
8 0.785900 0.676540 0.085920 0.056210
7 0.576520 0.685920 0.081210 0.074980
9 0.331240 0.229660 0.071870 0.064040
9 0.335910 0.299980 0.048430 0.068710
9 0.334360 0.384340 0.062490 0.062490
9 0.329690 0.462490 0.060930 0.071870
9 0.342180 0.609340 0.057770 0.068710
9 0.339020 0.692150 0.056210 0.064040
9 0.420280 0.684370 0.053100 0.073430
9 0.404670 0.309360 0.045270 0.067150
9 0.631220 0.320300 0.045270 0.070270
9 0.564020 0.385900 0.049990 0.060930
9 0.560910 0.762460 0.060930 0.068710
11 0.632780 0.234380 0.074980 0.068710
11 0.784340 0.520300 0.093710 0.071870
11 0.701530 0.521860 0.070270 0.068710
11 0.704650 0.674980 0.068710 0.074980
0 0.245270 0.214050 0.074980 0.098420
0 0.365580 0.787460 0.065600 0.079650
0 0.485920 0.774960 0.062490 0.067150
0 0.637490 0.770290 0.065600 0.074980
0 0.781230 0.306250 0.078100 0.056210
0 0.406230 0.539020 0.060930 0.068710
0 0.495310 0.459330 0.062490 0.073430
2 0.257770 0.539020 0.085920 0.074980
2 0.481210 0.224990 0.070270 0.101530
2 0.557790 0.310920 0.062490 0.057770
5 0.259370 0.631220 0.071870 0.079650
5 0.793730 0.748410 0.081210 0.070270
3 0.412500 0.609340 0.059330 0.060930
3 0.696860 0.232780 0.043720 0.057770
3 0.703090 0.309360 0.056210 0.064040
3 0.701530 0.390620 0.054660 0.064040
3 0.704650 0.600000 0.067150 0.071870
3 0.714030 0.756240 0.064040 0.071870
3 0.778120 0.456210 0.071870 0.053100
