11 0.306250 0.495310 0.048430 0.051540
11 0.296860 0.562460 0.048430 0.056210
7 0.279650 0.637490 0.056210 0.060930
8 0.393730 0.578120 0.045270 0.053100
8 0.434380 0.649990 0.045270 0.053100
9 0.399950 0.251540 0.039050 0.051540
9 0.392170 0.312470 0.039050 0.051540
9 0.468710 0.453100 0.035930 0.045270
9 0.434380 0.393730 0.037490 0.046880
9 0.401560 0.517190 0.037490 0.045270
9 0.349970 0.570290 0.037490 0.046880
9 0.384340 0.651540 0.039050 0.048430
9 0.321860 0.707800 0.040600 0.049990
6 0.335910 0.637490 0.042160 0.049990
6 0.381230 0.384340 0.045270 0.054660
10 0.343740 0.503090 0.056210 0.056210
3 0.642160 0.293710 0.040600 0.053100
3 0.574960 0.349970 0.039050 0.049990
3 0.562460 0.415610 0.039050 0.048430
0 0.629660 0.360910 0.046880 0.059330
3 0.515590 0.470270 0.037490 0.046880
3 0.503090 0.532800 0.037490 0.046880
3 0.534360 0.596840 0.037490 0.046880
3 0.535910 0.662490 0.040600 0.048430
3 0.567180 0.724970 0.039050 0.048430
2 0.604670 0.545300 0.049990 0.053100
2 0.549970 0.540630 0.048430 0.053100
5 0.590620 0.606230 0.045270 0.053100
5 0.640600 0.615610 0.051540 0.053100
1 0.628110 0.689040 0.056210 0.070270
0 0.582790 0.678100 0.045270 0.054660
4 0.659370 0.499980 0.057770 0.057770
