5 0.381230 0.532800 0.076540 0.078100
5 0.456210 0.454660 0.060930 0.068710
3 0.296860 0.760910 0.067150 0.071870
3 0.382790 0.757790 0.054660 0.065600
3 0.453100 0.748410 0.056210 0.070270
3 0.529690 0.756240 0.049990 0.071870
3 0.604670 0.749970 0.051540 0.068710
3 0.665600 0.754680 0.074980 0.071870
3 0.743740 0.745300 0.064040 0.071870
2 0.528080 0.392170 0.060930 0.074980
2 0.609340 0.321860 0.064040 0.065600
2 0.737470 0.264040 0.082760 0.076540
0 0.312470 0.221840 0.064040 0.095310
0 0.317190 0.306250 0.068710 0.078100
0 0.304650 0.364020 0.054660 0.073430
0 0.312470 0.451540 0.054660 0.057770
0 0.303090 0.534360 0.068710 0.060930
0 0.296860 0.600000 0.064040 0.062490
0 0.304650 0.681210 0.067150 0.074980
