11 0.393730 0.270270 0.073430 0.082760
11 0.784340 0.626550 0.071870 0.059330
11 0.557790 0.699980 0.060930 0.074980
11 0.331240 0.567180 0.064040 0.057770
9 0.264040 0.421840 0.062490 0.049990
9 0.407780 0.357790 0.065600 0.057770
9 0.543740 0.353120 0.068710 0.056210
9 0.610890 0.351520 0.060930 0.053100
9 0.754680 0.342180 0.056210 0.057770
9 0.764020 0.554680 0.070270 0.054660
9 0.699980 0.776520 0.059330 0.059330
9 0.276540 0.696860 0.071870 0.065600
9 0.345300 0.695310 0.064040 0.062490
9 0.271870 0.623440 0.064040 0.057770
9 0.610890 0.273430 0.049990 0.064040
8 0.332800 0.345300 0.068710 0.076540
8 0.685920 0.257770 0.060930 0.071870
8 0.753120 0.256210 0.065600 0.071870
8 0.337470 0.421840 0.074980 0.071870
7 0.540630 0.487480 0.071870 0.073430
6 0.340630 0.624990 0.065600 0.068710
6 0.407780 0.695310 0.053100 0.070270
6 0.782790 0.699980 0.068710 0.062490
6 0.401560 0.768730 0.071870 0.067150
6 0.331240 0.487480 0.076540 0.049990
5 0.699980 0.706250 0.073430 0.065600
5 0.482760 0.770290 0.059330 0.081210
3 0.265600 0.354680 0.059330 0.049990
3 0.476540 0.348410 0.056210 0.057770
3 0.693710 0.337470 0.046880 0.059330
3 0.693710 0.628110 0.064040 0.059330
3 0.617170 0.701530 0.059330 0.062490
3 0.270270 0.764020 0.067150 0.065600
3 0.273430 0.481210 0.062490 0.056210
2 0.265600 0.274980 0.073430 0.070270
2 0.767180 0.393730 0.065600 0.057770
2 0.757790 0.478100 0.064040 0.059330
0 0.465600 0.271870 0.057770 0.081210
0 0.546850 0.278100 0.054660 0.068710
0 0.259370 0.557790 0.070270 0.060930
0 0.337470 0.776520 0.065600 0.084370
0 0.624990 0.776520 0.057770 0.071870
0 0.479650 0.703090 0.062490 0.070270
0 0.546850 0.773400 0.067150 0.085920
