3 0.245270 0.246880 0.053100 0.059330
3 0.315590 0.260930 0.049990 0.060930
3 0.385900 0.256210 0.049990 0.057770
3 0.462490 0.268710 0.045270 0.060930
3 0.521860 0.256210 0.046880 0.056210
3 0.589060 0.256210 0.046880 0.060930
3 0.657770 0.256210 0.049990 0.065600
3 0.734360 0.254660 0.051540 0.053100
3 0.734360 0.315590 0.051540 0.056210
3 0.651540 0.321860 0.046880 0.053100
3 0.592170 0.329690 0.048430 0.048430
3 0.309360 0.323410 0.051540 0.056210
3 0.240600 0.324970 0.057770 0.051540
3 0.234380 0.390620 0.049990 0.051540
3 0.307800 0.384340 0.056210 0.049990
3 0.370290 0.389060 0.046880 0.046880
3 0.585900 0.393730 0.043720 0.054660
3 0.660930 0.396840 0.053100 0.053100
3 0.737470 0.395280 0.057770 0.049990
3 0.734360 0.459330 0.051540 0.051540
3 0.659370 0.454660 0.053100 0.049990
3 0.585900 0.453100 0.046880 0.049990
3 0.379670 0.460930 0.056210 0.048430
3 0.307800 0.465600 0.056210 0.049990
3 0.242160 0.465600 0.051540 0.048430
3 0.229660 0.529690 0.059330 0.042160
3 0.298420 0.531240 0.056210 0.040600
3 0.524970 0.532800 0.048430 0.046880
3 0.592170 0.535910 0.049990 0.049990
3 0.737470 0.528080 0.059330 0.049990
3 0.660930 0.600000 0.049990 0.049990
3 0.734360 0.596840 0.057770 0.045270
3 0.446880 0.606230 0.049990 0.059330
3 0.379670 0.603110 0.046880 0.046880
3 0.298420 0.593730 0.056210 0.045270
3 0.228110 0.593730 0.057770 0.045270
3 0.234380 0.659370 0.062490 0.048430
3 0.373400 0.678100 0.049990 0.060930
3 0.745300 0.673430 0.067150 0.053100
3 0.745300 0.753120 0.064040 0.062490
3 0.660930 0.746850 0.057770 0.057770
3 0.520300 0.742180 0.051540 0.053100
3 0.306250 0.751520 0.056210 0.053100
3 0.221840 0.751520 0.060930 0.049990
