10 0.290590 0.843720 0.103090 0.090590
7 0.089040 0.746850 0.115590 0.106250
7 0.407780 0.651540 0.073430 0.081210
8 0.606230 0.585900 0.068710 0.078100
8 0.501530 0.756240 0.065600 0.092150
8 0.409340 0.737470 0.067150 0.059330
8 0.185900 0.829660 0.078100 0.085920
9 0.299980 0.543740 0.046880 0.068710
6 0.304650 0.743740 0.067150 0.067150
6 0.420280 0.460930 0.053100 0.057770
11 0.099980 0.632780 0.085920 0.074980
11 0.493710 0.648430 0.059330 0.062490
9 0.492150 0.832780 0.057770 0.057770
5 0.578120 0.745300 0.060930 0.073430
5 0.579670 0.653100 0.054660 0.065600
3 0.128080 0.529690 0.062490 0.057770
3 0.103090 0.821840 0.068710 0.060930
2 0.390620 0.848430 0.049990 0.093710
2 0.584340 0.857770 0.060930 0.087480
1 0.501530 0.567180 0.059330 0.071870
1 0.299980 0.642160 0.081210 0.076540
0 0.221840 0.554680 0.073430 0.049990
4 0.198400 0.626550 0.099980 0.082760
4 0.206230 0.748410 0.090590 0.092150
10 0.410890 0.556240 0.078100 0.067150
