5 0.428110 0.231220 0.068710 0.078100
5 0.667150 0.301530 0.070270 0.079650
5 0.823440 0.384340 0.087480 0.070270
5 0.504650 0.465600 0.057770 0.054660
5 0.348410 0.459330 0.071870 0.062490
5 0.428110 0.553080 0.067150 0.060930
5 0.518750 0.689040 0.054660 0.067150
5 0.435930 0.693710 0.065600 0.068710
5 0.274980 0.703090 0.081210 0.078100
5 0.748410 0.624990 0.081210 0.068710
11 0.268710 0.239050 0.079650 0.071870
11 0.346850 0.310920 0.071870 0.060930
11 0.578120 0.301530 0.065600 0.071870
11 0.512470 0.385900 0.059330 0.062490
11 0.268710 0.396840 0.079650 0.059330
11 0.274980 0.467150 0.084370 0.054660
11 0.667150 0.465600 0.070270 0.056210
11 0.589060 0.542180 0.057770 0.051540
11 0.665600 0.615610 0.065600 0.060930
11 0.271870 0.548410 0.081210 0.060930
11 0.671870 0.699980 0.065600 0.073430
5 0.746850 0.779670 0.079650 0.074980
