11 0.493710 0.478100 0.071870 0.068710
11 0.795280 0.559350 0.073430 0.060930
11 0.712470 0.553080 0.057770 0.054660
11 0.732800 0.482760 0.056210 0.057770
9 0.335910 0.242160 0.056210 0.078100
9 0.343740 0.318750 0.082760 0.073430
9 0.499980 0.246880 0.065600 0.073430
9 0.496860 0.314030 0.062490 0.057770
9 0.653100 0.251540 0.062490 0.070270
9 0.648430 0.331240 0.065600 0.060930
9 0.493710 0.623440 0.060930 0.071870
9 0.410890 0.632780 0.057770 0.065600
9 0.328080 0.804670 0.062490 0.068710
9 0.490590 0.796840 0.074980 0.074980
9 0.646830 0.784340 0.073430 0.078100
8 0.421840 0.539020 0.071870 0.064040
8 0.571850 0.635930 0.068710 0.070270
8 0.421840 0.703090 0.068710 0.074980
8 0.798400 0.482760 0.056210 0.073430
7 0.653100 0.473430 0.085920 0.064040
6 0.418720 0.392170 0.065600 0.062490
6 0.574960 0.396840 0.070270 0.070270
6 0.574960 0.548410 0.068710 0.053100
6 0.492150 0.559350 0.064040 0.062490
6 0.790620 0.632780 0.087480 0.049990
5 0.335910 0.726530 0.064040 0.065600
5 0.643720 0.698420 0.067150 0.070270
3 0.410890 0.790620 0.060930 0.079650
3 0.649990 0.546850 0.054660 0.062490
3 0.570290 0.470270 0.053100 0.064040
3 0.721860 0.332800 0.062490 0.068710
3 0.712470 0.621840 0.051540 0.060930
3 0.328080 0.471870 0.074980 0.060930
3 0.717190 0.257770 0.062490 0.068710
0 0.337470 0.549970 0.068710 0.071870
0 0.337470 0.631220 0.059330 0.074980
0 0.503090 0.709360 0.067150 0.065600
0 0.653100 0.403110 0.074980 0.056210
0 0.724970 0.701530 0.074980 0.065600
0 0.412500 0.481210 0.049990 0.056210
0 0.653100 0.623440 0.071870 0.064040
2 0.579670 0.246880 0.076540 0.089040
2 0.576520 0.329690 0.081210 0.070270
2 0.498420 0.393730 0.074980 0.073430
