10 0.631220 0.695310 0.084370 0.081210
10 0.720300 0.693710 0.104650 0.082760
10 0.624990 0.592170 0.084370 0.082760
10 0.434380 0.421840 0.090590 0.095310
10 0.709360 0.231220 0.089040 0.096860
10 0.517190 0.135910 0.090590 0.128080
10 0.699980 0.131240 0.095310 0.120300
10 0.143740 0.232780 0.123410 0.106250
10 0.235930 0.410890 0.104650 0.098420
7 0.532800 0.601560 0.084370 0.076540
7 0.246880 0.609340 0.101530 0.085920
7 0.248430 0.703090 0.104650 0.109360
7 0.339020 0.417170 0.082760 0.085920
7 0.440600 0.510920 0.090590 0.090590
7 0.521860 0.420280 0.104650 0.096860
7 0.607780 0.221840 0.089040 0.106250
7 0.706250 0.510920 0.098420 0.082760
4 0.156240 0.321860 0.120300 0.096860
4 0.243720 0.518750 0.104650 0.085920
4 0.342180 0.514030 0.078100 0.079650
4 0.432780 0.323410 0.085920 0.090590
4 0.801560 0.407780 0.114030 0.087480
1 0.248430 0.139020 0.110920 0.129690
1 0.149970 0.604670 0.110920 0.082760
1 0.440600 0.606230 0.087480 0.084370
1 0.440600 0.701530 0.093710 0.095310
1 0.251540 0.796840 0.104650 0.110920
1 0.439050 0.801560 0.089040 0.106250
1 0.821840 0.793730 0.120300 0.109360
1 0.618720 0.409340 0.098420 0.099980
1 0.621840 0.320300 0.084370 0.098420
