9 0.573400 0.396840 0.037490 0.029660
9 0.614050 0.390620 0.029660 0.031220
9 0.662490 0.392170 0.040600 0.032780
9 0.617170 0.440600 0.034380 0.031220
9 0.534360 0.445270 0.037490 0.034380
9 0.576520 0.489040 0.034380 0.028110
9 0.618720 0.479650 0.035930 0.035930
9 0.667150 0.487480 0.031220 0.026550
9 0.573400 0.529690 0.031220 0.028110
9 0.539020 0.529690 0.028110 0.028110
9 0.579670 0.570290 0.029660 0.028110
9 0.529690 0.574960 0.029660 0.023440
9 0.620280 0.574960 0.031220 0.028110
9 0.665600 0.567180 0.039050 0.031220
6 0.532800 0.399950 0.035930 0.034380
6 0.662490 0.442160 0.035930 0.031220
6 0.535910 0.487480 0.035930 0.035930
6 0.576520 0.442160 0.039050 0.031220
6 0.660930 0.534360 0.034380 0.029660
6 0.621840 0.524970 0.035930 0.035930
3 0.487480 0.399950 0.032780 0.031220
3 0.487480 0.487480 0.031220 0.029660
3 0.490590 0.524970 0.029660 0.034380
3 0.492150 0.565620 0.031220 0.031220
3 0.449990 0.523410 0.031220 0.029660
3 0.415610 0.528080 0.029660 0.024990
3 0.454660 0.484370 0.032780 0.028110
3 0.448430 0.440600 0.032780 0.024990
3 0.453100 0.403110 0.031220 0.032780
3 0.409340 0.401560 0.032780 0.031220
3 0.374960 0.443720 0.032780 0.026550
3 0.370290 0.524970 0.029660 0.024990
3 0.371850 0.571850 0.029660 0.028110
3 0.414050 0.490590 0.031220 0.031220
0 0.406230 0.567180 0.037490 0.029660
0 0.449990 0.570290 0.040600 0.031220
0 0.490590 0.440600 0.035930 0.032780
0 0.365580 0.403110 0.042160 0.031220
0 0.371850 0.481210 0.042160 0.032780
0 0.403110 0.443720 0.039050 0.037490
