5 0.399950 0.515590 0.084370 0.071870
5 0.473430 0.442160 0.074980 0.068710
3 0.318750 0.739020 0.062490 0.067150
3 0.399950 0.737470 0.062490 0.070270
3 0.465600 0.737470 0.071870 0.065600
3 0.543740 0.739020 0.064040 0.059330
3 0.612500 0.742180 0.060930 0.073430
3 0.695310 0.753120 0.065600 0.068710
3 0.756240 0.740580 0.079650 0.059330
2 0.760910 0.239050 0.084370 0.076540
2 0.618720 0.304650 0.068710 0.070270
2 0.542180 0.374960 0.060930 0.071870
0 0.324970 0.207780 0.068710 0.087480
0 0.332800 0.304650 0.068710 0.071870
0 0.321860 0.362460 0.057770 0.073430
0 0.331240 0.435930 0.070270 0.056210
0 0.320300 0.518750 0.054660 0.067150
0 0.318750 0.582790 0.068710 0.060930
0 0.326530 0.667150 0.065600 0.084370
