5 0.787460 0.576520 0.093710 0.059330
5 0.798400 0.654660 0.107800 0.068710
0 0.467150 0.287480 0.068710 0.073430
0 0.621840 0.290590 0.067150 0.076540
1 0.567180 0.751520 0.082760 0.101530
1 0.646830 0.746850 0.087480 0.104650
1 0.729690 0.737470 0.092150 0.090590
1 0.806230 0.745300 0.101530 0.099980
2 0.246880 0.214050 0.073430 0.079650
2 0.396840 0.215610 0.070270 0.090590
2 0.545300 0.214050 0.073430 0.085920
2 0.696860 0.221840 0.070270 0.087480
3 0.321860 0.371850 0.062490 0.068710
3 0.396840 0.374960 0.057770 0.060930
3 0.478100 0.374960 0.056210 0.059330
3 0.554680 0.368730 0.054660 0.051540
3 0.631220 0.371850 0.062490 0.062490
3 0.701530 0.368730 0.054660 0.068710
3 0.773400 0.357790 0.068710 0.059330
4 0.484370 0.756240 0.074980 0.093710
