11 0.528080 0.254660 0.070270 0.074980
11 0.200000 0.418720 0.074980 0.067150
11 0.445270 0.798400 0.065600 0.076540
11 0.292150 0.720300 0.067150 0.071870
9 0.296860 0.342180 0.068710 0.065600
9 0.378120 0.340630 0.060930 0.059330
9 0.524970 0.335910 0.051540 0.062490
9 0.609340 0.343740 0.070270 0.068710
9 0.685920 0.346850 0.054660 0.070270
9 0.678100 0.421840 0.054660 0.060930
9 0.290590 0.421840 0.059330 0.068710
9 0.220280 0.568730 0.045270 0.070270
9 0.600000 0.571850 0.048430 0.068710
9 0.660930 0.643720 0.062490 0.065600
9 0.756240 0.421840 0.060930 0.056210
8 0.374960 0.800000 0.060930 0.079650
8 0.295310 0.803110 0.053100 0.092150
8 0.601560 0.429660 0.060930 0.073430
8 0.446880 0.723410 0.060930 0.074980
7 0.295310 0.578120 0.081210 0.095310
6 0.370290 0.495310 0.062490 0.070270
6 0.446880 0.573400 0.056210 0.073430
6 0.593730 0.806230 0.059330 0.090590
6 0.601560 0.504650 0.062490 0.067150
6 0.528080 0.420280 0.062490 0.065600
5 0.371850 0.581230 0.054660 0.057770
5 0.224990 0.798400 0.065600 0.068710
3 0.523410 0.574960 0.046880 0.057770
3 0.440600 0.653100 0.051540 0.053100
3 0.373400 0.714030 0.046880 0.060930
3 0.371850 0.410890 0.049990 0.043720
3 0.590620 0.715590 0.051540 0.057770
3 0.678100 0.723410 0.059330 0.065600
3 0.745300 0.710920 0.067150 0.064040
2 0.454660 0.495310 0.056210 0.065600
2 0.685920 0.573400 0.064040 0.068710
2 0.779670 0.348410 0.090590 0.074980
0 0.453100 0.404670 0.060930 0.060930
0 0.214050 0.484370 0.068710 0.057770
0 0.292150 0.492150 0.065600 0.070270
0 0.531240 0.648430 0.046880 0.067150
0 0.671870 0.800000 0.071870 0.087480
0 0.696860 0.503090 0.079650 0.057770
0 0.529690 0.503090 0.056210 0.071870
