11 0.151520 0.146850 0.095310 0.092150
11 0.737470 0.460930 0.081210 0.071870
11 0.448430 0.626550 0.064040 0.074980
11 0.643720 0.734360 0.074980 0.089040
10 0.165580 0.843720 0.120300 0.128080
10 0.645270 0.445270 0.082760 0.081210
10 0.531240 0.639050 0.076540 0.087480
9 0.271870 0.449990 0.070270 0.065600
9 0.631220 0.162460 0.065600 0.074980
9 0.742180 0.357790 0.065600 0.062490
8 0.362460 0.354680 0.089040 0.079650
8 0.546850 0.226550 0.074980 0.078100
8 0.442160 0.829660 0.073430 0.096860
8 0.356240 0.842160 0.087480 0.089040
8 0.354680 0.539020 0.076540 0.089040
8 0.540630 0.354680 0.068710 0.074980
7 0.149970 0.243720 0.120300 0.101530
7 0.337470 0.139020 0.096860 0.120300
7 0.253100 0.559350 0.101530 0.089040
6 0.351520 0.249990 0.070270 0.076540
6 0.448430 0.345300 0.060930 0.067150
6 0.837490 0.254660 0.093710 0.087480
6 0.835930 0.737470 0.087480 0.092150
6 0.471870 0.731240 0.060930 0.085920
6 0.262490 0.839050 0.078100 0.101530
5 0.153120 0.360910 0.104650 0.078100
5 0.553080 0.459330 0.068710 0.070270
5 0.735910 0.642160 0.078100 0.087480
5 0.624990 0.639050 0.071870 0.079650
5 0.345300 0.643720 0.070270 0.076540
5 0.251540 0.648430 0.081210 0.081210
4 0.653100 0.335910 0.090590 0.082760
4 0.862490 0.439050 0.132800 0.081210
4 0.629660 0.854660 0.095310 0.124970
3 0.729690 0.159350 0.062490 0.081210
3 0.832780 0.145300 0.082760 0.074980
3 0.167180 0.718750 0.074980 0.074980
2 0.517190 0.137470 0.070270 0.095310
2 0.817170 0.553080 0.082760 0.090590
2 0.149970 0.526530 0.099980 0.074980
2 0.351520 0.449990 0.070270 0.068710
1 0.829660 0.842160 0.118750 0.128080
1 0.543740 0.751520 0.079650 0.107800
1 0.337470 0.742180 0.096860 0.107800
0 0.256210 0.240600 0.082760 0.079650
0 0.268710 0.360910 0.073430 0.070270
0 0.642160 0.549970 0.070270 0.060930
0 0.734360 0.739020 0.078100 0.084370
0 0.549970 0.849990 0.067150 0.095310
