10 0.432780 0.376520 0.064040 0.082760
10 0.581230 0.381230 0.062490 0.087480
10 0.571850 0.603110 0.073430 0.068710
10 0.429660 0.679650 0.065600 0.074980
10 0.435930 0.526530 0.070270 0.065600
10 0.814050 0.681210 0.110920 0.074980
10 0.582790 0.231220 0.073430 0.099980
7 0.643720 0.604670 0.076540 0.065600
7 0.723410 0.453100 0.085920 0.062490
7 0.501530 0.454660 0.060930 0.071870
7 0.284370 0.448430 0.087480 0.076540
7 0.576520 0.753120 0.065600 0.087480
6 0.367180 0.242160 0.060930 0.085920
6 0.499980 0.385900 0.059330 0.070270
6 0.507800 0.673430 0.064040 0.070270
6 0.803110 0.382790 0.084370 0.059330
4 0.357790 0.531240 0.073430 0.068710
4 0.356240 0.673430 0.081210 0.073430
4 0.656210 0.678100 0.082760 0.062490
4 0.720300 0.601560 0.087480 0.068710
1 0.723410 0.312470 0.085920 0.085920
