11 0.721860 0.265600 0.079650 0.085920
11 0.828110 0.548410 0.096860 0.081210
11 0.456210 0.739020 0.064040 0.096860
11 0.370290 0.749970 0.078100 0.092150
10 0.628110 0.154680 0.087480 0.120300
10 0.257770 0.653100 0.106250 0.082760
10 0.823440 0.160910 0.114030 0.107800
9 0.245270 0.374960 0.070270 0.065600
8 0.440600 0.278100 0.068710 0.098420
8 0.731240 0.160910 0.079650 0.098420
8 0.742180 0.649990 0.071870 0.087480
8 0.756240 0.739020 0.074980 0.085920
8 0.160910 0.760910 0.085920 0.087480
8 0.810890 0.264040 0.081210 0.090590
7 0.356240 0.168730 0.087480 0.123410
7 0.720300 0.354680 0.099980 0.087480
7 0.551520 0.756240 0.079650 0.106250
6 0.537470 0.171850 0.070270 0.095310
6 0.828110 0.345300 0.092150 0.074980
6 0.834330 0.437490 0.090590 0.067150
6 0.245270 0.573400 0.076540 0.065600
6 0.264040 0.868710 0.079650 0.096860
6 0.839050 0.828110 0.093710 0.085920
5 0.259370 0.262490 0.076540 0.095310
5 0.640600 0.270270 0.073430 0.082760
5 0.160910 0.576520 0.090590 0.070270
5 0.567180 0.849990 0.070270 0.089040
5 0.831220 0.635930 0.090590 0.078100
5 0.842160 0.723410 0.092150 0.073430
4 0.126530 0.174960 0.115590 0.120300
4 0.364020 0.885920 0.081210 0.123410
4 0.737470 0.453100 0.104650 0.078100
3 0.287480 0.753120 0.065600 0.068710
3 0.640600 0.729690 0.057770 0.071870
2 0.453100 0.160910 0.062490 0.106250
2 0.521860 0.264040 0.071870 0.081210
2 0.154680 0.370290 0.096860 0.079650
2 0.726530 0.543740 0.078100 0.081210
1 0.470270 0.860930 0.067150 0.124970
1 0.757790 0.839050 0.112470 0.117190
1 0.340630 0.270270 0.082760 0.099980
0 0.246880 0.167180 0.071870 0.087480
0 0.159350 0.284370 0.090590 0.079650
0 0.268710 0.476540 0.071870 0.056210
0 0.165580 0.453100 0.092150 0.070270
0 0.660930 0.845270 0.070270 0.098420
