9 0.201560 0.535910 0.054660 0.067150
9 0.231220 0.331240 0.040600 0.060930
3 0.306250 0.464040 0.048430 0.062490
9 0.232780 0.395280 0.045270 0.064040
3 0.385900 0.332800 0.039050 0.065600
9 0.321860 0.329690 0.040600 0.062490
3 0.460930 0.326530 0.037490 0.065600
9 0.212500 0.460930 0.049990 0.064040
3 0.520300 0.332800 0.037490 0.064040
9 0.201560 0.535910 0.054660 0.062490
3 0.507800 0.392170 0.035930 0.064040
9 0.590620 0.335910 0.035930 0.060930
3 0.535910 0.521860 0.042160 0.064040
9 0.593730 0.395280 0.039050 0.062490
3 0.456210 0.384340 0.035930 0.062490
9 0.596840 0.454660 0.039050 0.062490
3 0.379670 0.387460 0.037490 0.059330
5 0.301530 0.524970 0.071870 0.081210
9 0.231220 0.331240 0.040600 0.065600
5 0.374960 0.512470 0.064040 0.078100
9 0.232780 0.393730 0.048430 0.067150
5 0.468710 0.514030 0.048430 0.078100
9 0.210890 0.459330 0.051540 0.065600
3 0.535910 0.521860 0.040600 0.060930
9 0.593730 0.395280 0.039050 0.062490
3 0.306250 0.462490 0.043720 0.057770
9 0.590620 0.335910 0.039050 0.064040
3 0.387460 0.332800 0.039050 0.062490
9 0.596840 0.454660 0.042160 0.064040
3 0.460930 0.324970 0.035930 0.060930
9 0.320300 0.331240 0.043720 0.065600
3 0.520300 0.331240 0.035930 0.060930
5 0.299980 0.526530 0.060930 0.081210
3 0.507800 0.393730 0.034380 0.064040
5 0.374960 0.514030 0.054660 0.081210
3 0.457770 0.381230 0.031220 0.054660
5 0.468710 0.515590 0.049990 0.081210
3 0.378120 0.378120 0.034380 0.039050
5 0.609340 0.514030 0.057770 0.081210
0 0.303090 0.385900 0.051540 0.085920
11 0.689040 0.520300 0.064040 0.081210
8 0.749970 0.382790 0.065600 0.081210
8 0.659370 0.381230 0.049990 0.089040
1 0.446880 0.428110 0.053100 0.106250
5 0.610890 0.512470 0.057770 0.078100
0 0.304650 0.387460 0.053100 0.087480
0 0.659370 0.324970 0.051540 0.085920
11 0.690590 0.520300 0.068710 0.082760
1 0.446880 0.431220 0.059330 0.115590
10 0.370290 0.589060 0.070270 0.110920
7 0.689040 0.424990 0.078100 0.107800
6 0.523410 0.435930 0.049990 0.085920
4 0.382790 0.432780 0.062490 0.099980
