10 0.612500 0.314030 0.056210 0.068710
10 0.479650 0.306250 0.049990 0.068710
10 0.210890 0.446880 0.081210 0.053100
10 0.423440 0.710920 0.056210 0.070270
10 0.549970 0.706250 0.056210 0.073430
10 0.479650 0.571850 0.049990 0.053100
10 0.418720 0.581230 0.054660 0.054660
9 0.418720 0.382790 0.040600 0.039050
9 0.609340 0.439050 0.042160 0.040600
9 0.671870 0.309360 0.042160 0.035930
9 0.679650 0.689040 0.045270 0.045270
9 0.546850 0.565620 0.043720 0.043720
9 0.359350 0.448430 0.048430 0.040600
9 0.293710 0.510920 0.048430 0.040600
9 0.354680 0.571850 0.040600 0.042160
9 0.293710 0.635930 0.045270 0.037490
9 0.293710 0.698420 0.043720 0.045270
9 0.224990 0.634380 0.049990 0.043720
7 0.349970 0.312470 0.065600 0.067150
7 0.276540 0.381230 0.079650 0.062490
7 0.546850 0.506250 0.053100 0.051540
7 0.612500 0.632780 0.056210 0.060930
7 0.685920 0.765580 0.068710 0.074980
6 0.673430 0.512470 0.054660 0.042160
6 0.678100 0.624990 0.053100 0.048430
6 0.490590 0.768730 0.042160 0.062490
6 0.343740 0.384340 0.049990 0.043720
4 0.478100 0.382790 0.049990 0.054660
4 0.678100 0.382790 0.059330 0.056210
4 0.417170 0.509360 0.056210 0.048430
4 0.351520 0.701530 0.065600 0.073430
1 0.210890 0.568730 0.081210 0.054660
