5 0.478100 0.287480 0.042160 0.051540
4 0.532800 0.270270 0.043720 0.070270
6 0.587460 0.335910 0.035930 0.049990
5 0.474980 0.379670 0.043720 0.048430
5 0.532800 0.382790 0.039050 0.046880
6 0.370290 0.440600 0.043720 0.039050
8 0.423440 0.440600 0.046880 0.045270
11 0.470270 0.489040 0.040600 0.039050
10 0.590620 0.437490 0.043720 0.054660
8 0.649990 0.393730 0.037490 0.045270
1 0.698420 0.435930 0.048430 0.056210
0 0.701530 0.332800 0.039050 0.049990
0 0.646830 0.276540 0.035930 0.054660
5 0.326530 0.323410 0.049990 0.046880
11 0.374960 0.285920 0.043720 0.048430
7 0.589060 0.549970 0.043720 0.045270
