11 0.739020 0.273430 0.081210 0.085920
11 0.835930 0.562460 0.090590 0.089040
11 0.460930 0.653100 0.074980 0.087480
11 0.368730 0.645270 0.068710 0.079650
10 0.654660 0.140580 0.089040 0.123410
10 0.860930 0.162460 0.115590 0.115590
10 0.253100 0.645270 0.104650 0.101530
9 0.165580 0.662490 0.070270 0.067150
8 0.446880 0.370290 0.073430 0.078100
8 0.151520 0.851540 0.096860 0.103090
8 0.154680 0.745300 0.101530 0.093710
8 0.635930 0.660930 0.076540 0.079650
8 0.839050 0.267150 0.084370 0.087480
8 0.765580 0.153120 0.076540 0.099980
7 0.548410 0.673430 0.078100 0.107800
7 0.546850 0.467150 0.078100 0.085920
7 0.368730 0.157790 0.103090 0.118750
6 0.365580 0.564020 0.071870 0.067150
6 0.557790 0.165580 0.064040 0.095310
6 0.848430 0.356240 0.089040 0.074980
6 0.845270 0.454660 0.095310 0.070270
6 0.824990 0.849990 0.089040 0.101530
6 0.249990 0.856210 0.081210 0.107800
5 0.267150 0.240600 0.085920 0.089040
5 0.640600 0.360910 0.074980 0.076540
5 0.832780 0.651540 0.092150 0.071870
5 0.549970 0.854660 0.074980 0.098420
5 0.159350 0.567180 0.103090 0.089040
4 0.131240 0.154680 0.137470 0.110920
4 0.354680 0.878100 0.085920 0.135910
4 0.648430 0.473430 0.090590 0.076540
3 0.274980 0.743740 0.065600 0.067150
3 0.637490 0.735910 0.049990 0.067150
2 0.156240 0.353120 0.110920 0.081210
2 0.473430 0.145300 0.070270 0.114030
2 0.640600 0.568730 0.076540 0.071870
1 0.457770 0.868710 0.071870 0.131240
1 0.743740 0.849990 0.106250 0.120300
1 0.353120 0.368730 0.092150 0.078100
0 0.165580 0.270270 0.098420 0.071870
0 0.251540 0.148410 0.079650 0.085920
0 0.164020 0.442160 0.089040 0.076540
0 0.367180 0.457770 0.062490 0.065600
0 0.646830 0.854660 0.074980 0.104650
5 0.832780 0.745300 0.092150 0.084370
2 0.548410 0.371850 0.071870 0.076540
