10 0.299980 0.396840 0.073430 0.056210
10 0.304650 0.471870 0.068710 0.054660
10 0.304650 0.542180 0.073430 0.056210
10 0.771850 0.535910 0.087480 0.057770
10 0.699980 0.668710 0.074980 0.068710
10 0.770290 0.809340 0.084370 0.085920
10 0.771850 0.406230 0.087480 0.060930
4 0.773400 0.673430 0.078100 0.067150
4 0.768730 0.737470 0.079650 0.076540
4 0.771850 0.473430 0.090590 0.054660
1 0.773400 0.603110 0.087480 0.060930
9 0.389060 0.468710 0.039050 0.042160
9 0.509360 0.479650 0.037490 0.037490
9 0.639050 0.468710 0.039050 0.039050
9 0.453100 0.537470 0.037490 0.037490
9 0.378120 0.600000 0.042160 0.040600
9 0.509360 0.593730 0.042160 0.039050
9 0.571850 0.665600 0.043720 0.043720
9 0.443720 0.657770 0.045270 0.046880
9 0.503090 0.726530 0.048430 0.046880
9 0.634380 0.728080 0.046880 0.043720
9 0.692150 0.337470 0.048430 0.045270
6 0.379670 0.676540 0.043720 0.054660
6 0.445270 0.406230 0.042160 0.048430
6 0.628110 0.337470 0.046880 0.051540
6 0.767180 0.326530 0.060930 0.053100
7 0.306250 0.671870 0.067150 0.068710
7 0.376520 0.745300 0.059330 0.081210
7 0.574960 0.335910 0.056210 0.064040
7 0.574960 0.404670 0.057770 0.057770
7 0.634380 0.598400 0.067150 0.062490
4 0.567180 0.531240 0.056210 0.053100
