11 0.242160 0.446880 0.060930 0.071870
11 0.785900 0.515590 0.070270 0.056210
11 0.714030 0.451540 0.079650 0.054660
9 0.706250 0.521860 0.070270 0.068710
9 0.398400 0.221840 0.053100 0.062490
9 0.406230 0.292150 0.053100 0.060930
9 0.334360 0.296860 0.053100 0.059330
9 0.331240 0.376520 0.064040 0.064040
9 0.331240 0.459330 0.046880 0.064040
9 0.562460 0.368730 0.053100 0.053100
9 0.417170 0.684370 0.053100 0.070270
9 0.560910 0.745300 0.049990 0.079650
9 0.649990 0.746850 0.073430 0.093710
9 0.337470 0.690590 0.060930 0.068710
9 0.785900 0.218720 0.064040 0.054660
8 0.409340 0.532800 0.057770 0.062490
8 0.778120 0.296860 0.071870 0.060930
8 0.790620 0.376520 0.071870 0.068710
8 0.800000 0.451540 0.070270 0.064040
7 0.800000 0.667150 0.089040 0.084370
6 0.410890 0.448430 0.073430 0.068710
6 0.485920 0.379670 0.054660 0.065600
6 0.324970 0.601560 0.056210 0.068710
6 0.567180 0.520300 0.074980 0.081210
6 0.793730 0.585900 0.079650 0.068710
5 0.796840 0.743740 0.078100 0.060930
5 0.568730 0.596840 0.074980 0.057770
3 0.254660 0.293710 0.085920 0.074980
3 0.699980 0.296860 0.062490 0.068710
3 0.703090 0.590620 0.057770 0.060930
3 0.565620 0.449990 0.062490 0.060930
3 0.640600 0.524970 0.064040 0.074980
3 0.409340 0.603110 0.046880 0.059330
3 0.692150 0.228110 0.062490 0.065600
2 0.490590 0.754680 0.064040 0.090590
2 0.559350 0.299980 0.068710 0.064040
2 0.324970 0.206230 0.054660 0.103090
0 0.246880 0.370290 0.065600 0.078100
0 0.251540 0.531240 0.078100 0.064040
0 0.485920 0.293710 0.053100 0.089040
0 0.493710 0.521860 0.057770 0.082760
0 0.637490 0.439050 0.060930 0.074980
0 0.639050 0.665600 0.068710 0.065600
0 0.501530 0.676540 0.057770 0.071870
