3 0.240600 0.214050 0.043720 0.059330
3 0.312470 0.228110 0.046880 0.054660
3 0.385900 0.226550 0.054660 0.062490
3 0.464040 0.239050 0.043720 0.059330
3 0.526530 0.224990 0.045270 0.059330
3 0.595280 0.228110 0.043720 0.056210
3 0.662490 0.226550 0.048430 0.054660
3 0.740580 0.226550 0.051540 0.057770
3 0.740580 0.284370 0.048430 0.053100
3 0.659370 0.285920 0.043720 0.046880
3 0.749970 0.360910 0.054660 0.048430
3 0.745300 0.442160 0.054660 0.048430
3 0.749970 0.578120 0.056210 0.053100
3 0.756240 0.651540 0.056210 0.049990
3 0.756240 0.731240 0.057770 0.048430
3 0.673430 0.659370 0.057770 0.049990
3 0.673430 0.581230 0.049990 0.046880
3 0.670270 0.437490 0.049990 0.046880
3 0.668710 0.359350 0.048430 0.062490
3 0.601560 0.293710 0.062490 0.059330
3 0.596840 0.351520 0.042160 0.057770
3 0.528080 0.289040 0.043720 0.060930
3 0.456210 0.356240 0.049990 0.057770
3 0.449990 0.587460 0.051540 0.049990
3 0.528080 0.726530 0.049990 0.054660
3 0.674980 0.728080 0.051540 0.056210
3 0.368730 0.290590 0.054660 0.059330
3 0.368730 0.362460 0.048430 0.054660
3 0.382790 0.579670 0.043720 0.048430
3 0.376520 0.660930 0.049990 0.051540
3 0.303090 0.737470 0.054660 0.054660
3 0.292150 0.646830 0.060930 0.048430
3 0.293710 0.568730 0.065600 0.049990
3 0.293710 0.506250 0.056210 0.051540
3 0.304650 0.437490 0.059330 0.054660
3 0.303090 0.353120 0.051540 0.053100
3 0.306250 0.287480 0.053100 0.049990
3 0.239050 0.295310 0.054660 0.053100
3 0.228110 0.362460 0.054660 0.051540
3 0.237490 0.442160 0.054660 0.049990
3 0.223440 0.507800 0.056210 0.046880
3 0.215610 0.584340 0.056210 0.045270
3 0.221840 0.665600 0.059330 0.046880
3 0.217170 0.745300 0.054660 0.056210
