10 0.301530 0.443720 0.071870 0.068710
10 0.304650 0.371850 0.079650 0.076540
10 0.217170 0.753120 0.093710 0.089040
10 0.367180 0.768730 0.070270 0.093710
10 0.593730 0.743740 0.076540 0.092150
10 0.734360 0.674980 0.092150 0.081210
10 0.735910 0.381230 0.092150 0.070270
6 0.228110 0.371850 0.067150 0.064040
6 0.374960 0.224990 0.057770 0.071870
6 0.303090 0.664040 0.065600 0.054660
6 0.443720 0.662490 0.068710 0.070270
4 0.223440 0.220280 0.092150 0.099980
4 0.449990 0.378120 0.060930 0.068710
4 0.593730 0.445270 0.071870 0.062490
4 0.514030 0.592170 0.064040 0.068710
1 0.445270 0.457770 0.062490 0.070270
9 0.303090 0.517190 0.056210 0.051540
9 0.299980 0.593730 0.056210 0.056210
9 0.656210 0.590620 0.056210 0.053100
9 0.648430 0.657770 0.060930 0.051540
9 0.651540 0.735910 0.054660 0.062490
9 0.654660 0.518750 0.056210 0.054660
9 0.654660 0.456210 0.049990 0.056210
9 0.654660 0.379670 0.057770 0.053100
9 0.653100 0.312470 0.062490 0.057770
9 0.656210 0.246880 0.060930 0.065600
9 0.739020 0.239050 0.060930 0.064040
7 0.520300 0.229660 0.064040 0.098420
7 0.445270 0.299980 0.064040 0.093710
7 0.737470 0.765580 0.095310 0.093710
7 0.442160 0.754680 0.064040 0.087480
7 0.590620 0.528080 0.073430 0.067150
