10 0.129690 0.148410 0.115590 0.118750
0 0.248430 0.151520 0.078100 0.104650
7 0.357790 0.156240 0.087480 0.121860
7 0.454660 0.159350 0.078100 0.115590
8 0.549970 0.156240 0.076540 0.082760
11 0.624990 0.162460 0.060930 0.085920
5 0.728080 0.146850 0.081210 0.092150
0 0.160910 0.270270 0.093710 0.079650
0 0.265600 0.281210 0.079650 0.076540
8 0.442160 0.260930 0.084370 0.085920
2 0.532800 0.254660 0.078100 0.081210
5 0.156240 0.367180 0.095310 0.074980
6 0.357790 0.364020 0.071870 0.068710
4 0.440600 0.345300 0.071870 0.084370
8 0.546850 0.340630 0.082760 0.071870
11 0.648430 0.348410 0.073430 0.071870
9 0.715590 0.354680 0.057770 0.059330
6 0.820280 0.348410 0.092150 0.078100
8 0.154680 0.453100 0.087480 0.067150
3 0.260930 0.448430 0.070270 0.060930
11 0.379670 0.456210 0.074980 0.067150
8 0.453100 0.435930 0.071870 0.073430
8 0.534360 0.457770 0.067150 0.071870
1 0.639050 0.456210 0.089040 0.073430
2 0.729690 0.448430 0.071870 0.065600
5 0.164020 0.564020 0.093710 0.070270
9 0.276540 0.543740 0.064040 0.062490
11 0.367180 0.540630 0.076540 0.068710
6 0.468710 0.557790 0.062490 0.067150
3 0.643720 0.542180 0.064040 0.062490
9 0.709360 0.528080 0.060930 0.056210
0 0.251540 0.653100 0.090590 0.071870
7 0.368730 0.659370 0.087480 0.092150
6 0.453100 0.639050 0.060930 0.073430
0 0.718750 0.637490 0.084370 0.068710
10 0.840600 0.624990 0.123410 0.085920
4 0.148410 0.762460 0.103090 0.103090
3 0.289040 0.735910 0.065600 0.067150
5 0.392170 0.739020 0.060930 0.078100
2 0.556240 0.759350 0.074980 0.096860
1 0.645270 0.743740 0.089040 0.106250
2 0.849990 0.732800 0.110920 0.076540
10 0.179670 0.854660 0.101530 0.117190
6 0.273430 0.849990 0.081210 0.092150
4 0.371850 0.865600 0.081210 0.121860
1 0.471870 0.842160 0.078100 0.115590
6 0.567180 0.845270 0.067150 0.084370
5 0.653100 0.832780 0.076540 0.090590
5 0.742180 0.829660 0.082760 0.087480
