8 0.195280 0.664040 0.089040 0.085920
11 0.223440 0.518750 0.056210 0.081210
10 0.504650 0.571850 0.059330 0.103090
9 0.581230 0.581230 0.042160 0.062490
7 0.318750 0.399950 0.051540 0.104650
5 0.370290 0.481210 0.051540 0.078100
5 0.503090 0.473430 0.051540 0.076540
3 0.437490 0.387460 0.034380 0.059330
1 0.639050 0.459330 0.071870 0.106250
6 0.695310 0.468710 0.054660 0.079650
5 0.317190 0.340630 0.042160 0.070270
9 0.548410 0.431220 0.042160 0.056210
6 0.549970 0.376520 0.042160 0.081210
4 0.682760 0.417170 0.062490 0.103090
