5 0.295310 0.456210 0.040600 0.056210
5 0.332800 0.418720 0.037490 0.051540
5 0.532800 0.592170 0.035930 0.051540
5 0.556240 0.543740 0.032780 0.048430
1 0.551520 0.371850 0.031220 0.067150
4 0.321860 0.585900 0.049990 0.074980
10 0.506250 0.353120 0.031220 0.071870
7 0.367180 0.621840 0.040600 0.071870
11 0.474980 0.689040 0.039050 0.057770
11 0.632780 0.532800 0.034380 0.049990
8 0.585900 0.634380 0.040600 0.048430
8 0.689040 0.456210 0.042160 0.054660
6 0.462490 0.492150 0.031220 0.049990
6 0.587460 0.496860 0.031220 0.056210
0 0.496860 0.451540 0.031220 0.056210
0 0.453100 0.423440 0.029660 0.056210
3 0.565620 0.435930 0.034380 0.045270
3 0.535910 0.476540 0.024990 0.043720
3 0.523410 0.412500 0.023440 0.039050
3 0.418720 0.467150 0.023440 0.048430
3 0.432780 0.540630 0.024990 0.045270
3 0.462490 0.618720 0.032780 0.051540
3 0.498420 0.567180 0.035930 0.049990
3 0.506250 0.514030 0.034380 0.046880
9 0.399950 0.348410 0.029660 0.043720
9 0.407780 0.403110 0.023440 0.048430
9 0.378120 0.440600 0.028110 0.045270
9 0.346850 0.482760 0.031220 0.048430
9 0.312470 0.524970 0.042160 0.046880
9 0.362460 0.553080 0.032780 0.054660
9 0.390620 0.512470 0.026550 0.048430
9 0.481210 0.399950 0.018720 0.043720
