3 0.437490 0.315590 0.056210 0.056210
3 0.431220 0.385900 0.054660 0.057770
3 0.431220 0.467150 0.056210 0.060930
3 0.431220 0.542180 0.056210 0.056210
3 0.426550 0.615610 0.057770 0.059330
3 0.421840 0.695310 0.056210 0.064040
3 0.424990 0.767180 0.059330 0.060930
1 0.343740 0.615610 0.081210 0.079650
1 0.504650 0.535910 0.067150 0.067150
1 0.579670 0.534360 0.064040 0.070270
1 0.506250 0.615610 0.070270 0.076540
0 0.349970 0.449990 0.067150 0.054660
0 0.353120 0.531240 0.070270 0.056210
2 0.268710 0.215610 0.071870 0.089040
2 0.346850 0.217170 0.064040 0.090590
2 0.423440 0.218720 0.062490 0.093710
5 0.504650 0.456210 0.062490 0.065600
5 0.584340 0.453100 0.065600 0.065600
2 0.507800 0.218720 0.065600 0.093710
4 0.587460 0.612500 0.070270 0.084370
