9 0.214050 0.196840 0.059330 0.067150
9 0.231220 0.273430 0.056210 0.060930
9 0.312470 0.274980 0.053100 0.062490
9 0.403110 0.281210 0.048430 0.062490
9 0.465600 0.200000 0.049990 0.070270
9 0.646830 0.201560 0.057770 0.062490
9 0.731240 0.201560 0.067150 0.062490
9 0.798400 0.200000 0.068710 0.062490
9 0.314030 0.368730 0.051540 0.053100
9 0.498420 0.293710 0.049990 0.054660
9 0.562460 0.292150 0.051540 0.057770
9 0.656210 0.292150 0.064040 0.054660
9 0.395280 0.374960 0.049990 0.049990
9 0.498420 0.376520 0.048430 0.049990
9 0.571850 0.384340 0.053100 0.048430
9 0.731240 0.370290 0.065600 0.051540
9 0.809340 0.376520 0.070270 0.046880
9 0.412500 0.454660 0.048430 0.049990
9 0.484370 0.446880 0.049990 0.048430
9 0.574960 0.460930 0.051540 0.045270
9 0.662490 0.439050 0.060930 0.051540
9 0.734360 0.459330 0.068710 0.046880
9 0.807780 0.459330 0.070270 0.045270
9 0.410890 0.532800 0.049990 0.049990
9 0.487480 0.534360 0.046880 0.049990
9 0.565620 0.526530 0.053100 0.045270
9 0.645270 0.534360 0.059330 0.046880
9 0.800000 0.534360 0.071870 0.045270
9 0.237490 0.643720 0.059330 0.057770
9 0.410890 0.624990 0.045270 0.051540
9 0.492150 0.615610 0.049990 0.051540
9 0.571850 0.614050 0.051540 0.049990
9 0.657770 0.598400 0.062490 0.046880
9 0.732800 0.604670 0.067150 0.048430
9 0.493710 0.718750 0.049990 0.059330
9 0.565620 0.696860 0.060930 0.059330
9 0.653100 0.696860 0.059330 0.054660
9 0.735910 0.681210 0.064040 0.053100
9 0.821840 0.681210 0.067150 0.054660
9 0.412500 0.801560 0.048430 0.068710
9 0.492150 0.798400 0.048430 0.070270
9 0.582790 0.792170 0.057770 0.065600
9 0.662490 0.771850 0.059330 0.065600
9 0.742180 0.771850 0.065600 0.064040
