5 0.531240 0.792170 0.059330 0.079650
5 0.603110 0.712470 0.073430 0.071870
3 0.296860 0.715590 0.046880 0.059330
3 0.381230 0.781230 0.065600 0.071870
3 0.382790 0.639050 0.064040 0.062490
3 0.293710 0.565620 0.071870 0.059330
3 0.387460 0.496860 0.056210 0.043720
3 0.296860 0.423440 0.068710 0.064040
3 0.298420 0.342180 0.071870 0.065600
2 0.600000 0.487480 0.076540 0.073430
2 0.749970 0.635930 0.081210 0.068710
2 0.820280 0.778120 0.089040 0.078100
0 0.370290 0.343740 0.071870 0.062490
0 0.443720 0.271870 0.071870 0.068710
0 0.528080 0.334360 0.062490 0.056210
0 0.598400 0.259370 0.068710 0.082760
0 0.685920 0.329690 0.067150 0.054660
0 0.759350 0.245270 0.082760 0.076540
0 0.837490 0.334360 0.087480 0.056210
