0 0.226550 0.251540 0.082760 0.085920
0 0.234380 0.343740 0.093710 0.079650
0 0.232780 0.426550 0.087480 0.068710
0 0.229660 0.520300 0.079650 0.071870
0 0.226550 0.595280 0.084370 0.074980
0 0.232780 0.674980 0.079650 0.073430
0 0.220280 0.848430 0.093710 0.107800
3 0.781230 0.279650 0.065600 0.071870
3 0.792170 0.356240 0.087480 0.073430
3 0.798400 0.434380 0.090590 0.068710
3 0.796840 0.506250 0.103090 0.057770
3 0.787460 0.595280 0.073430 0.073430
3 0.795280 0.668710 0.081210 0.062490
5 0.554680 0.745300 0.068710 0.084370
5 0.562460 0.840600 0.079650 0.095310
2 0.482760 0.264040 0.085920 0.084370
2 0.490590 0.343740 0.096860 0.073430
2 0.484370 0.434380 0.087480 0.081210
3 0.784340 0.745300 0.074980 0.070270
