6 0.465600 0.231220 0.053100 0.068710
6 0.607780 0.229660 0.056210 0.071870
6 0.749970 0.212500 0.070270 0.076540
6 0.606230 0.514030 0.064040 0.056210
4 0.557790 0.370290 0.060930 0.067150
4 0.540630 0.601560 0.064040 0.060930
4 0.542180 0.671870 0.060930 0.070270
4 0.245270 0.593730 0.082760 0.057770
7 0.545300 0.217170 0.065600 0.082760
7 0.234380 0.670270 0.082760 0.073430
7 0.239050 0.521860 0.085920 0.057770
7 0.243720 0.371850 0.074980 0.064040
7 0.245270 0.295310 0.084370 0.081210
1 0.543740 0.520300 0.056210 0.068710
10 0.246880 0.203110 0.085920 0.089040
10 0.540630 0.449990 0.074980 0.054660
10 0.539020 0.293710 0.068710 0.068710
10 0.760910 0.737470 0.098420 0.079650
10 0.542180 0.748410 0.062490 0.073430
10 0.240600 0.756240 0.078100 0.087480
10 0.242160 0.445270 0.082760 0.060930
9 0.331240 0.221840 0.049990 0.048430
9 0.401560 0.228110 0.048430 0.053100
9 0.665600 0.226550 0.048430 0.064040
9 0.468710 0.517190 0.051540 0.049990
9 0.399950 0.512470 0.051540 0.051540
9 0.326530 0.518750 0.046880 0.043720
9 0.329690 0.743740 0.062490 0.068710
9 0.389060 0.739020 0.051540 0.062490
9 0.462490 0.734360 0.056210 0.065600
9 0.617170 0.731240 0.051540 0.065600
9 0.687480 0.724970 0.062490 0.054660
