9 0.462490 0.423440 0.028110 0.034380
9 0.470270 0.464040 0.031220 0.028110
9 0.473430 0.503090 0.040600 0.028110
9 0.474980 0.549970 0.035930 0.034380
9 0.437490 0.539020 0.034380 0.034380
9 0.432780 0.507800 0.034380 0.031220
9 0.395280 0.421840 0.037490 0.026550
9 0.315590 0.428110 0.037490 0.026550
9 0.310920 0.467150 0.034380 0.029660
9 0.317190 0.506250 0.039050 0.029660
9 0.351520 0.464040 0.032780 0.028110
9 0.389060 0.467150 0.034380 0.024990
9 0.395280 0.499980 0.031220 0.028110
9 0.357790 0.545300 0.031220 0.026550
6 0.351520 0.423440 0.040600 0.034380
6 0.431220 0.423440 0.040600 0.035930
6 0.424990 0.464040 0.040600 0.031220
6 0.353120 0.503090 0.040600 0.031220
6 0.392170 0.540630 0.040600 0.031220
6 0.315590 0.543740 0.045270 0.029660
3 0.314030 0.585900 0.031220 0.026550
3 0.320300 0.617170 0.029660 0.029660
3 0.314030 0.660930 0.031220 0.026550
3 0.353120 0.628110 0.031220 0.029660
3 0.393730 0.587460 0.029660 0.031220
3 0.424990 0.585900 0.029660 0.026550
3 0.468710 0.590620 0.031220 0.034380
3 0.389060 0.620280 0.029660 0.028110
3 0.426550 0.629660 0.029660 0.024990
3 0.396840 0.667150 0.031220 0.032780
3 0.431220 0.665600 0.032780 0.031220
3 0.351520 0.703090 0.028110 0.034380
3 0.429660 0.707800 0.032780 0.031220
3 0.471870 0.715590 0.034380 0.032780
0 0.314030 0.704650 0.042160 0.031220
0 0.385900 0.706250 0.042160 0.037490
0 0.467150 0.673430 0.031220 0.035930
0 0.348410 0.668710 0.040600 0.032780
0 0.459330 0.634380 0.035930 0.032780
0 0.348410 0.581230 0.037490 0.032780
