3 0.412500 0.742180 0.056210 0.070270
5 0.235930 0.762460 0.087480 0.092150
9 0.403110 0.584340 0.051540 0.068710
11 0.240600 0.595280 0.078100 0.090590
7 0.321860 0.578120 0.085920 0.118750
4 0.468710 0.490590 0.068710 0.104650
9 0.317190 0.345300 0.046880 0.068710
9 0.457770 0.437490 0.048430 0.067150
9 0.106250 0.693710 0.073430 0.070270
8 0.090590 0.770290 0.106250 0.089040
11 0.117190 0.612500 0.090590 0.093710
9 0.124970 0.559350 0.065600 0.070270
6 0.124970 0.490590 0.084370 0.096860
10 0.131240 0.424990 0.089040 0.107800
8 0.137470 0.374960 0.079650 0.085920
9 0.149970 0.331240 0.054660 0.068710
9 0.156240 0.287480 0.053100 0.068710
9 0.724970 0.615610 0.059330 0.070270
3 0.503090 0.274980 0.045270 0.071870
1 0.656210 0.337470 0.079650 0.126530
6 0.646830 0.290590 0.062490 0.096860
3 0.965580 0.674980 0.068710 0.076540
3 0.943740 0.618720 0.071870 0.073430
3 0.924970 0.559350 0.070270 0.073430
5 0.903090 0.496860 0.087480 0.093710
2 0.881210 0.431220 0.089040 0.089040
3 0.856210 0.384340 0.060930 0.068710
3 0.839050 0.339020 0.059330 0.070270
0 0.826550 0.281210 0.074980 0.101530
2 0.804670 0.234380 0.076540 0.090590
3 0.784340 0.203110 0.051540 0.070270
0 0.856210 0.190620 0.074980 0.099980
