3 0.229660 0.268710 0.062490 0.049990
3 0.293710 0.267150 0.062490 0.056210
3 0.370290 0.262490 0.059330 0.060930
3 0.435930 0.262490 0.053100 0.056210
3 0.512470 0.260930 0.054660 0.059330
3 0.579670 0.257770 0.054660 0.060930
3 0.662490 0.249990 0.059330 0.065600
3 0.749970 0.243720 0.056210 0.056210
3 0.742180 0.334360 0.062490 0.057770
3 0.585900 0.340630 0.053100 0.051540
3 0.432780 0.340630 0.057770 0.048430
3 0.371850 0.343740 0.059330 0.056210
3 0.295310 0.346850 0.056210 0.056210
3 0.232780 0.349970 0.064040 0.056210
3 0.515590 0.414050 0.051540 0.056210
3 0.434380 0.418720 0.060930 0.049990
3 0.370290 0.420280 0.059330 0.054660
3 0.303090 0.415610 0.057770 0.049990
3 0.239050 0.417170 0.064040 0.053100
3 0.231220 0.487480 0.065600 0.048430
3 0.512470 0.484370 0.057770 0.053100
3 0.732800 0.489040 0.056210 0.054660
3 0.593730 0.564020 0.049990 0.054660
3 0.245270 0.545300 0.071870 0.046880
3 0.232780 0.618720 0.067150 0.046880
3 0.365580 0.640600 0.056210 0.056210
3 0.439050 0.635930 0.056210 0.051540
3 0.585900 0.634380 0.053100 0.049990
3 0.671870 0.643720 0.057770 0.062490
3 0.748410 0.723410 0.056210 0.059330
3 0.579670 0.726530 0.060930 0.062490
3 0.510920 0.718750 0.051540 0.068710
3 0.442160 0.712470 0.053100 0.054660
3 0.356240 0.706250 0.057770 0.054660
3 0.295310 0.699980 0.057770 0.064040
3 0.237490 0.692150 0.062490 0.056210
3 0.223440 0.765580 0.065600 0.049990
3 0.299980 0.768730 0.056210 0.053100
3 0.368730 0.784340 0.056210 0.064040
3 0.445270 0.773400 0.054660 0.064040
3 0.510920 0.793730 0.048430 0.068710
3 0.579670 0.801560 0.054660 0.062490
3 0.646830 0.793730 0.045270 0.065600
3 0.746850 0.812500 0.054660 0.068710
