5 0.310920 0.274980 0.076540 0.074980
5 0.546850 0.349970 0.056210 0.070270
4 0.778120 0.589060 0.099980 0.067150
3 0.234380 0.200000 0.065600 0.064040
3 0.318750 0.432780 0.053100 0.049990
3 0.314030 0.664040 0.051540 0.056210
3 0.470270 0.726530 0.053100 0.060930
3 0.473430 0.512470 0.049990 0.046880
3 0.695310 0.289040 0.057770 0.056210
3 0.615610 0.201560 0.059330 0.064040
2 0.539020 0.664040 0.062490 0.062490
2 0.620280 0.431220 0.064040 0.059330
2 0.793730 0.743740 0.087480 0.065600
2 0.226550 0.353120 0.085920 0.060930
1 0.474980 0.189060 0.065600 0.107800
1 0.546850 0.514030 0.062490 0.062490
1 0.473430 0.587460 0.062490 0.060930
1 0.776520 0.448430 0.092150 0.059330
0 0.396840 0.351520 0.057770 0.062490
0 0.479650 0.432780 0.046880 0.053100
