10 0.403110 0.596840 0.079650 0.071870
10 0.556240 0.368730 0.049990 0.081210
10 0.482760 0.214050 0.078100 0.107800
10 0.553080 0.753120 0.056210 0.093710
10 0.328080 0.445270 0.096860 0.070270
10 0.707800 0.445270 0.085920 0.067150
10 0.699980 0.218720 0.078100 0.096860
7 0.482760 0.443720 0.068710 0.074980
7 0.706250 0.756240 0.084370 0.103090
7 0.796840 0.754680 0.095310 0.098420
7 0.253100 0.370290 0.090590 0.076540
7 0.624990 0.287480 0.059330 0.093710
6 0.337470 0.298420 0.068710 0.071870
6 0.628110 0.439050 0.059330 0.074980
6 0.624990 0.529690 0.070270 0.060930
6 0.476540 0.668710 0.059330 0.065600
4 0.248430 0.674980 0.109360 0.081210
4 0.564020 0.600000 0.056210 0.068710
4 0.781230 0.587460 0.107800 0.071870
4 0.260930 0.224990 0.093710 0.087480
1 0.784340 0.212500 0.081210 0.109360
