11 0.262490 0.484370 0.070270 0.057770
11 0.326530 0.476540 0.064040 0.062490
11 0.321860 0.545300 0.081210 0.059330
11 0.724970 0.623440 0.057770 0.062490
9 0.467150 0.345300 0.049990 0.056210
9 0.587460 0.353120 0.054660 0.057770
9 0.526530 0.421840 0.057770 0.056210
9 0.593730 0.420280 0.049990 0.062490
9 0.385900 0.615610 0.065600 0.051540
9 0.384340 0.678100 0.057770 0.057770
9 0.385900 0.751520 0.062490 0.059330
9 0.524970 0.685920 0.070270 0.054660
9 0.521860 0.748410 0.068710 0.065600
9 0.648430 0.684370 0.060930 0.065600
9 0.651540 0.757790 0.053100 0.070270
8 0.467150 0.409340 0.062490 0.065600
8 0.521860 0.484370 0.059330 0.057770
8 0.592170 0.493710 0.062490 0.062490
8 0.740580 0.556240 0.068710 0.064040
7 0.734360 0.781230 0.082760 0.089040
6 0.265600 0.412500 0.073430 0.051540
6 0.456210 0.476540 0.053100 0.062490
6 0.453100 0.615610 0.065600 0.056210
6 0.520300 0.617170 0.065600 0.068710
5 0.724970 0.693710 0.068710 0.065600
5 0.395280 0.349970 0.064040 0.073430
5 0.737470 0.345300 0.060930 0.070270
3 0.334360 0.412500 0.039050 0.060930
3 0.390620 0.478100 0.057770 0.051540
3 0.456210 0.548410 0.079650 0.068710
3 0.312470 0.674980 0.073430 0.056210
3 0.317190 0.745300 0.073430 0.062490
3 0.731240 0.271870 0.068710 0.074980
2 0.449990 0.682760 0.067150 0.065600
2 0.453100 0.748410 0.068710 0.074980
2 0.393730 0.415610 0.064040 0.056210
0 0.324970 0.348410 0.059330 0.070270
0 0.521860 0.353120 0.057770 0.070270
0 0.524970 0.551520 0.051540 0.051540
0 0.728080 0.487480 0.070270 0.060930
0 0.737470 0.414050 0.065600 0.056210
0 0.392170 0.542180 0.051540 0.074980
0 0.393730 0.412500 0.062490 0.056210
3 0.670270 0.554680 0.062490 0.057770
