5 0.660930 0.537470 0.054660 0.070270
5 0.699980 0.357790 0.034380 0.054660
3 0.589060 0.495310 0.039050 0.053100
3 0.778120 0.662490 0.064040 0.060930
9 0.329690 0.429660 0.040600 0.045270
6 0.331240 0.370290 0.040600 0.042160
3 0.615610 0.415610 0.046880 0.057770
6 0.392170 0.609340 0.049990 0.078100
10 0.310920 0.618720 0.064040 0.070270
9 0.392170 0.676540 0.051540 0.068710
3 0.573400 0.456210 0.037490 0.048430
3 0.720300 0.535910 0.040600 0.049990
5 0.640600 0.354680 0.035930 0.043720
5 0.790620 0.535910 0.045270 0.060930
9 0.389060 0.399950 0.034380 0.071870
3 0.660930 0.384340 0.031220 0.046880
9 0.459330 0.548410 0.049990 0.078100
6 0.314030 0.556240 0.057770 0.056210
9 0.598400 0.590620 0.054660 0.076540
3 0.685920 0.598400 0.046880 0.056210
6 0.490590 0.360910 0.045270 0.046880
3 0.748410 0.440600 0.051540 0.079650
0 0.917190 0.321860 0.128080 0.042160
3 0.821840 0.584340 0.059330 0.078100
9 0.315590 0.473430 0.043720 0.046880
9 0.392170 0.559350 0.049990 0.046880
9 0.443720 0.453100 0.039050 0.074980
3 0.748410 0.360910 0.039050 0.059330
5 0.724970 0.403110 0.040600 0.062490
9 0.442160 0.432780 0.032780 0.048430
5 0.743740 0.571850 0.056210 0.081210
6 0.931240 0.179670 0.089040 0.054660
11 0.778120 0.245270 0.081210 0.048430
9 0.387460 0.428110 0.032780 0.048430
5 0.467150 0.864040 0.056210 0.021840
