11 0.614050 0.387460 0.070270 0.065600
11 0.632780 0.648430 0.078100 0.074980
11 0.451540 0.643720 0.067150 0.076540
11 0.448430 0.470270 0.064040 0.059330
10 0.260930 0.568730 0.089040 0.082760
10 0.254660 0.681210 0.093710 0.095310
10 0.265600 0.879650 0.093710 0.118750
9 0.262490 0.487480 0.060930 0.056210
9 0.684370 0.296860 0.060930 0.062490
9 0.704650 0.374960 0.059330 0.059330
8 0.323410 0.203110 0.084370 0.092150
8 0.351520 0.390620 0.067150 0.078100
8 0.460930 0.739020 0.062490 0.071870
8 0.456210 0.846880 0.068710 0.087480
8 0.181230 0.779670 0.095310 0.098420
8 0.523410 0.374960 0.067150 0.074980
7 0.139020 0.289040 0.114030 0.095310
7 0.362460 0.759350 0.084370 0.101530
7 0.368730 0.860930 0.081210 0.117190
6 0.335910 0.289040 0.070270 0.071870
6 0.423440 0.189060 0.065600 0.087480
6 0.229660 0.190620 0.078100 0.084370
6 0.143740 0.196840 0.082760 0.081210
6 0.429660 0.376520 0.060930 0.071870
6 0.173400 0.881210 0.076540 0.093710
5 0.151520 0.403110 0.099980 0.070270
5 0.182790 0.676540 0.078100 0.071870
5 0.431220 0.548410 0.051540 0.065600
5 0.514030 0.293710 0.070270 0.070270
5 0.546850 0.839050 0.065600 0.084370
5 0.643720 0.843720 0.076540 0.099980
4 0.507800 0.190620 0.074980 0.107800
4 0.535910 0.481210 0.071870 0.070270
4 0.543740 0.560910 0.070270 0.071870
3 0.614050 0.279650 0.060930 0.060930
3 0.598400 0.200000 0.057770 0.070270
3 0.271870 0.768730 0.064040 0.062490
2 0.157790 0.570290 0.082760 0.074980
2 0.442160 0.298420 0.062490 0.076540
2 0.360910 0.473430 0.059330 0.067150
2 0.368730 0.667150 0.065600 0.078100
1 0.140580 0.487480 0.117190 0.074980
1 0.546850 0.659370 0.074980 0.087480
1 0.354680 0.562460 0.078100 0.084370
0 0.264040 0.399950 0.074980 0.062490
0 0.243720 0.284370 0.078100 0.079650
0 0.610890 0.478100 0.062490 0.062490
0 0.624990 0.560910 0.065600 0.059330
0 0.567180 0.742180 0.065600 0.076540
