6 0.409340 0.324970 0.062490 0.093710
9 0.581230 0.335910 0.045270 0.067150
3 0.612500 0.357790 0.054660 0.064040
9 0.554680 0.370290 0.056210 0.067150
1 0.337470 0.381230 0.068710 0.124970
3 0.492150 0.395280 0.059330 0.064040
3 0.593730 0.407780 0.062490 0.067150
4 0.664040 0.420280 0.085920 0.107800
9 0.278100 0.431220 0.062490 0.073430
11 0.095310 0.439050 0.082760 0.087480
2 0.490590 0.443720 0.071870 0.082760
3 0.754680 0.445270 0.067150 0.071870
8 0.432780 0.471870 0.073430 0.093710
9 0.820280 0.476540 0.071870 0.071870
2 0.254660 0.485920 0.078100 0.087480
9 0.664040 0.503090 0.067150 0.073430
10 0.598400 0.510920 0.090590 0.114030
0 0.899980 0.512470 0.095310 0.095310
11 0.179670 0.512470 0.085920 0.090590
3 0.479650 0.517190 0.067150 0.068710
5 0.203110 0.565620 0.081210 0.093710
3 0.653100 0.570290 0.068710 0.073430
5 0.784340 0.579670 0.093710 0.090590
9 0.340630 0.585900 0.081210 0.076540
3 0.587460 0.606230 0.073430 0.073430
8 0.389060 0.612500 0.082760 0.104650
6 0.259370 0.615610 0.085920 0.098420
9 0.715590 0.628110 0.078100 0.078100
3 0.445270 0.682760 0.081210 0.076540
0 0.585900 0.693710 0.090590 0.098420
7 0.349970 0.706250 0.098420 0.131240
9 0.499980 0.749970 0.082760 0.078100
