3 0.553080 0.312470 0.043720 0.051540
3 0.406230 0.306250 0.049990 0.048430
3 0.334360 0.303090 0.048430 0.053100
3 0.695310 0.234380 0.051540 0.056210
3 0.770290 0.223440 0.054660 0.054660
3 0.779670 0.309360 0.064040 0.051540
3 0.324970 0.756240 0.046880 0.051540
1 0.626550 0.601560 0.076540 0.056210
1 0.401560 0.446880 0.060930 0.064040
1 0.548410 0.446880 0.060930 0.056210
1 0.715590 0.520300 0.092150 0.057770
2 0.624990 0.445270 0.056210 0.054660
2 0.549970 0.753120 0.057770 0.081210
2 0.406230 0.600000 0.067150 0.059330
2 0.548410 0.526530 0.059330 0.054660
6 0.626550 0.529690 0.056210 0.049990
6 0.482760 0.598400 0.051540 0.046880
6 0.239050 0.753120 0.071870 0.071870
6 0.248430 0.220280 0.065600 0.074980
9 0.329690 0.518750 0.051540 0.046880
9 0.324970 0.671870 0.051540 0.051540
9 0.473430 0.235930 0.040600 0.053100
9 0.617170 0.231220 0.048430 0.059330
11 0.403110 0.526530 0.053100 0.049990
11 0.328080 0.214050 0.057770 0.073430
11 0.392170 0.757790 0.057770 0.070270
0 0.479650 0.368730 0.049990 0.062490
0 0.776520 0.749970 0.081210 0.064040
5 0.699980 0.301530 0.067150 0.068710
5 0.242160 0.365580 0.068710 0.065600
8 0.479650 0.446880 0.060930 0.056210
8 0.557790 0.603110 0.056210 0.056210
4 0.328080 0.373400 0.068710 0.074980
10 0.474980 0.520300 0.057770 0.060930
