3 0.253100 0.226550 0.062490 0.064040
3 0.321860 0.224990 0.053100 0.064040
3 0.465600 0.224990 0.057770 0.054660
3 0.537470 0.217170 0.053100 0.064040
3 0.606230 0.210890 0.048430 0.068710
3 0.751520 0.207780 0.062490 0.064040
3 0.251540 0.299980 0.064040 0.059330
3 0.396840 0.299980 0.054660 0.054660
3 0.468710 0.303090 0.054660 0.053100
3 0.598400 0.298420 0.048430 0.064040
3 0.751520 0.295310 0.060930 0.064040
3 0.256210 0.368730 0.064040 0.053100
3 0.332800 0.365580 0.060930 0.056210
3 0.396840 0.362460 0.057770 0.048430
3 0.748410 0.362460 0.049990 0.053100
3 0.246880 0.424990 0.057770 0.046880
3 0.326530 0.435930 0.049990 0.053100
3 0.399950 0.431220 0.054660 0.045270
3 0.759350 0.434380 0.051540 0.049990
3 0.264040 0.498420 0.062490 0.049990
3 0.334360 0.501530 0.065600 0.049990
3 0.459330 0.499980 0.049990 0.053100
3 0.610890 0.510920 0.053100 0.049990
3 0.754680 0.493710 0.065600 0.057770
3 0.262490 0.568730 0.060930 0.053100
3 0.328080 0.570290 0.056210 0.049990
3 0.399950 0.571850 0.054660 0.054660
3 0.468710 0.576520 0.051540 0.053100
3 0.606230 0.581230 0.048430 0.051540
3 0.745300 0.585900 0.062490 0.056210
3 0.262490 0.635930 0.064040 0.053100
3 0.326530 0.645270 0.054660 0.049990
3 0.390620 0.646830 0.059330 0.048430
3 0.470270 0.640600 0.049990 0.051540
3 0.603110 0.649990 0.057770 0.051540
3 0.749970 0.659370 0.067150 0.049990
3 0.253100 0.715590 0.060930 0.064040
3 0.329690 0.710920 0.056210 0.056210
3 0.396840 0.718750 0.053100 0.051540
3 0.468710 0.712470 0.056210 0.057770
3 0.537470 0.724970 0.053100 0.067150
3 0.603110 0.720300 0.056210 0.062490
3 0.674980 0.724970 0.054660 0.076540
3 0.751520 0.729690 0.060930 0.068710
