9 0.874980 0.095310 0.073430 0.082760
10 0.806230 0.092150 0.107800 0.128080
11 0.664040 0.084370 0.070270 0.099980
2 0.562460 0.095310 0.067150 0.093710
5 0.464040 0.104650 0.073430 0.093710
9 0.357790 0.109360 0.060930 0.078100
3 0.240600 0.109360 0.062490 0.070270
11 0.121860 0.095310 0.095310 0.092150
0 0.873430 0.203110 0.085920 0.085920
11 0.790620 0.207780 0.084370 0.085920
6 0.628110 0.231220 0.062490 0.081210
3 0.567180 0.200000 0.054660 0.062490
5 0.465600 0.207780 0.065600 0.082760
8 0.367180 0.220280 0.070270 0.093710
5 0.235930 0.209340 0.084370 0.087480
9 0.146850 0.218720 0.071870 0.062490
8 0.868710 0.315590 0.099980 0.082760
4 0.776520 0.299980 0.106250 0.089040
1 0.651540 0.314030 0.089040 0.090590
10 0.543740 0.324970 0.074980 0.087480
8 0.464040 0.331240 0.071870 0.076540
6 0.356240 0.334360 0.070270 0.068710
9 0.256210 0.345300 0.064040 0.059330
3 0.140580 0.345300 0.076540 0.057770
0 0.864040 0.418720 0.090590 0.059330
9 0.757790 0.439050 0.059330 0.054660
7 0.671870 0.421840 0.090590 0.078100
4 0.543740 0.410890 0.074980 0.078100
7 0.446880 0.415610 0.081210 0.074980
6 0.367180 0.429660 0.070270 0.059330
3 0.251540 0.420280 0.067150 0.054660
9 0.160910 0.418720 0.079650 0.056210
6 0.873430 0.524970 0.093710 0.062490
0 0.765580 0.521860 0.070270 0.064040
11 0.673430 0.521860 0.074980 0.064040
3 0.570290 0.548410 0.054660 0.054660
1 0.442160 0.517190 0.079650 0.074980
0 0.337470 0.532800 0.071870 0.059330
6 0.254660 0.521860 0.081210 0.064040
2 0.146850 0.526530 0.096860 0.071870
9 0.840600 0.620280 0.078100 0.051540
2 0.770290 0.643720 0.079650 0.089040
8 0.665600 0.629660 0.078100 0.081210
5 0.545300 0.634380 0.062490 0.071870
5 0.437490 0.623440 0.065600 0.073430
10 0.346850 0.618720 0.095310 0.089040
1 0.235930 0.631220 0.107800 0.087480
2 0.132800 0.634380 0.106250 0.071870
0 0.873430 0.746850 0.095310 0.082760
3 0.773400 0.726530 0.064040 0.064040
3 0.662490 0.734360 0.057770 0.064040
7 0.571850 0.728080 0.081210 0.101530
3 0.474980 0.731240 0.054660 0.062490
4 0.354680 0.760910 0.089040 0.107800
3 0.264040 0.731240 0.065600 0.071870
5 0.135910 0.742180 0.095310 0.082760
9 0.868710 0.839050 0.079650 0.074980
8 0.762460 0.851540 0.073430 0.106250
9 0.682760 0.839050 0.054660 0.074980
3 0.557790 0.823440 0.054660 0.070270
8 0.459330 0.856210 0.071870 0.098420
6 0.356240 0.862490 0.070270 0.093710
9 0.248430 0.856210 0.060930 0.071870
9 0.137470 0.851540 0.065600 0.073430
