11 0.278100 0.410890 0.070270 0.073430
11 0.685920 0.559350 0.060930 0.053100
11 0.693710 0.496860 0.076540 0.057770
11 0.757790 0.559350 0.067150 0.054660
9 0.346850 0.279650 0.045270 0.079650
9 0.354680 0.353120 0.067150 0.067150
9 0.412500 0.621840 0.056210 0.057770
9 0.429660 0.695310 0.064040 0.062490
9 0.489040 0.628110 0.056210 0.068710
9 0.479650 0.351520 0.062490 0.056210
9 0.478100 0.282760 0.060930 0.078100
9 0.623440 0.285920 0.057770 0.073430
9 0.623440 0.354680 0.056210 0.065600
9 0.628110 0.415610 0.054660 0.056210
9 0.554680 0.712470 0.051540 0.074980
8 0.265600 0.487480 0.067150 0.079650
8 0.418720 0.542180 0.073430 0.057770
8 0.492150 0.557790 0.059330 0.070270
8 0.557790 0.631220 0.062490 0.059330
7 0.274980 0.256210 0.068710 0.103090
6 0.273430 0.340630 0.068710 0.059330
6 0.484370 0.415610 0.054660 0.078100
6 0.556240 0.414050 0.060930 0.062490
6 0.557790 0.554680 0.067150 0.064040
6 0.759350 0.629660 0.073430 0.071870
5 0.259370 0.715590 0.085920 0.081210
5 0.621840 0.701530 0.065600 0.067150
3 0.339020 0.478100 0.062490 0.059330
3 0.553080 0.493710 0.060930 0.067150
3 0.685920 0.357790 0.056210 0.071870
3 0.690590 0.284370 0.060930 0.073430
3 0.689040 0.620280 0.053100 0.062490
3 0.626550 0.556240 0.051540 0.062490
3 0.259370 0.785900 0.092150 0.062490
2 0.562460 0.351520 0.067150 0.045270
2 0.557790 0.281210 0.073430 0.071870
2 0.699980 0.417170 0.074980 0.062490
0 0.265600 0.564020 0.067150 0.048430
0 0.259370 0.631220 0.073430 0.059330
0 0.490590 0.698420 0.046880 0.068710
0 0.629660 0.487480 0.064040 0.056210
0 0.489040 0.481210 0.068710 0.054660
0 0.698420 0.698420 0.068710 0.081210
0 0.621840 0.624990 0.062490 0.060930
