2 0.804670 0.321860 0.104650 0.076540
2 0.800000 0.410890 0.098420 0.073430
2 0.804670 0.498420 0.096860 0.068710
0 0.279650 0.253100 0.074980 0.098420
0 0.374960 0.334360 0.062490 0.093710
0 0.465600 0.401560 0.053100 0.079650
0 0.532800 0.496860 0.065600 0.062490
0 0.618720 0.576520 0.059330 0.064040
0 0.709360 0.679650 0.076540 0.089040
0 0.821840 0.762460 0.107800 0.103090
3 0.532800 0.181230 0.054660 0.068710
3 0.609340 0.174960 0.056210 0.070270
3 0.704650 0.174960 0.060930 0.084370
3 0.774960 0.174960 0.064040 0.081210
3 0.260930 0.768730 0.064040 0.074980
3 0.370290 0.760910 0.068710 0.065600
3 0.453100 0.774960 0.078100 0.081210
5 0.170290 0.664040 0.109360 0.084370
5 0.170290 0.784340 0.093710 0.099980
