9 0.221840 0.365580 0.045270 0.039050
9 0.281210 0.364020 0.042160 0.049990
9 0.342180 0.367180 0.035930 0.045270
9 0.587460 0.360910 0.034380 0.051540
9 0.271870 0.474980 0.045270 0.051540
3 0.457770 0.468710 0.042160 0.046880
3 0.332800 0.478100 0.043720 0.045270
0 0.390620 0.476540 0.039050 0.053100
0 0.401560 0.421840 0.043720 0.046880
1 0.393730 0.354680 0.048430 0.079650
4 0.453100 0.353120 0.039050 0.078100
5 0.265600 0.415610 0.056210 0.049990
5 0.460930 0.415610 0.043720 0.056210
5 0.582790 0.418720 0.049990 0.056210
6 0.207780 0.410890 0.046880 0.065600
6 0.203110 0.470270 0.059330 0.054660
7 0.515590 0.345300 0.053100 0.073430
8 0.517190 0.417170 0.051540 0.054660
8 0.523410 0.473430 0.051540 0.060930
10 0.640600 0.409340 0.046880 0.079650
