5 0.684370 0.735910 0.074980 0.087480
5 0.762460 0.651540 0.093710 0.081210
3 0.210890 0.639050 0.078100 0.054660
3 0.296860 0.559350 0.081210 0.064040
3 0.374960 0.499980 0.068710 0.062490
3 0.446880 0.423440 0.057770 0.068710
3 0.521860 0.356240 0.078100 0.073430
3 0.587460 0.281210 0.074980 0.074980
3 0.668710 0.201560 0.060930 0.079650
2 0.590620 0.496860 0.064040 0.078100
2 0.670270 0.417170 0.071870 0.067150
2 0.757790 0.270270 0.095310 0.071870
0 0.223440 0.493710 0.082760 0.081210
0 0.220280 0.339020 0.087480 0.079650
0 0.239050 0.189060 0.084370 0.104650
0 0.379670 0.195280 0.076540 0.103090
0 0.370290 0.346850 0.074980 0.079650
0 0.515590 0.190620 0.065600 0.104650
0 0.764020 0.735910 0.076540 0.087480
