0 0.490590 0.390620 0.024990 0.042160
0 0.320300 0.429660 0.029660 0.040600
0 0.410890 0.603110 0.032780 0.037490
0 0.396840 0.664040 0.034380 0.035930
0 0.589060 0.510920 0.035930 0.039050
0 0.489040 0.426550 0.029660 0.039050
1 0.435930 0.346850 0.031220 0.057770
1 0.399950 0.353120 0.034380 0.056210
2 0.360910 0.428110 0.031220 0.042160
2 0.346850 0.471870 0.032780 0.043720
2 0.446880 0.593730 0.035930 0.040600
2 0.446880 0.387460 0.031220 0.039050
1 0.406230 0.382790 0.029660 0.054660
4 0.531240 0.421840 0.031220 0.049990
4 0.390620 0.546850 0.039050 0.046880
4 0.534360 0.507800 0.035930 0.049990
5 0.404670 0.509360 0.031220 0.039050
5 0.504650 0.598400 0.031220 0.037490
5 0.631220 0.600000 0.039050 0.034380
5 0.498420 0.470270 0.031220 0.040600
5 0.606230 0.345300 0.028110 0.045270
11 0.551520 0.646830 0.035930 0.037490
11 0.623440 0.462490 0.031220 0.042160
11 0.367180 0.353120 0.031220 0.039050
11 0.481210 0.353120 0.028110 0.043720
11 0.490590 0.517190 0.029660 0.039050
10 0.356240 0.557790 0.035930 0.048430
10 0.403110 0.464040 0.039050 0.049990
10 0.601560 0.635930 0.037490 0.046880
9 0.582790 0.551520 0.032780 0.032780
9 0.451540 0.518750 0.034380 0.037490
9 0.364020 0.514030 0.026550 0.031220
9 0.362460 0.398400 0.028110 0.032780
9 0.532800 0.390620 0.026550 0.032780
9 0.576520 0.459330 0.029660 0.031220
9 0.565620 0.353120 0.029660 0.035930
8 0.359350 0.604670 0.042160 0.039050
8 0.456210 0.646830 0.042160 0.039050
8 0.646830 0.642160 0.043720 0.039050
8 0.570290 0.426550 0.034380 0.037490
8 0.404670 0.424990 0.037490 0.046880
8 0.570290 0.384340 0.034380 0.046880
11 0.631220 0.506250 0.034380 0.040600
7 0.314030 0.517190 0.045270 0.051540
7 0.531240 0.460930 0.031220 0.054660
7 0.618720 0.390620 0.039050 0.051540
6 0.320300 0.359350 0.035930 0.048430
6 0.526530 0.343740 0.031220 0.048430
6 0.446880 0.434380 0.032780 0.042160
6 0.620280 0.420280 0.028110 0.045270
6 0.446880 0.470270 0.031220 0.043720
6 0.537470 0.556240 0.034380 0.043720
