0 0.549970 0.684370 0.071870 0.074980
0 0.548410 0.529690 0.060930 0.062490
1 0.399950 0.365580 0.071870 0.090590
1 0.476540 0.456210 0.065600 0.073430
1 0.410890 0.537470 0.067150 0.067150
1 0.390620 0.693710 0.070270 0.082760
2 0.717190 0.231220 0.074980 0.078100
2 0.723410 0.378120 0.090590 0.065600
2 0.712470 0.531240 0.085920 0.059330
2 0.712470 0.692150 0.087480 0.068710
3 0.621840 0.232780 0.056210 0.068710
3 0.551520 0.382790 0.060930 0.057770
3 0.629660 0.767180 0.067150 0.062490
3 0.245270 0.537470 0.068710 0.053100
3 0.231220 0.692150 0.073430 0.059330
3 0.242160 0.373400 0.065600 0.056210
3 0.249990 0.223440 0.062490 0.070270
4 0.398400 0.207780 0.081210 0.107800
5 0.306250 0.614050 0.071870 0.065600
5 0.317190 0.299980 0.068710 0.073430
