11 0.368730 0.626550 0.053100 0.065600
11 0.435930 0.487480 0.056210 0.049990
11 0.685920 0.412500 0.062490 0.054660
11 0.496860 0.479650 0.060930 0.057770
9 0.295310 0.559350 0.054660 0.053100
9 0.435930 0.615610 0.054660 0.042160
9 0.565620 0.612500 0.053100 0.042160
9 0.624990 0.545300 0.043720 0.040600
9 0.559350 0.414050 0.046880 0.053100
9 0.553080 0.360910 0.046880 0.051540
9 0.548410 0.295310 0.043720 0.059330
9 0.423440 0.303090 0.042160 0.056210
9 0.420280 0.357790 0.037490 0.053100
9 0.303090 0.303090 0.064040 0.045270
9 0.303090 0.362460 0.043720 0.049990
8 0.615610 0.415610 0.053100 0.053100
8 0.620280 0.481210 0.059330 0.049990
8 0.684370 0.612500 0.068710 0.053100
8 0.432780 0.548410 0.060930 0.056210
7 0.682760 0.342180 0.071870 0.071870
6 0.365580 0.349970 0.046880 0.064040
6 0.235930 0.415610 0.060930 0.057770
6 0.296860 0.482760 0.057770 0.051540
6 0.490590 0.414050 0.051540 0.053100
6 0.490590 0.612500 0.053100 0.057770
5 0.232780 0.492150 0.068710 0.057770
5 0.371850 0.546850 0.060930 0.059330
3 0.435930 0.426550 0.060930 0.053100
3 0.495310 0.546850 0.043720 0.045270
3 0.559350 0.546850 0.056210 0.051540
3 0.615610 0.351520 0.051540 0.051540
3 0.614050 0.293710 0.062490 0.045270
3 0.232780 0.296860 0.056210 0.057770
3 0.621840 0.606230 0.049990 0.049990
2 0.685920 0.296860 0.062490 0.062490
2 0.364020 0.423440 0.068710 0.064040
2 0.559350 0.676540 0.049990 0.071870
0 0.228110 0.356240 0.064040 0.062490
0 0.362460 0.290590 0.060930 0.065600
0 0.231220 0.617170 0.067150 0.064040
0 0.687480 0.478100 0.054660 0.042160
0 0.557790 0.484370 0.046880 0.048430
0 0.298420 0.415610 0.046880 0.057770
0 0.232780 0.553080 0.074980 0.049990
