11 0.460930 0.221840 0.060930 0.089040
11 0.539020 0.229660 0.059330 0.074980
11 0.610890 0.221840 0.059330 0.076540
11 0.759350 0.226550 0.074980 0.079650
11 0.693710 0.301530 0.071870 0.079650
11 0.620280 0.462490 0.067150 0.059330
11 0.706250 0.526530 0.076540 0.059330
11 0.462490 0.535910 0.059330 0.056210
11 0.540630 0.610890 0.064040 0.060930
11 0.389060 0.614050 0.065600 0.056210
11 0.306250 0.617170 0.068710 0.065600
5 0.306250 0.218720 0.071870 0.084370
5 0.549970 0.296860 0.057770 0.079650
5 0.314030 0.378120 0.068710 0.071870
5 0.456210 0.376520 0.059330 0.073430
5 0.315590 0.460930 0.070270 0.057770
5 0.540630 0.454660 0.060930 0.062490
5 0.770290 0.379670 0.074980 0.070270
5 0.706250 0.612500 0.079650 0.068710
5 0.623440 0.765580 0.078100 0.071870
5 0.379670 0.696860 0.068710 0.070270
5 0.223440 0.696860 0.079650 0.074980
