9 0.237490 0.773400 0.068710 0.073430
9 0.371850 0.621840 0.056210 0.071870
9 0.524970 0.643720 0.056210 0.073430
9 0.399950 0.484370 0.053100 0.071870
9 0.356240 0.360910 0.049990 0.068710
6 0.612500 0.446880 0.064040 0.095310
8 0.412500 0.421840 0.068710 0.087480
11 0.290590 0.345300 0.068710 0.090590
7 0.293710 0.590620 0.092150 0.123410
11 0.081210 0.570290 0.092150 0.096860
9 0.106250 0.518750 0.068710 0.073430
6 0.128080 0.451540 0.087480 0.099980
10 0.153120 0.389060 0.092150 0.110920
8 0.174960 0.340630 0.084370 0.089040
9 0.200000 0.303090 0.056210 0.071870
9 0.217170 0.262490 0.054660 0.070270
4 0.374960 0.301530 0.067150 0.104650
3 0.424990 0.793730 0.064040 0.079650
3 0.596840 0.731240 0.057770 0.073430
3 0.676540 0.407780 0.049990 0.070270
3 0.684370 0.356240 0.046880 0.068710
1 0.756240 0.349970 0.082760 0.124970
0 0.762460 0.667150 0.082760 0.103090
5 0.771850 0.842160 0.092150 0.096860
3 0.893710 0.746850 0.073430 0.076540
5 0.890590 0.676540 0.092150 0.096860
2 0.884370 0.604670 0.093710 0.093710
3 0.871870 0.551520 0.064040 0.073430
3 0.865600 0.501530 0.060930 0.071870
0 0.868710 0.440600 0.078100 0.099980
2 0.856210 0.390620 0.078100 0.089040
3 0.846880 0.354680 0.054660 0.070270
