5 0.215610 0.281210 0.092150 0.087480
5 0.317190 0.165580 0.099980 0.079650
3 0.584340 0.187460 0.093710 0.079650
3 0.657770 0.179670 0.064040 0.092150
3 0.759350 0.198400 0.085920 0.087480
3 0.843720 0.190620 0.070270 0.076540
3 0.846880 0.268710 0.084370 0.065600
3 0.835930 0.348410 0.089040 0.049990
3 0.824990 0.439050 0.081210 0.059330
2 0.237490 0.701530 0.087480 0.096860
2 0.245270 0.768730 0.096860 0.085920
2 0.332800 0.784340 0.062490 0.109360
0 0.570290 0.792170 0.070270 0.099980
0 0.657770 0.789060 0.074980 0.095310
0 0.751520 0.771850 0.093710 0.109360
0 0.814050 0.774960 0.103090 0.098420
0 0.826550 0.706250 0.093710 0.081210
0 0.846880 0.609340 0.090590 0.074980
0 0.835930 0.524970 0.093710 0.060930
