11 0.149970 0.699980 0.104650 0.101530
9 0.246880 0.710920 0.073430 0.073430
9 0.271870 0.603110 0.065600 0.076540
9 0.468710 0.437490 0.054660 0.078100
9 0.290590 0.509360 0.062490 0.076540
9 0.312470 0.353120 0.059330 0.079650
9 0.321860 0.290590 0.057770 0.081210
9 0.337470 0.223440 0.054660 0.081210
9 0.348410 0.165580 0.053100 0.081210
8 0.162460 0.603110 0.106250 0.093710
6 0.196840 0.503090 0.092150 0.104650
7 0.212500 0.406230 0.107800 0.137470
10 0.228110 0.337470 0.093710 0.123410
6 0.246880 0.267150 0.079650 0.110920
8 0.256210 0.215610 0.084370 0.103090
11 0.274980 0.148410 0.073430 0.104650
3 0.751520 0.745300 0.073430 0.078100
3 0.743740 0.646830 0.070270 0.076540
3 0.740580 0.546850 0.064040 0.079650
3 0.567180 0.374960 0.053100 0.078100
3 0.737470 0.459330 0.060930 0.078100
3 0.724970 0.318750 0.056210 0.078100
3 0.712470 0.249990 0.054660 0.081210
3 0.717190 0.187460 0.051540 0.081210
5 0.860930 0.742180 0.107800 0.101530
2 0.846880 0.649990 0.109360 0.093710
0 0.837490 0.540630 0.095310 0.104650
4 0.821840 0.379670 0.098420 0.124970
0 0.810890 0.312470 0.081210 0.114030
2 0.800000 0.253100 0.084370 0.106250
5 0.793730 0.187460 0.073430 0.104650
