11 0.365580 0.643720 0.053100 0.056210
11 0.434380 0.506250 0.051540 0.048430
11 0.498420 0.498420 0.059330 0.054660
11 0.692150 0.435930 0.059330 0.053100
9 0.317190 0.378120 0.062490 0.060930
9 0.314030 0.320300 0.049990 0.054660
9 0.429660 0.318750 0.049990 0.056210
9 0.432780 0.374960 0.048430 0.048430
9 0.559350 0.312470 0.049990 0.057770
9 0.557790 0.381230 0.043720 0.051540
9 0.565620 0.429660 0.037490 0.045270
9 0.628110 0.565620 0.051540 0.048430
9 0.578120 0.631220 0.046880 0.051540
9 0.445270 0.637490 0.042160 0.048430
9 0.303090 0.579670 0.053100 0.049990
8 0.623440 0.443720 0.054660 0.059330
8 0.628110 0.507800 0.053100 0.049990
8 0.692150 0.634380 0.067150 0.059330
8 0.439050 0.568730 0.057770 0.065600
7 0.693710 0.365580 0.073430 0.067150
6 0.242160 0.434380 0.064040 0.053100
6 0.371850 0.371850 0.049990 0.062490
6 0.301530 0.499980 0.054660 0.046880
6 0.498420 0.634380 0.060930 0.056210
6 0.493710 0.432780 0.051540 0.068710
5 0.239050 0.510920 0.067150 0.057770
5 0.373400 0.559350 0.059330 0.053100
3 0.629660 0.635930 0.054660 0.049990
3 0.564020 0.565620 0.059330 0.043720
3 0.506250 0.570290 0.049990 0.060930
3 0.434380 0.442160 0.056210 0.056210
3 0.618720 0.371850 0.051540 0.046880
3 0.620280 0.315590 0.056210 0.057770
3 0.246880 0.314030 0.057770 0.060930
2 0.692150 0.317190 0.062490 0.062490
2 0.562460 0.701530 0.062490 0.070270
2 0.374960 0.440600 0.054660 0.064040
0 0.237490 0.368730 0.067150 0.060930
0 0.373400 0.309360 0.049990 0.079650
0 0.234380 0.640600 0.070270 0.060930
0 0.564020 0.501530 0.059330 0.059330
0 0.690590 0.503090 0.062490 0.049990
0 0.301530 0.437490 0.056210 0.053100
0 0.237490 0.568730 0.067150 0.062490
