3 0.548410 0.312470 0.048430 0.049990
3 0.626550 0.532800 0.049990 0.043720
3 0.779670 0.309360 0.060930 0.051540
3 0.692150 0.232780 0.051540 0.056210
3 0.770290 0.232780 0.057770 0.056210
3 0.243720 0.532800 0.056210 0.042160
3 0.315590 0.765580 0.051540 0.056210
1 0.470270 0.298420 0.056210 0.081210
1 0.787460 0.529690 0.099980 0.049990
1 0.468710 0.699980 0.062490 0.087480
1 0.228110 0.609340 0.089040 0.067150
2 0.471870 0.610890 0.057770 0.062490
2 0.546850 0.687480 0.064040 0.071870
2 0.395280 0.459330 0.056210 0.059330
2 0.390620 0.528080 0.065600 0.056210
6 0.234380 0.218720 0.070270 0.073430
6 0.468710 0.528080 0.043720 0.053100
6 0.548410 0.606230 0.057770 0.051540
6 0.393730 0.606230 0.056210 0.056210
9 0.312470 0.681210 0.054660 0.053100
9 0.320300 0.524970 0.053100 0.051540
9 0.615610 0.228110 0.053100 0.057770
9 0.467150 0.234380 0.045270 0.048430
11 0.698420 0.617170 0.070270 0.054660
11 0.698420 0.456210 0.071870 0.056210
11 0.387460 0.764020 0.056210 0.068710
0 0.539020 0.459330 0.057770 0.051540
0 0.696860 0.762460 0.070270 0.070270
5 0.618720 0.378120 0.064040 0.060930
5 0.314030 0.453100 0.064040 0.054660
8 0.548410 0.532800 0.059330 0.059330
8 0.468710 0.456210 0.056210 0.065600
4 0.315590 0.374960 0.078100 0.074980
10 0.392170 0.685920 0.065600 0.076540
