10 0.585900 0.456210 0.059330 0.056210
10 0.585900 0.301530 0.060930 0.079650
10 0.362460 0.304650 0.073430 0.074980
10 0.285920 0.443720 0.082760 0.060930
10 0.287480 0.674980 0.079650 0.073430
10 0.371850 0.674980 0.068710 0.074980
10 0.443720 0.751520 0.057770 0.078100
9 0.439050 0.390620 0.045270 0.048430
9 0.504650 0.449990 0.043720 0.043720
9 0.518750 0.368730 0.045270 0.043720
9 0.449990 0.318750 0.043720 0.046880
9 0.714030 0.232780 0.049990 0.056210
9 0.656210 0.520300 0.049990 0.043720
9 0.651540 0.667150 0.048430 0.054660
9 0.579670 0.668710 0.049990 0.048430
9 0.793730 0.657770 0.056210 0.053100
9 0.371850 0.521860 0.048430 0.043720
9 0.507800 0.587460 0.048430 0.042160
7 0.510920 0.224990 0.056210 0.090590
7 0.803110 0.224990 0.085920 0.090590
7 0.287480 0.299980 0.078100 0.081210
7 0.295310 0.595280 0.079650 0.059330
7 0.440600 0.600000 0.057770 0.062490
6 0.582790 0.742180 0.049990 0.059330
6 0.373400 0.601560 0.048430 0.049990
6 0.440600 0.665600 0.045270 0.056210
6 0.365580 0.745300 0.051540 0.057770
4 0.376520 0.221840 0.060930 0.081210
4 0.665600 0.365580 0.068710 0.068710
4 0.512470 0.518750 0.056210 0.056210
4 0.374960 0.453100 0.065600 0.054660
1 0.290590 0.754680 0.074980 0.082760
