4 0.787460 0.451540 0.118750 0.068710
0 0.604670 0.278100 0.068710 0.070270
0 0.621840 0.603110 0.076540 0.068710
1 0.282760 0.351520 0.089040 0.090590
1 0.178120 0.432780 0.107800 0.081210
1 0.189060 0.531240 0.104650 0.067150
1 0.295310 0.614050 0.078100 0.073430
2 0.451540 0.214050 0.067150 0.074980
2 0.532800 0.214050 0.065600 0.081210
2 0.534360 0.689040 0.065600 0.076540
2 0.456210 0.696860 0.068710 0.076540
3 0.381230 0.365580 0.059330 0.056210
3 0.451540 0.460930 0.057770 0.057770
3 0.531240 0.371850 0.054660 0.062490
3 0.684370 0.374960 0.065600 0.064040
3 0.684370 0.528080 0.074980 0.057770
3 0.534360 0.531240 0.062490 0.059330
3 0.389060 0.524970 0.064040 0.062490
5 0.365580 0.274980 0.064040 0.085920
5 0.370290 0.696860 0.059330 0.076540
