9 0.228110 0.764020 0.070270 0.074980
9 0.368730 0.618720 0.057770 0.071870
9 0.520300 0.645270 0.059330 0.074980
9 0.399950 0.481210 0.054660 0.071870
9 0.362460 0.356240 0.053100 0.068710
6 0.614050 0.449990 0.067150 0.096860
8 0.415610 0.418720 0.070270 0.089040
11 0.296860 0.337470 0.071870 0.090590
7 0.290590 0.584340 0.095310 0.124970
11 0.079650 0.556240 0.095310 0.099980
9 0.104650 0.506250 0.070270 0.074980
6 0.129690 0.437490 0.090590 0.101530
10 0.157790 0.378120 0.095310 0.112470
8 0.181230 0.329690 0.085920 0.090590
9 0.207780 0.292150 0.057770 0.071870
9 0.224990 0.251540 0.057770 0.070270
4 0.381230 0.296860 0.070270 0.106250
3 0.415610 0.790620 0.067150 0.081210
3 0.587460 0.734360 0.059330 0.074980
3 0.679650 0.414050 0.051540 0.071870
3 0.689040 0.362460 0.048430 0.068710
1 0.760910 0.359350 0.085920 0.126530
0 0.756240 0.676540 0.085920 0.104650
5 0.759350 0.851540 0.095310 0.099980
3 0.884370 0.759350 0.076540 0.079650
5 0.884370 0.690590 0.095310 0.099980
2 0.881210 0.618720 0.095310 0.095310
3 0.868710 0.565620 0.065600 0.074980
3 0.865600 0.514030 0.062490 0.073430
0 0.870270 0.453100 0.081210 0.101530
2 0.860930 0.403110 0.081210 0.090590
3 0.853100 0.367180 0.056210 0.071870
