5 0.624990 0.493710 0.078100 0.104650
5 0.423440 0.682760 0.073430 0.089040
5 0.421840 0.474980 0.062490 0.107800
6 0.207780 0.393730 0.071870 0.121860
3 0.207780 0.498420 0.064040 0.087480
3 0.331240 0.409340 0.049990 0.085920
3 0.334360 0.496860 0.054660 0.085920
3 0.512470 0.410890 0.046880 0.081210
3 0.501530 0.493710 0.049990 0.084370
3 0.417170 0.412500 0.049990 0.079650
3 0.445270 0.573400 0.054660 0.082760
9 0.310920 0.593730 0.059330 0.085920
9 0.609340 0.417170 0.053100 0.081210
5 0.624990 0.495310 0.081210 0.109360
5 0.421840 0.474980 0.064040 0.109360
5 0.423440 0.682760 0.076540 0.092150
3 0.445270 0.573400 0.059330 0.087480
3 0.503090 0.493710 0.056210 0.090590
3 0.512470 0.409340 0.051540 0.084370
3 0.415610 0.410890 0.053100 0.082760
3 0.332800 0.409340 0.054660 0.090590
3 0.334360 0.496860 0.059330 0.089040
3 0.206230 0.498420 0.068710 0.092150
9 0.310920 0.593730 0.064040 0.093710
9 0.609340 0.415610 0.057770 0.084370
6 0.206230 0.393730 0.078100 0.124970
