6 0.409340 0.356240 0.067150 0.064040
6 0.604670 0.284370 0.051540 0.070270
6 0.751520 0.271870 0.068710 0.081210
6 0.335910 0.648430 0.068710 0.068710
4 0.756240 0.431220 0.092150 0.065600
4 0.537470 0.496860 0.059330 0.062490
4 0.751520 0.639050 0.089040 0.079650
4 0.751520 0.718750 0.092150 0.085920
7 0.543740 0.278100 0.065600 0.081210
7 0.246880 0.353120 0.081210 0.068710
7 0.248430 0.424990 0.084370 0.064040
7 0.467150 0.426550 0.064040 0.062490
7 0.607780 0.565620 0.060930 0.062490
1 0.762460 0.565620 0.101530 0.068710
10 0.239050 0.270270 0.101530 0.067150
10 0.243720 0.492150 0.084370 0.060930
10 0.535910 0.790620 0.064040 0.101530
10 0.757790 0.495310 0.106250 0.062490
10 0.760910 0.354680 0.082760 0.074980
10 0.745300 0.782790 0.096860 0.098420
10 0.682760 0.640600 0.078100 0.087480
9 0.335910 0.278100 0.062490 0.057770
9 0.409340 0.271870 0.056210 0.062490
9 0.671870 0.273430 0.045270 0.056210
9 0.326530 0.354680 0.064040 0.043720
9 0.334360 0.426550 0.046880 0.053100
9 0.332800 0.560910 0.056210 0.054660
9 0.334360 0.782790 0.056210 0.062490
9 0.390620 0.779670 0.049990 0.068710
9 0.462490 0.779670 0.043720 0.065600
9 0.614050 0.774960 0.054660 0.068710
9 0.682760 0.768730 0.056210 0.054660
