3 0.567180 0.253100 0.081210 0.090590
3 0.470270 0.264040 0.081210 0.098420
3 0.379670 0.268710 0.081210 0.093710
3 0.281210 0.278100 0.090590 0.093710
3 0.187460 0.287480 0.103090 0.099980
9 0.885920 0.579670 0.112470 0.098420
9 0.971850 0.584340 0.049990 0.085920
9 0.757790 0.587460 0.103090 0.090590
9 0.637490 0.596840 0.103090 0.090590
9 0.518750 0.603110 0.098420 0.085920
9 0.421840 0.626550 0.103090 0.093710
9 0.282760 0.632780 0.117190 0.095310
9 0.153120 0.642160 0.124970 0.085920
8 0.923410 0.659370 0.143740 0.126530
6 0.789060 0.674980 0.126530 0.117190
10 0.662490 0.678100 0.129690 0.135910
7 0.523410 0.692150 0.140580 0.134360
6 0.398400 0.721860 0.124970 0.104650
8 0.273430 0.723410 0.131240 0.126530
11 0.137470 0.742180 0.160910 0.112470
1 0.551520 0.159350 0.095310 0.179670
5 0.831220 0.167180 0.093710 0.109360
2 0.740580 0.171850 0.085920 0.126530
0 0.642160 0.174960 0.090590 0.126530
4 0.456210 0.179670 0.104650 0.153120
0 0.370290 0.203110 0.093710 0.124970
2 0.278100 0.207780 0.093710 0.117190
5 0.181230 0.226550 0.117190 0.107800
3 0.856210 0.228110 0.085920 0.098420
3 0.756240 0.232780 0.082760 0.093710
3 0.664040 0.243720 0.085920 0.095310
