6 0.404670 0.264040 0.045270 0.064040
6 0.524970 0.267150 0.042160 0.070270
6 0.590620 0.262490 0.049990 0.059330
6 0.721860 0.265600 0.053100 0.059330
4 0.406230 0.390620 0.064040 0.057770
4 0.656210 0.453100 0.074980 0.062490
4 0.526530 0.514030 0.057770 0.054660
4 0.403110 0.512470 0.059330 0.043720
7 0.465600 0.326530 0.056210 0.071870
7 0.660930 0.256210 0.056210 0.082760
7 0.651540 0.390620 0.068710 0.057770
7 0.728080 0.648430 0.081210 0.062490
7 0.532800 0.584340 0.053100 0.051540
1 0.732800 0.520300 0.065600 0.056210
10 0.589060 0.320300 0.051540 0.068710
10 0.792170 0.265600 0.081210 0.085920
10 0.529690 0.390620 0.046880 0.068710
10 0.465600 0.635930 0.060930 0.056210
10 0.531240 0.709360 0.062490 0.062490
10 0.334360 0.582790 0.062490 0.057770
10 0.334360 0.512470 0.062490 0.053100
9 0.406230 0.328080 0.045270 0.037490
9 0.649990 0.334360 0.051540 0.045270
9 0.587460 0.403110 0.043720 0.045270
9 0.532800 0.457770 0.051540 0.040600
9 0.787460 0.517190 0.042160 0.056210
9 0.784340 0.585900 0.059330 0.048430
9 0.464040 0.517190 0.053100 0.040600
9 0.404670 0.578120 0.046880 0.054660
9 0.340630 0.642160 0.049990 0.049990
9 0.784340 0.657770 0.060930 0.049990
9 0.470270 0.395280 0.045270 0.046880
