10 0.248430 0.190620 0.098420 0.090590
10 0.553080 0.254660 0.064040 0.079650
10 0.695310 0.253100 0.074980 0.084370
10 0.682760 0.556240 0.073430 0.078100
10 0.478100 0.553080 0.065600 0.065600
10 0.478100 0.339020 0.068710 0.068710
10 0.328080 0.417170 0.095310 0.064040
7 0.776520 0.332800 0.078100 0.067150
7 0.774960 0.479650 0.089040 0.062490
7 0.617170 0.631220 0.062490 0.071870
7 0.331240 0.624990 0.084370 0.074980
7 0.239050 0.699980 0.092150 0.082760
6 0.484370 0.692150 0.049990 0.067150
6 0.554680 0.693710 0.046880 0.062490
6 0.339020 0.548410 0.062490 0.049990
6 0.271870 0.487480 0.068710 0.049990
4 0.473430 0.417170 0.062490 0.057770
4 0.614050 0.412500 0.062490 0.059330
4 0.760910 0.712470 0.078100 0.084370
4 0.784340 0.168730 0.081210 0.099980
1 0.328080 0.271870 0.087480 0.073430
