8 0.590620 0.649990 0.057770 0.051540
6 0.653100 0.649990 0.054660 0.048430
8 0.582790 0.587460 0.049990 0.048430
4 0.651540 0.596840 0.070270 0.053100
5 0.640600 0.467150 0.057770 0.045270
5 0.639050 0.523410 0.059330 0.035930
5 0.584340 0.531240 0.059330 0.046880
11 0.581230 0.474980 0.057770 0.042160
11 0.570290 0.410890 0.057770 0.045270
10 0.639050 0.404670 0.070270 0.059330
5 0.573400 0.349970 0.056210 0.046880
1 0.642160 0.331240 0.078100 0.059330
0 0.568730 0.279650 0.057770 0.054660
0 0.629660 0.217170 0.057770 0.051540
6 0.560910 0.212500 0.049990 0.054660
7 0.635930 0.274980 0.076540 0.060930
