3 0.245270 0.235930 0.053100 0.059330
3 0.248430 0.239050 0.053100 0.056210
3 0.393730 0.237490 0.046880 0.064040
3 0.392170 0.239050 0.056210 0.056210
3 0.590620 0.226550 0.046880 0.062490
3 0.590620 0.228110 0.053100 0.060930
3 0.249990 0.314030 0.057770 0.056210
3 0.249990 0.314030 0.057770 0.060930
3 0.317190 0.307800 0.051540 0.056210
3 0.318750 0.303090 0.051540 0.054660
3 0.392170 0.301530 0.051540 0.051540
3 0.387460 0.303090 0.059330 0.059330
3 0.465600 0.307800 0.046880 0.056210
3 0.465600 0.307800 0.056210 0.059330
3 0.596840 0.298420 0.043720 0.056210
3 0.596840 0.296860 0.057770 0.054660
3 0.670270 0.289040 0.053100 0.056210
3 0.667150 0.293710 0.059330 0.053100
3 0.739020 0.301530 0.056210 0.053100
3 0.742180 0.299980 0.060930 0.054660
3 0.243720 0.384340 0.054660 0.057770
3 0.246880 0.382790 0.073430 0.059330
3 0.315590 0.370290 0.049990 0.054660
3 0.317190 0.374960 0.057770 0.067150
3 0.387460 0.376520 0.043720 0.053100
3 0.390620 0.374960 0.056210 0.051540
3 0.534360 0.370290 0.045270 0.056210
3 0.535910 0.370290 0.056210 0.049990
3 0.596840 0.371850 0.043720 0.051540
3 0.598400 0.370290 0.049990 0.051540
3 0.673430 0.371850 0.049990 0.057770
3 0.674980 0.370290 0.057770 0.056210
3 0.748410 0.359350 0.062490 0.051540
3 0.746850 0.367180 0.059330 0.057770
3 0.251540 0.454660 0.060930 0.049990
3 0.253100 0.456210 0.059330 0.062490
3 0.329690 0.457770 0.054660 0.049990
3 0.328080 0.446880 0.068710 0.056210
3 0.468710 0.435930 0.054660 0.046880
3 0.467150 0.440600 0.042160 0.067150
3 0.612500 0.442160 0.048430 0.051540
3 0.614050 0.442160 0.059330 0.057770
3 0.753120 0.439050 0.057770 0.051540
3 0.754680 0.435930 0.059330 0.056210
3 0.245270 0.526530 0.067150 0.049990
3 0.243720 0.531240 0.078100 0.049990
3 0.390620 0.507800 0.049990 0.045270
3 0.393730 0.509360 0.048430 0.059330
3 0.537470 0.518750 0.046880 0.049990
3 0.539020 0.518750 0.056210 0.051540
3 0.685920 0.512470 0.049990 0.048430
3 0.687480 0.512470 0.054660 0.053100
3 0.257770 0.589060 0.060930 0.046880
3 0.257770 0.592170 0.064040 0.056210
3 0.332800 0.601560 0.056210 0.051540
3 0.331240 0.598400 0.054660 0.049990
3 0.471870 0.579670 0.049990 0.049990
3 0.474980 0.582790 0.049990 0.059330
3 0.534360 0.593730 0.049990 0.046880
3 0.540630 0.593730 0.049990 0.051540
3 0.615610 0.581230 0.051540 0.049990
3 0.618720 0.581230 0.045270 0.054660
3 0.684370 0.582790 0.056210 0.049990
3 0.690590 0.587460 0.062490 0.062490
3 0.764020 0.565620 0.067150 0.053100
3 0.765580 0.565620 0.059330 0.068710
3 0.248430 0.664040 0.065600 0.049990
3 0.253100 0.668710 0.064040 0.060930
3 0.392170 0.665600 0.051540 0.053100
3 0.393730 0.665600 0.054660 0.062490
3 0.470270 0.656210 0.046880 0.053100
3 0.471870 0.654660 0.062490 0.057770
3 0.546850 0.659370 0.056210 0.051540
3 0.549970 0.659370 0.056210 0.060930
3 0.684370 0.656210 0.054660 0.049990
3 0.684370 0.662490 0.067150 0.056210
3 0.759350 0.642160 0.062490 0.049990
3 0.760910 0.646830 0.064040 0.054660
3 0.242160 0.745300 0.068710 0.056210
3 0.246880 0.743740 0.062490 0.057770
3 0.320300 0.737470 0.053100 0.049990
3 0.321860 0.745300 0.060930 0.056210
3 0.387460 0.729690 0.051540 0.056210
3 0.393730 0.734360 0.065600 0.070270
3 0.628110 0.709360 0.051540 0.046880
3 0.626550 0.717190 0.057770 0.068710
3 0.768730 0.718750 0.065600 0.057770
3 0.770290 0.721860 0.062490 0.065600
