3 0.307800 0.248430 0.049990 0.060930
3 0.385900 0.401560 0.049990 0.059330
3 0.529690 0.476540 0.048430 0.053100
3 0.603110 0.476540 0.057770 0.049990
3 0.665600 0.549970 0.056210 0.048430
3 0.662490 0.406230 0.056210 0.048430
3 0.749970 0.265600 0.070270 0.065600
3 0.751520 0.628110 0.067150 0.049990
3 0.449990 0.626550 0.046880 0.049990
3 0.451540 0.548410 0.059330 0.053100
3 0.374960 0.698420 0.051540 0.048430
3 0.299980 0.623440 0.054660 0.053100
3 0.221840 0.560910 0.065600 0.051540
3 0.214050 0.796840 0.057770 0.071870
3 0.231220 0.399950 0.057770 0.053100
8 0.749970 0.410890 0.079650 0.057770
8 0.292150 0.704650 0.078100 0.064040
4 0.293710 0.474980 0.074980 0.068710
5 0.453100 0.334360 0.062490 0.078100
5 0.674980 0.629660 0.078100 0.068710
2 0.307800 0.326530 0.068710 0.074980
2 0.451540 0.474980 0.057770 0.059330
2 0.534360 0.640600 0.068710 0.070270
2 0.671870 0.709360 0.074980 0.073430
