10 0.729690 0.396840 0.071870 0.054660
10 0.731240 0.467150 0.081210 0.054660
10 0.723410 0.601560 0.074980 0.065600
10 0.268710 0.726530 0.079650 0.081210
10 0.268710 0.531240 0.074980 0.057770
10 0.259370 0.407780 0.087480 0.056210
10 0.256210 0.340630 0.082760 0.048430
7 0.254660 0.273430 0.078100 0.057770
7 0.273430 0.603110 0.071870 0.068710
7 0.735910 0.334360 0.081210 0.064040
7 0.728080 0.731240 0.067150 0.078100
7 0.334360 0.473430 0.068710 0.056210
6 0.321860 0.279650 0.056210 0.049990
6 0.324970 0.345300 0.053100 0.049990
6 0.339020 0.407780 0.062490 0.046880
6 0.526530 0.273430 0.054660 0.062490
9 0.523410 0.339020 0.045270 0.043720
9 0.523410 0.404670 0.043720 0.039050
9 0.524970 0.470270 0.042160 0.045270
9 0.529690 0.529690 0.043720 0.053100
9 0.531240 0.595280 0.045270 0.049990
9 0.345300 0.651540 0.049990 0.049990
9 0.401560 0.660930 0.042160 0.056210
9 0.468710 0.659370 0.046880 0.049990
9 0.531240 0.659370 0.042160 0.043720
9 0.595280 0.653100 0.043720 0.053100
9 0.654660 0.662490 0.043720 0.049990
4 0.254660 0.471870 0.078100 0.053100
4 0.271870 0.665600 0.070270 0.070270
4 0.726530 0.667150 0.065600 0.070270
4 0.728080 0.535910 0.076540 0.064040
1 0.740580 0.248430 0.076540 0.070270
