11 0.356240 0.600000 0.068710 0.060930
11 0.589060 0.598400 0.056210 0.064040
11 0.510920 0.367180 0.051540 0.056210
10 0.268710 0.209340 0.095310 0.099980
9 0.596840 0.449990 0.054660 0.060930
9 0.662490 0.595280 0.056210 0.051540
9 0.440600 0.518750 0.048430 0.056210
9 0.360910 0.521860 0.060930 0.049990
8 0.674980 0.370290 0.071870 0.064040
8 0.359350 0.743740 0.060930 0.081210
6 0.754680 0.528080 0.078100 0.071870
6 0.831220 0.673430 0.082760 0.074980
6 0.584340 0.754680 0.056210 0.082760
6 0.514030 0.673430 0.053100 0.064040
2 0.279650 0.671870 0.067150 0.060930
2 0.423440 0.681210 0.067150 0.078100
2 0.507800 0.521860 0.056210 0.056210
2 0.585900 0.520300 0.062490 0.068710
3 0.496860 0.206230 0.049990 0.065600
3 0.587460 0.293710 0.043720 0.049990
3 0.584340 0.370290 0.051540 0.053100
3 0.820280 0.439050 0.070270 0.045270
3 0.821840 0.520300 0.062490 0.049990
3 0.743740 0.673430 0.057770 0.060930
3 0.360910 0.673430 0.049990 0.057770
0 0.507800 0.453100 0.054660 0.053100
0 0.431220 0.293710 0.059330 0.062490
1 0.351520 0.435930 0.084370 0.056210
