7 0.214050 0.504650 0.109360 0.067150
7 0.381230 0.757790 0.085920 0.101530
7 0.545300 0.659370 0.081210 0.081210
7 0.789060 0.742180 0.101530 0.099980
7 0.459330 0.420280 0.074980 0.076540
10 0.209340 0.421840 0.095310 0.078100
10 0.207780 0.673430 0.110920 0.099980
10 0.465600 0.581230 0.074980 0.074980
10 0.545300 0.504650 0.076540 0.068710
10 0.701530 0.335910 0.101530 0.096860
10 0.784340 0.414050 0.104650 0.065600
10 0.624990 0.742180 0.087480 0.096860
6 0.534360 0.340630 0.068710 0.074980
6 0.540630 0.824990 0.068710 0.084370
6 0.706250 0.739020 0.071870 0.078100
6 0.223440 0.826550 0.076540 0.090590
4 0.385900 0.335910 0.071870 0.092150
4 0.706250 0.576520 0.096860 0.071870
4 0.543740 0.417170 0.071870 0.076540
4 0.379670 0.665600 0.081210 0.082760
1 0.465600 0.826550 0.074980 0.109360
