8 0.798400 0.253100 0.090590 0.104650
9 0.674980 0.256210 0.068710 0.082760
6 0.851540 0.276540 0.087480 0.118750
9 0.726530 0.281210 0.073430 0.087480
10 0.929690 0.295310 0.118750 0.153120
9 0.784340 0.312470 0.073430 0.087480
3 0.301530 0.320300 0.045270 0.054660
9 0.851540 0.343740 0.085920 0.098420
3 0.346850 0.349970 0.046880 0.045270
5 0.206230 0.349970 0.076540 0.109360
9 0.918750 0.378120 0.095310 0.099980
2 0.240600 0.387460 0.112470 0.131240
3 0.393730 0.398400 0.064040 0.071870
9 0.971850 0.412500 0.051540 0.098420
0 0.279650 0.420280 0.062490 0.139020
1 0.335910 0.445270 0.078100 0.210890
3 0.456210 0.454660 0.082760 0.099980
3 0.518750 0.507800 0.095310 0.109360
4 0.398400 0.515590 0.109360 0.189060
3 0.579670 0.564020 0.107800 0.112470
0 0.471870 0.593730 0.117190 0.167180
3 0.664040 0.632780 0.118750 0.126530
2 0.556240 0.684370 0.156240 0.157790
3 0.768730 0.726530 0.104650 0.134360
5 0.649990 0.768730 0.160910 0.176520
11 0.734360 0.235930 0.078100 0.099980
