11 0.482760 0.495310 0.057770 0.057770
11 0.498420 0.565620 0.060930 0.056210
11 0.645270 0.640600 0.059330 0.068710
11 0.412500 0.278100 0.062490 0.073430
9 0.292150 0.440600 0.062490 0.054660
9 0.364020 0.435930 0.059330 0.053100
9 0.420280 0.431220 0.059330 0.053100
9 0.557790 0.364020 0.049990 0.049990
9 0.628110 0.426550 0.056210 0.060930
9 0.637490 0.565620 0.062490 0.045270
9 0.357790 0.576520 0.060930 0.053100
9 0.301530 0.568730 0.059330 0.057770
9 0.368730 0.701530 0.053100 0.062490
9 0.299980 0.704650 0.060930 0.048430
9 0.573400 0.712470 0.053100 0.049990
8 0.423440 0.368730 0.068710 0.064040
8 0.498420 0.367180 0.062490 0.056210
8 0.631220 0.289040 0.054660 0.074980
8 0.560910 0.567180 0.056210 0.059330
7 0.496860 0.645270 0.060930 0.087480
6 0.418720 0.774960 0.057770 0.073430
6 0.710920 0.707800 0.065600 0.070270
6 0.421840 0.507800 0.068710 0.067150
6 0.490590 0.712470 0.060930 0.068710
6 0.353120 0.635930 0.068710 0.067150
5 0.635930 0.706250 0.059330 0.065600
5 0.498420 0.773400 0.046880 0.074980
3 0.290590 0.370290 0.054660 0.048430
3 0.559350 0.429660 0.060930 0.060930
3 0.560910 0.496860 0.054660 0.054660
3 0.712470 0.645270 0.064040 0.059330
3 0.296860 0.767180 0.068710 0.046880
3 0.428110 0.568730 0.046880 0.051540
3 0.632780 0.360910 0.056210 0.054660
2 0.704650 0.426550 0.060930 0.056210
2 0.703090 0.489040 0.065600 0.060930
2 0.292150 0.299980 0.068710 0.076540
0 0.489040 0.285920 0.049990 0.068710
0 0.487480 0.428110 0.057770 0.048430
0 0.623440 0.495310 0.062490 0.064040
0 0.640600 0.781230 0.057770 0.078100
0 0.562460 0.787460 0.056210 0.076540
0 0.351520 0.782790 0.056210 0.082760
0 0.424990 0.707800 0.059330 0.065600
