3 0.245270 0.242160 0.054660 0.057770
3 0.317190 0.254660 0.045270 0.062490
3 0.384340 0.246880 0.046880 0.062490
3 0.453100 0.260930 0.042160 0.060930
3 0.514030 0.249990 0.045270 0.064040
3 0.573400 0.249990 0.043720 0.057770
3 0.640600 0.246880 0.049990 0.059330
3 0.712470 0.243720 0.053100 0.054660
3 0.709360 0.301530 0.051540 0.053100
3 0.720300 0.371850 0.051540 0.045270
3 0.718750 0.440600 0.049990 0.056210
3 0.729690 0.565620 0.054660 0.045270
3 0.739020 0.642160 0.062490 0.045270
3 0.739020 0.715590 0.057770 0.053100
3 0.635930 0.306250 0.043720 0.049990
3 0.648430 0.374960 0.042160 0.051540
3 0.651540 0.442160 0.043720 0.048430
3 0.656210 0.574960 0.048430 0.043720
3 0.657770 0.643720 0.048430 0.049990
3 0.659370 0.709360 0.049990 0.048430
3 0.581230 0.314030 0.043720 0.049990
3 0.578120 0.367180 0.040600 0.049990
3 0.514030 0.312470 0.043720 0.057770
3 0.449990 0.370290 0.049990 0.051540
3 0.370290 0.309360 0.046880 0.053100
3 0.371850 0.371850 0.049990 0.049990
3 0.451540 0.584340 0.040600 0.048430
3 0.518750 0.710920 0.043720 0.051540
3 0.384340 0.578120 0.048430 0.045270
3 0.382790 0.654660 0.048430 0.051540
3 0.309360 0.309360 0.049990 0.053100
3 0.310920 0.368730 0.051540 0.054660
3 0.312470 0.445270 0.059330 0.059330
3 0.303090 0.509360 0.057770 0.043720
3 0.299980 0.568730 0.057770 0.046880
3 0.299980 0.640600 0.059330 0.045270
3 0.310920 0.728080 0.053100 0.054660
3 0.248430 0.315590 0.053100 0.054660
3 0.240600 0.378120 0.049990 0.048430
3 0.246880 0.449990 0.054660 0.046880
3 0.234380 0.510920 0.053100 0.045270
3 0.229660 0.578120 0.060930 0.049990
3 0.234380 0.656210 0.060930 0.049990
3 0.231220 0.735910 0.059330 0.051540
