9 0.403110 0.312470 0.024990 0.032780
9 0.440600 0.314030 0.024990 0.034380
9 0.534360 0.324970 0.024990 0.032780
9 0.535910 0.368730 0.024990 0.031220
9 0.487480 0.357790 0.024990 0.031220
9 0.443720 0.403110 0.024990 0.031220
9 0.403110 0.399950 0.024990 0.031220
9 0.321860 0.349970 0.026550 0.034380
9 0.265600 0.343740 0.028110 0.032780
9 0.256210 0.390620 0.029660 0.029660
9 0.253100 0.476540 0.029660 0.029660
9 0.299980 0.479650 0.029660 0.029660
9 0.356240 0.446880 0.026550 0.028110
9 0.343740 0.528080 0.026550 0.026550
9 0.371850 0.620280 0.026550 0.029660
9 0.428110 0.578120 0.026550 0.026550
9 0.429660 0.532800 0.026550 0.026550
9 0.468710 0.542180 0.024990 0.026550
9 0.479650 0.462490 0.026550 0.026550
9 0.440600 0.448430 0.024990 0.029660
9 0.571850 0.501530 0.026550 0.024990
9 0.554680 0.556240 0.026550 0.026550
9 0.514030 0.589060 0.026550 0.026550
9 0.474980 0.626550 0.026550 0.028110
3 0.396840 0.359350 0.026550 0.031220
3 0.449990 0.362460 0.028110 0.034380
3 0.306250 0.387460 0.028110 0.032780
3 0.360910 0.396840 0.028110 0.032780
3 0.251540 0.432780 0.029660 0.029660
3 0.393730 0.443720 0.026550 0.029660
3 0.392170 0.478100 0.029660 0.028110
3 0.437490 0.496860 0.028110 0.028110
3 0.304650 0.529690 0.029660 0.028110
3 0.379670 0.528080 0.026550 0.028110
3 0.243720 0.560910 0.031220 0.029660
3 0.337470 0.579670 0.028110 0.028110
3 0.285920 0.623440 0.029660 0.028110
3 0.240600 0.620280 0.032780 0.028110
3 0.418720 0.632780 0.024990 0.024990
3 0.478100 0.576520 0.024990 0.026550
3 0.492150 0.412500 0.023440 0.028110
3 0.571850 0.420280 0.026550 0.031220
3 0.564020 0.378120 0.024990 0.031220
3 0.524970 0.457770 0.023440 0.026550
3 0.531240 0.504650 0.024990 0.028110
3 0.524970 0.534360 0.024990 0.023440
3 0.514030 0.628110 0.028110 0.028110
3 0.557790 0.628110 0.026550 0.026550
