10 0.149970 0.123410 0.110920 0.109360
10 0.256210 0.223440 0.090590 0.107800
10 0.532800 0.318750 0.060930 0.090590
10 0.726530 0.318750 0.099980 0.084370
10 0.535910 0.514030 0.074980 0.082760
10 0.148410 0.412500 0.096860 0.079650
10 0.248430 0.404670 0.093710 0.079650
10 0.531240 0.696860 0.082760 0.095310
10 0.624990 0.228110 0.085920 0.128080
7 0.349970 0.328080 0.099980 0.110920
7 0.824990 0.614050 0.118750 0.092150
7 0.349970 0.796840 0.096860 0.117190
7 0.146850 0.810890 0.110920 0.112470
7 0.153120 0.514030 0.137470 0.095310
7 0.714030 0.131240 0.099980 0.135910
7 0.628110 0.415610 0.087480 0.093710
7 0.443720 0.600000 0.082760 0.101530
4 0.165580 0.321860 0.115590 0.103090
4 0.834330 0.800000 0.121860 0.104650
4 0.815610 0.120300 0.104650 0.120300
4 0.531240 0.134360 0.084370 0.132800
4 0.345300 0.132800 0.090590 0.137470
4 0.442160 0.323410 0.084370 0.106250
1 0.818720 0.407780 0.118750 0.106250
1 0.356240 0.518750 0.095310 0.081210
1 0.354680 0.610890 0.096860 0.076540
1 0.149970 0.614050 0.118750 0.092150
1 0.251540 0.701530 0.101530 0.082760
1 0.456210 0.807780 0.079650 0.114030
1 0.632780 0.809340 0.096860 0.112470
1 0.812500 0.224990 0.117190 0.106250
