0 0.604670 0.398400 0.064040 0.053100
0 0.324970 0.614050 0.060930 0.060930
0 0.331240 0.687480 0.068710 0.064040
0 0.604670 0.684370 0.062490 0.065600
0 0.607780 0.468710 0.062490 0.065600
0 0.460930 0.476540 0.062490 0.057770
0 0.535910 0.604670 0.064040 0.065600
2 0.743740 0.535910 0.064040 0.065600
2 0.671870 0.537470 0.057770 0.054660
2 0.603110 0.545300 0.060930 0.062490
3 0.534360 0.398400 0.054660 0.056210
3 0.246880 0.473430 0.056210 0.056210
3 0.398400 0.679650 0.046880 0.051540
3 0.464040 0.614050 0.049990 0.046880
3 0.535910 0.539020 0.053100 0.049990
3 0.679650 0.678100 0.056210 0.054660
3 0.746850 0.674980 0.051540 0.053100
5 0.396840 0.542180 0.048430 0.054660
5 0.259370 0.760910 0.065600 0.068710
6 0.464040 0.537470 0.056210 0.057770
6 0.609340 0.609340 0.065600 0.067150
6 0.390620 0.612500 0.051540 0.060930
6 0.326530 0.542180 0.062490 0.060930
6 0.396840 0.759350 0.062490 0.071870
7 0.321860 0.773400 0.064040 0.092150
8 0.609340 0.765580 0.070270 0.090590
8 0.534360 0.757790 0.067150 0.074980
8 0.682760 0.753120 0.064040 0.073430
8 0.254660 0.685920 0.064040 0.073430
9 0.326530 0.467150 0.059330 0.057770
9 0.393730 0.474980 0.054660 0.059330
9 0.249990 0.545300 0.073430 0.056210
9 0.248430 0.615610 0.059330 0.051540
9 0.676540 0.393730 0.060930 0.056210
9 0.745300 0.393730 0.060930 0.062490
9 0.748410 0.465600 0.060930 0.042160
9 0.676540 0.464040 0.049990 0.065600
9 0.678100 0.603110 0.059330 0.049990
9 0.749970 0.606230 0.043720 0.053100
11 0.748410 0.757790 0.049990 0.068710
11 0.534360 0.468710 0.057770 0.071870
11 0.535910 0.678100 0.059330 0.076540
11 0.468710 0.676540 0.057770 0.068710
11 0.467150 0.749970 0.065600 0.068710
