2 0.389060 0.348410 0.073430 0.082760
2 0.696860 0.195280 0.068710 0.099980
2 0.685920 0.762460 0.068710 0.074980
5 0.776520 0.674980 0.087480 0.078100
5 0.778120 0.265600 0.081210 0.095310
3 0.614050 0.360910 0.073430 0.078100
3 0.684370 0.284370 0.064040 0.054660
3 0.696860 0.431220 0.065600 0.060930
3 0.603110 0.523410 0.067150 0.065600
3 0.689040 0.590620 0.068710 0.074980
3 0.604670 0.668710 0.059330 0.085920
3 0.398400 0.426550 0.067150 0.056210
0 0.399950 0.206230 0.081210 0.085920
0 0.324970 0.210890 0.065600 0.093710
0 0.243720 0.206230 0.081210 0.085920
0 0.232780 0.721860 0.079650 0.081210
0 0.312470 0.721860 0.073430 0.082760
0 0.389060 0.734360 0.078100 0.079650
0 0.398400 0.498420 0.062490 0.073430
