0 0.656210 0.332800 0.039050 0.074980
0 0.314030 0.603110 0.054660 0.073430
9 0.385900 0.673430 0.042160 0.054660
9 0.584340 0.667150 0.040600 0.053100
9 0.587460 0.606230 0.040600 0.057770
9 0.589060 0.556240 0.039050 0.049990
9 0.692150 0.496860 0.042160 0.054660
9 0.712470 0.604670 0.043720 0.062490
9 0.626550 0.454660 0.035930 0.054660
9 0.509360 0.410890 0.035930 0.042160
8 0.404670 0.329690 0.035930 0.048430
7 0.403110 0.356240 0.037490 0.087480
6 0.398400 0.403110 0.032780 0.068710
5 0.343740 0.445270 0.039050 0.062490
5 0.709360 0.549970 0.046880 0.062490
5 0.509360 0.453100 0.034380 0.056210
5 0.674980 0.407780 0.042160 0.060930
3 0.284370 0.506250 0.037490 0.049990
3 0.339020 0.496860 0.034380 0.045270
3 0.454660 0.501530 0.029660 0.046880
3 0.393730 0.606230 0.037490 0.053100
3 0.248430 0.614050 0.042160 0.054660
3 0.515590 0.614050 0.035930 0.056210
3 0.604670 0.376520 0.029660 0.046880
11 0.517190 0.340630 0.031220 0.056210
10 0.453100 0.360910 0.039050 0.081210
4 0.456210 0.399950 0.039050 0.084370
8 0.468710 0.551520 0.045270 0.068710
6 0.332800 0.545300 0.043720 0.067150
1 0.564020 0.359350 0.045270 0.085920
3 0.449990 0.454660 0.031220 0.043720
11 0.517190 0.496860 0.037490 0.062490
