9 0.249990 0.204670 0.051540 0.073430
9 0.270270 0.270270 0.053100 0.071870
9 0.281210 0.340630 0.051540 0.070270
9 0.298420 0.415610 0.051540 0.067150
9 0.299980 0.493710 0.053100 0.067150
9 0.306250 0.590620 0.053100 0.064040
9 0.332800 0.674980 0.051540 0.064040
9 0.346850 0.768730 0.056210 0.059330
11 0.240600 0.793730 0.079650 0.079650
8 0.228110 0.692150 0.089040 0.073430
6 0.221840 0.595280 0.078100 0.087480
7 0.209340 0.498420 0.098420 0.115590
10 0.200000 0.424990 0.084370 0.106250
6 0.187460 0.342180 0.078100 0.098420
8 0.181230 0.276540 0.081210 0.089040
11 0.171850 0.207780 0.074980 0.095310
3 0.610890 0.162460 0.043720 0.073430
3 0.631220 0.224990 0.045270 0.070270
3 0.665600 0.293710 0.043720 0.070270
3 0.674980 0.359350 0.051540 0.068710
3 0.703090 0.431220 0.053100 0.067150
3 0.724970 0.506250 0.057770 0.068710
3 0.756240 0.590620 0.062490 0.064040
3 0.781230 0.671870 0.065600 0.062490
5 0.868710 0.649990 0.092150 0.082760
2 0.840600 0.568730 0.093710 0.084370
0 0.815610 0.489040 0.079650 0.089040
1 0.781230 0.398400 0.096860 0.121860
4 0.762460 0.331240 0.082760 0.107800
0 0.737470 0.268710 0.068710 0.099980
2 0.712470 0.209340 0.071870 0.093710
5 0.681210 0.143740 0.060930 0.095310
