0 0.287480 0.209340 0.087480 0.103090
0 0.204670 0.285920 0.092150 0.079650
0 0.282760 0.351520 0.078100 0.071870
0 0.193730 0.440600 0.068710 0.067150
0 0.281210 0.517190 0.082760 0.079650
0 0.206230 0.603110 0.079650 0.068710
0 0.284370 0.679650 0.082760 0.079650
2 0.439050 0.442160 0.073430 0.078100
2 0.587460 0.296860 0.067150 0.071870
2 0.721860 0.220280 0.078100 0.082760
3 0.287480 0.749970 0.064040 0.071870
3 0.367180 0.749970 0.074980 0.064040
3 0.521860 0.749970 0.073430 0.074980
3 0.443720 0.667150 0.060930 0.056210
3 0.587460 0.662490 0.071870 0.064040
3 0.676540 0.743740 0.068710 0.074980
3 0.735910 0.665600 0.074980 0.059330
5 0.665600 0.435930 0.082760 0.060930
5 0.740580 0.509360 0.087480 0.062490
