10 0.434380 0.132800 0.067150 0.093710
10 0.362460 0.132800 0.076540 0.096860
10 0.292150 0.137470 0.081210 0.096860
10 0.220280 0.135910 0.087480 0.090590
10 0.215610 0.215610 0.095310 0.084370
10 0.290590 0.284370 0.090590 0.078100
10 0.292150 0.353120 0.087480 0.070270
7 0.220280 0.356240 0.093710 0.073430
7 0.217170 0.424990 0.098420 0.062490
7 0.217170 0.503090 0.093710 0.053100
7 0.215610 0.570290 0.095310 0.060930
7 0.220280 0.651540 0.090590 0.073430
6 0.221840 0.290590 0.081210 0.064040
6 0.292150 0.423440 0.065600 0.060930
6 0.296860 0.496860 0.064040 0.053100
6 0.303090 0.637490 0.065600 0.064040
1 0.439050 0.351520 0.067150 0.071870
4 0.724970 0.429660 0.078100 0.065600
4 0.726530 0.498420 0.074980 0.060930
4 0.724970 0.573400 0.078100 0.064040
4 0.724970 0.648430 0.074980 0.071870
