0 0.143740 0.164020 0.090590 0.087480
0 0.340630 0.734360 0.068710 0.079650
0 0.239050 0.837490 0.078100 0.087480
0 0.120300 0.751520 0.085920 0.074980
0 0.618720 0.767180 0.062490 0.078100
1 0.837490 0.190620 0.106250 0.106250
1 0.439050 0.378120 0.070270 0.085920
1 0.634380 0.381230 0.089040 0.078100
2 0.443720 0.278100 0.071870 0.067150
2 0.142180 0.365580 0.082760 0.065600
2 0.623440 0.573400 0.068710 0.067150
2 0.523410 0.645270 0.070270 0.070270
3 0.528080 0.373400 0.053100 0.056210
3 0.699980 0.737470 0.057770 0.060930
3 0.421840 0.749970 0.049990 0.070270
4 0.437490 0.171850 0.081210 0.110920
4 0.829660 0.667150 0.121860 0.095310
4 0.718750 0.870270 0.103090 0.117190
5 0.624990 0.287480 0.070270 0.076540
5 0.526530 0.845270 0.057770 0.092150
5 0.335910 0.846880 0.070270 0.096860
5 0.523410 0.549970 0.060930 0.059330
5 0.817170 0.293710 0.093710 0.070270
5 0.810890 0.382790 0.095310 0.067150
6 0.235930 0.178120 0.071870 0.085920
6 0.343740 0.187460 0.065600 0.085920
6 0.342180 0.654660 0.065600 0.071870
6 0.226550 0.649990 0.085920 0.071870
6 0.821840 0.471870 0.090590 0.057770
7 0.235930 0.542180 0.099980 0.074980
7 0.426550 0.856210 0.074980 0.120300
7 0.123410 0.664040 0.114030 0.095310
8 0.237490 0.268710 0.067150 0.081210
8 0.326530 0.464040 0.065600 0.070270
8 0.135910 0.451540 0.085920 0.073430
8 0.615610 0.470270 0.078100 0.064040
8 0.804670 0.549970 0.090590 0.067150
9 0.348410 0.290590 0.064040 0.056210
9 0.517190 0.306250 0.056210 0.056210
9 0.514030 0.739020 0.062490 0.062490
10 0.114030 0.864040 0.120300 0.118750
10 0.806230 0.843720 0.112470 0.110920
10 0.626550 0.185900 0.092150 0.106250
11 0.267150 0.339020 0.070270 0.078100
11 0.337470 0.356240 0.070270 0.067150
11 0.715590 0.373400 0.076540 0.064040
11 0.435930 0.634380 0.062490 0.067150
6 0.803110 0.756240 0.087480 0.081210
8 0.154680 0.557790 0.079650 0.074980
