7 0.609340 0.182790 0.070270 0.078100
0 0.659370 0.190620 0.062490 0.049990
8 0.615610 0.603110 0.062490 0.054660
5 0.681210 0.600000 0.054660 0.048430
0 0.678100 0.545300 0.065600 0.032780
6 0.617170 0.546850 0.067150 0.042160
11 0.676540 0.492150 0.054660 0.037490
5 0.615610 0.489040 0.054660 0.037490
5 0.660930 0.434380 0.060930 0.032780
11 0.612500 0.434380 0.056210 0.037490
4 0.674980 0.367180 0.078100 0.043720
8 0.604670 0.365580 0.054660 0.051540
5 0.660930 0.306250 0.056210 0.046880
10 0.615610 0.307800 0.076540 0.056210
1 0.671870 0.249990 0.074980 0.057770
6 0.609340 0.251540 0.056210 0.051540
