9 0.389060 0.534360 0.051540 0.085920
6 0.703090 0.720300 0.062490 0.089040
9 0.465600 0.493710 0.043720 0.065600
5 0.596840 0.590620 0.064040 0.074980
6 0.593730 0.398400 0.037490 0.078100
5 0.157790 0.589060 0.062490 0.067150
9 0.426550 0.735910 0.057770 0.078100
5 0.274980 0.642160 0.071870 0.104650
8 0.657770 0.360910 0.051540 0.079650
5 0.239050 0.451540 0.046880 0.054660
3 0.367180 0.409340 0.039050 0.051540
9 0.610890 0.667150 0.051540 0.059330
3 0.184340 0.737470 0.064040 0.060930
3 0.203110 0.662490 0.054660 0.057770
5 0.259370 0.403110 0.048430 0.074980
7 0.673430 0.468710 0.053100 0.106250
3 0.301530 0.454660 0.040600 0.049990
5 0.404670 0.484370 0.042160 0.065600
5 0.331240 0.379670 0.034380 0.040600
