8 0.182790 0.154680 0.106250 0.099980
8 0.376520 0.139020 0.079650 0.110920
8 0.574960 0.159350 0.081210 0.101530
8 0.874980 0.149970 0.112470 0.101530
8 0.470270 0.259370 0.093710 0.089040
8 0.676540 0.259370 0.092150 0.074980
8 0.474980 0.367180 0.071870 0.074980
8 0.492150 0.465600 0.074980 0.073430
8 0.174960 0.460930 0.106250 0.084370
8 0.165580 0.256210 0.112470 0.081210
8 0.584340 0.556240 0.081210 0.078100
8 0.889040 0.556240 0.106250 0.089040
8 0.793730 0.637490 0.120300 0.076540
8 0.482760 0.635930 0.079650 0.085920
8 0.371850 0.562460 0.093710 0.087480
8 0.609340 0.853100 0.093710 0.092150
2 0.285920 0.246880 0.078100 0.096860
2 0.284370 0.368730 0.096860 0.090590
2 0.576520 0.359350 0.074980 0.079650
2 0.689040 0.448430 0.096860 0.074980
2 0.170290 0.565620 0.090590 0.095310
2 0.259370 0.649990 0.110920 0.071870
2 0.376520 0.743740 0.090590 0.084370
2 0.156240 0.868710 0.117190 0.089040
2 0.396840 0.857770 0.085920 0.093710
2 0.579670 0.751520 0.073430 0.093710
2 0.676540 0.757790 0.074980 0.095310
2 0.795280 0.845270 0.101530 0.074980
2 0.862490 0.249990 0.090590 0.081210
