5 0.364020 0.215610 0.081210 0.079650
5 0.295310 0.812500 0.082760 0.093710
2 0.378120 0.551520 0.085920 0.073430
2 0.459330 0.470270 0.074980 0.071870
2 0.465600 0.628110 0.076540 0.073430
2 0.284370 0.301530 0.096860 0.070270
3 0.210890 0.231220 0.070270 0.064040
3 0.210890 0.390620 0.076540 0.059330
3 0.220280 0.564020 0.076540 0.054660
3 0.214050 0.717190 0.076540 0.065600
3 0.629660 0.785900 0.068710 0.079650
3 0.534360 0.378120 0.060930 0.060930
3 0.606230 0.215610 0.073430 0.071870
0 0.548410 0.712470 0.068710 0.076540
0 0.295310 0.465600 0.079650 0.064040
1 0.368730 0.378120 0.087480 0.079650
1 0.290590 0.634380 0.103090 0.073430
1 0.376520 0.728080 0.093710 0.099980
1 0.543740 0.548410 0.079650 0.081210
4 0.454660 0.292150 0.079650 0.104650
