5 0.565620 0.707800 0.064040 0.073430
5 0.495310 0.784340 0.068710 0.085920
3 0.353120 0.779670 0.062490 0.064040
3 0.264040 0.710920 0.073430 0.060930
3 0.349970 0.629660 0.062490 0.067150
3 0.259370 0.559350 0.071870 0.070270
3 0.353120 0.484370 0.073430 0.064040
3 0.274980 0.412500 0.070270 0.062490
3 0.268710 0.331240 0.073430 0.068710
2 0.796840 0.778120 0.090590 0.092150
2 0.718750 0.632780 0.082760 0.070270
2 0.579670 0.485920 0.078100 0.076540
0 0.346850 0.331240 0.071870 0.071870
0 0.409340 0.256210 0.060930 0.078100
0 0.507800 0.328080 0.071870 0.062490
0 0.571850 0.243720 0.059330 0.071870
0 0.662490 0.328080 0.064040 0.067150
0 0.729690 0.239050 0.071870 0.070270
0 0.815610 0.331240 0.081210 0.068710
