1 0.362460 0.573400 0.081210 0.060930
4 0.509360 0.435930 0.060930 0.065600
4 0.589060 0.803110 0.070270 0.093710
4 0.439050 0.812500 0.067150 0.096860
4 0.362460 0.653100 0.076540 0.071870
6 0.578120 0.290590 0.057770 0.074980
6 0.292150 0.726530 0.068710 0.062490
6 0.220280 0.795280 0.065600 0.074980
6 0.660930 0.803110 0.060930 0.074980
7 0.284370 0.432780 0.089040 0.065600
7 0.437490 0.271870 0.068710 0.093710
7 0.582790 0.503090 0.065600 0.059330
7 0.362460 0.807780 0.074980 0.093710
7 0.287480 0.803110 0.078100 0.084370
10 0.362460 0.285920 0.074980 0.090590
10 0.731240 0.356240 0.087480 0.078100
10 0.506250 0.573400 0.059330 0.059330
10 0.515590 0.649990 0.064040 0.076540
10 0.443720 0.726530 0.071870 0.078100
10 0.214050 0.653100 0.099980 0.071870
10 0.743740 0.807780 0.081210 0.093710
