11 0.206230 0.231220 0.082760 0.076540
11 0.357790 0.218720 0.065600 0.082760
11 0.443720 0.298420 0.060930 0.070270
11 0.759350 0.368730 0.084370 0.068710
11 0.370290 0.532800 0.064040 0.059330
11 0.273430 0.626550 0.073430 0.057770
11 0.196840 0.629660 0.079650 0.062490
11 0.614050 0.604670 0.068710 0.064040
11 0.767180 0.446880 0.078100 0.060930
11 0.453100 0.789060 0.068710 0.078100
11 0.776520 0.767180 0.081210 0.079650
5 0.282760 0.220280 0.070270 0.081210
5 0.278100 0.370290 0.078100 0.060930
5 0.451540 0.371850 0.064040 0.068710
5 0.531240 0.384340 0.059330 0.076540
5 0.671870 0.289040 0.073430 0.078100
5 0.528080 0.546850 0.062490 0.064040
5 0.671870 0.526530 0.070270 0.059330
5 0.523410 0.693710 0.062490 0.068710
5 0.367180 0.699980 0.068710 0.068710
5 0.203110 0.789060 0.087480 0.085920
5 0.693710 0.770290 0.078100 0.079650
