3 0.403110 0.296860 0.060930 0.060930
3 0.570290 0.295310 0.051540 0.064040
3 0.792170 0.398400 0.074980 0.060930
3 0.476540 0.528080 0.059330 0.057770
3 0.476540 0.665600 0.065600 0.057770
3 0.629660 0.678100 0.064040 0.068710
3 0.781230 0.684370 0.064040 0.064040
1 0.642160 0.203110 0.078100 0.106250
1 0.320300 0.684370 0.087480 0.085920
1 0.628110 0.771850 0.081210 0.099980
1 0.484370 0.289040 0.068710 0.092150
2 0.406230 0.209340 0.068710 0.081210
2 0.259370 0.210890 0.071870 0.089040
2 0.699980 0.762460 0.062490 0.090590
2 0.631220 0.378120 0.076540 0.073430
5 0.226550 0.753120 0.087480 0.085920
5 0.796840 0.229660 0.081210 0.079650
4 0.481210 0.765580 0.071870 0.104650
0 0.720300 0.301530 0.074980 0.068710
0 0.235930 0.596840 0.074980 0.068710
