9 0.212500 0.712470 0.071870 0.076540
9 0.287480 0.545300 0.065600 0.074980
9 0.439050 0.601560 0.060930 0.073430
9 0.403110 0.440600 0.059330 0.074980
9 0.374960 0.312470 0.056210 0.071870
11 0.078100 0.493710 0.103090 0.103090
9 0.104650 0.443720 0.073430 0.078100
6 0.134360 0.378120 0.096860 0.106250
10 0.165580 0.318750 0.103090 0.118750
8 0.193730 0.271870 0.090590 0.093710
9 0.221840 0.237490 0.064040 0.076540
9 0.243720 0.196840 0.062490 0.073430
7 0.167180 0.593730 0.117190 0.129690
6 0.548410 0.473430 0.073430 0.101530
11 0.289040 0.343740 0.081210 0.096860
8 0.304650 0.296860 0.082760 0.093710
4 0.396840 0.253100 0.079650 0.110920
3 0.481210 0.778120 0.065600 0.078100
3 0.651540 0.737470 0.067150 0.074980
5 0.737470 0.835930 0.099980 0.099980
3 0.690590 0.393730 0.056210 0.074980
3 0.704650 0.343740 0.054660 0.074980
1 0.778120 0.345300 0.093710 0.132800
6 0.749970 0.664040 0.089040 0.109360
3 0.868710 0.754680 0.079650 0.084370
5 0.873430 0.687480 0.099980 0.106250
2 0.878100 0.612500 0.099980 0.101530
3 0.870270 0.557790 0.070270 0.078100
3 0.871870 0.507800 0.068710 0.079650
0 0.881210 0.446880 0.089040 0.107800
2 0.876540 0.396840 0.087480 0.098420
3 0.870270 0.359350 0.060930 0.074980
