11 0.468710 0.485920 0.062490 0.062490
11 0.670270 0.490590 0.079650 0.059330
11 0.398400 0.359350 0.060930 0.057770
11 0.398400 0.412500 0.074980 0.060930
9 0.251540 0.624990 0.056210 0.051540
9 0.406230 0.684370 0.062490 0.060930
9 0.537470 0.698420 0.065600 0.056210
9 0.462490 0.621840 0.073430 0.062490
9 0.600000 0.415610 0.057770 0.062490
9 0.600000 0.356240 0.059330 0.059330
9 0.600000 0.287480 0.065600 0.065600
9 0.473430 0.296860 0.074980 0.067150
9 0.468710 0.354680 0.062490 0.062490
9 0.337470 0.353120 0.065600 0.051540
9 0.339020 0.293710 0.062490 0.062490
8 0.320300 0.554680 0.064040 0.073430
8 0.257770 0.482760 0.070270 0.059330
8 0.664040 0.415610 0.067150 0.062490
8 0.468710 0.549970 0.070270 0.064040
7 0.240600 0.760910 0.099980 0.070270
6 0.737470 0.417170 0.059330 0.054660
6 0.531240 0.415610 0.056210 0.073430
6 0.264040 0.412500 0.076540 0.064040
6 0.324970 0.482760 0.054660 0.054660
6 0.462490 0.412500 0.056210 0.062490
5 0.396840 0.548410 0.068710 0.060930
5 0.748410 0.774960 0.070270 0.081210
5 0.601560 0.689040 0.068710 0.071870
3 0.404670 0.482760 0.057770 0.059330
3 0.534360 0.487480 0.060930 0.059330
3 0.529690 0.557790 0.056210 0.054660
3 0.603110 0.554680 0.059330 0.056210
3 0.273430 0.287480 0.057770 0.062490
3 0.656210 0.281210 0.049990 0.057770
3 0.660930 0.343740 0.043720 0.056210
2 0.740580 0.285920 0.060930 0.081210
2 0.524970 0.287480 0.056210 0.081210
2 0.534360 0.351520 0.056210 0.065600
0 0.256210 0.346850 0.067150 0.071870
0 0.328080 0.412500 0.064040 0.062490
0 0.598400 0.489040 0.068710 0.065600
0 0.396840 0.621840 0.071870 0.056210
0 0.329690 0.618720 0.073430 0.062490
0 0.401560 0.281210 0.059330 0.071870
0 0.748410 0.773400 0.071870 0.093710
