0 0.376520 0.562460 0.026550 0.043720
0 0.592170 0.670270 0.037490 0.035930
0 0.621840 0.387460 0.037490 0.051540
0 0.523410 0.424990 0.029660 0.046880
0 0.520300 0.517190 0.032780 0.039050
0 0.579670 0.576520 0.031220 0.042160
1 0.481210 0.626550 0.037490 0.053100
1 0.612500 0.332800 0.037490 0.056210
1 0.518750 0.335910 0.037490 0.059330
2 0.473430 0.342180 0.029660 0.037490
2 0.560910 0.342180 0.031220 0.046880
2 0.584340 0.385900 0.035930 0.035930
2 0.324970 0.617170 0.037490 0.039050
4 0.293710 0.337470 0.037490 0.054660
4 0.431220 0.470270 0.035930 0.053100
4 0.429660 0.674980 0.042160 0.046880
5 0.276540 0.523410 0.035930 0.046880
5 0.476540 0.384340 0.032780 0.039050
5 0.376520 0.426550 0.028110 0.039050
5 0.431220 0.423440 0.031220 0.035930
5 0.368730 0.609340 0.037490 0.040600
5 0.579670 0.424990 0.039050 0.039050
5 0.626550 0.470270 0.037490 0.037490
5 0.645270 0.615610 0.042160 0.040600
11 0.579670 0.621840 0.042160 0.042160
11 0.284370 0.429660 0.037490 0.039050
11 0.287480 0.389060 0.032780 0.039050
11 0.345300 0.348410 0.029660 0.034380
11 0.584340 0.470270 0.034380 0.042160
11 0.476540 0.468710 0.034380 0.034380
10 0.635930 0.564020 0.046880 0.049990
10 0.424990 0.339020 0.031220 0.062490
10 0.337470 0.421840 0.032780 0.054660
9 0.374960 0.684370 0.028110 0.032780
9 0.331240 0.574960 0.029660 0.035930
9 0.376520 0.523410 0.023440 0.029660
9 0.537470 0.568730 0.031220 0.034380
9 0.578120 0.520300 0.032780 0.029660
9 0.385900 0.387460 0.021840 0.034380
9 0.432780 0.389060 0.031220 0.026550
8 0.331240 0.524970 0.039050 0.045270
8 0.335910 0.476540 0.035930 0.043720
8 0.326530 0.379670 0.035930 0.031220
8 0.520300 0.382790 0.037490 0.028110
8 0.382790 0.345300 0.031220 0.040600
8 0.524970 0.470270 0.031220 0.045270
7 0.482760 0.567180 0.045270 0.054660
7 0.476540 0.512470 0.039050 0.051540
7 0.381230 0.478100 0.035930 0.057770
6 0.274980 0.570290 0.034380 0.043720
6 0.546850 0.668710 0.037490 0.043720
6 0.423440 0.570290 0.032780 0.048430
6 0.623440 0.517190 0.037490 0.046880
6 0.289040 0.473430 0.034380 0.042160
6 0.485920 0.428110 0.029660 0.040600
