10 0.454660 0.251540 0.089040 0.093710
10 0.740580 0.249990 0.103090 0.101530
10 0.853100 0.134360 0.107800 0.135910
10 0.842160 0.532800 0.124970 0.079650
10 0.642160 0.821840 0.093710 0.107800
10 0.357790 0.823440 0.103090 0.114030
10 0.171850 0.631220 0.124970 0.092150
10 0.548410 0.628110 0.090590 0.095310
10 0.560910 0.245270 0.090590 0.121860
7 0.176520 0.346850 0.134360 0.092150
7 0.740580 0.624990 0.096860 0.101530
7 0.853100 0.728080 0.120300 0.124970
7 0.853100 0.848430 0.120300 0.128080
7 0.639050 0.729690 0.099980 0.107800
7 0.640600 0.531240 0.090590 0.084370
7 0.645270 0.353120 0.099980 0.090590
7 0.174960 0.810890 0.115590 0.099980
4 0.278100 0.534360 0.114030 0.090590
4 0.545300 0.818720 0.081210 0.120300
4 0.743740 0.445270 0.098420 0.089040
4 0.740580 0.145300 0.103090 0.135910
4 0.359350 0.256210 0.096860 0.099980
4 0.464040 0.354680 0.090590 0.089040
1 0.353120 0.445270 0.101530 0.070270
1 0.268710 0.253100 0.109360 0.096860
1 0.356240 0.154680 0.109360 0.110920
1 0.460930 0.149970 0.093710 0.104650
1 0.745300 0.832780 0.104650 0.135910
1 0.448430 0.726530 0.089040 0.106250
1 0.267150 0.724970 0.109360 0.101530
1 0.460930 0.532800 0.089040 0.084370
