9 0.554680 0.295310 0.035930 0.045270
9 0.559350 0.421840 0.034380 0.046880
9 0.615610 0.478100 0.035930 0.043720
9 0.632780 0.600000 0.035930 0.045270
9 0.649990 0.734360 0.037490 0.053100
9 0.537470 0.606230 0.034380 0.043720
9 0.571850 0.546850 0.035930 0.043720
9 0.524970 0.489040 0.035930 0.043720
11 0.460930 0.370290 0.039050 0.049990
11 0.695310 0.728080 0.045270 0.068710
7 0.679650 0.537470 0.049990 0.048430
8 0.653100 0.342180 0.056210 0.064040
8 0.537470 0.684370 0.043720 0.071870
10 0.498420 0.617170 0.040600 0.053100
6 0.531240 0.543740 0.035930 0.046880
6 0.515590 0.431220 0.037490 0.049990
1 0.559350 0.346850 0.039050 0.053100
2 0.504650 0.693710 0.042160 0.078100
2 0.465600 0.437490 0.039050 0.056210
5 0.457770 0.293710 0.040600 0.056210
5 0.396840 0.621840 0.042160 0.051540
0 0.440600 0.556240 0.037490 0.046880
0 0.393730 0.565620 0.039050 0.049990
3 0.451540 0.615610 0.032780 0.045270
3 0.412500 0.739020 0.035930 0.048430
3 0.406230 0.687480 0.035930 0.046880
3 0.392170 0.503090 0.035930 0.043720
3 0.378120 0.440600 0.035930 0.045270
3 0.370290 0.385900 0.035930 0.045270
3 0.359350 0.314030 0.037490 0.049990
4 0.485920 0.559350 0.040600 0.056210
3 0.478100 0.493710 0.035930 0.046880
