9 0.623440 0.651540 0.065600 0.081210
9 0.603110 0.556240 0.057770 0.074980
9 0.573400 0.482760 0.049990 0.062490
9 0.549970 0.420280 0.042160 0.070270
9 0.521860 0.364020 0.031220 0.065600
9 0.523410 0.645270 0.060930 0.074980
9 0.471870 0.414050 0.028110 0.057770
9 0.453100 0.371850 0.037490 0.067150
6 0.474980 0.485920 0.049990 0.092150
6 0.495310 0.548410 0.046880 0.096860
5 0.203110 0.674980 0.089040 0.096860
5 0.210890 0.373400 0.074980 0.101530
5 0.598400 0.357790 0.053100 0.090590
5 0.699980 0.603110 0.076540 0.098420
3 0.343740 0.673430 0.054660 0.079650
3 0.315590 0.579670 0.045270 0.073430
3 0.331240 0.506250 0.056210 0.065600
3 0.323410 0.437490 0.045270 0.067150
3 0.312470 0.371850 0.045270 0.062490
3 0.382790 0.371850 0.037490 0.057770
3 0.385900 0.418720 0.042160 0.034380
3 0.435930 0.660930 0.062490 0.074980
0 0.414050 0.562460 0.048430 0.107800
0 0.403110 0.470270 0.043720 0.071870
