11 0.595280 0.409340 0.073430 0.067150
11 0.524970 0.687480 0.057770 0.065600
11 0.459330 0.682760 0.062490 0.068710
11 0.460930 0.749970 0.064040 0.071870
9 0.314030 0.546850 0.057770 0.062490
9 0.382790 0.484370 0.053100 0.059330
9 0.318750 0.424990 0.056210 0.056210
9 0.668710 0.337470 0.062490 0.068710
9 0.734360 0.334360 0.053100 0.070270
9 0.734360 0.473430 0.064040 0.065600
9 0.670270 0.471870 0.056210 0.059330
9 0.670270 0.610890 0.056210 0.060930
9 0.737470 0.614050 0.062490 0.054660
9 0.606230 0.618720 0.049990 0.053100
8 0.239050 0.345300 0.068710 0.071870
8 0.456210 0.337470 0.068710 0.068710
8 0.332800 0.749970 0.059330 0.081210
8 0.459330 0.478100 0.062490 0.059330
7 0.464040 0.548410 0.070270 0.078100
6 0.531240 0.337470 0.060930 0.073430
6 0.600000 0.481210 0.074980 0.071870
6 0.598400 0.545300 0.068710 0.071870
6 0.603110 0.751520 0.064040 0.081210
6 0.398400 0.753120 0.049990 0.081210
5 0.324970 0.618720 0.059330 0.062490
3 0.671870 0.681210 0.057770 0.059330
3 0.739020 0.678100 0.057770 0.059330
3 0.462490 0.612500 0.056210 0.057770
3 0.528080 0.546850 0.059330 0.067150
3 0.529690 0.410890 0.049990 0.056210
3 0.393730 0.678100 0.056210 0.060930
2 0.260930 0.618720 0.062490 0.060930
2 0.601560 0.687480 0.062490 0.067150
2 0.739020 0.543740 0.074980 0.062490
2 0.667150 0.548410 0.054660 0.070270
0 0.524970 0.756240 0.051540 0.078100
0 0.387460 0.343740 0.065600 0.068710
5 0.598400 0.335910 0.062490 0.074980
5 0.460930 0.409340 0.068710 0.062490
0 0.259370 0.751520 0.065600 0.076540
0 0.335910 0.687480 0.057770 0.068710
0 0.673430 0.253100 0.068710 0.074980
9 0.378120 0.262490 0.060930 0.065600
8 0.601560 0.551520 0.060930 0.073430
8 0.600000 0.474980 0.073430 0.062490
