5 0.457770 0.399950 0.070270 0.071870
5 0.532800 0.470270 0.068710 0.060930
3 0.221840 0.324970 0.067150 0.070270
3 0.234380 0.396840 0.084370 0.051540
3 0.231220 0.476540 0.057770 0.070270
3 0.240600 0.546850 0.082760 0.057770
3 0.234380 0.623440 0.064040 0.065600
3 0.231220 0.703090 0.068710 0.056210
3 0.245270 0.778120 0.071870 0.071870
2 0.746850 0.767180 0.092150 0.081210
2 0.671870 0.623440 0.076540 0.067150
2 0.600000 0.543740 0.068710 0.064040
0 0.304650 0.321860 0.067150 0.076540
0 0.385900 0.314030 0.068710 0.071870
0 0.456210 0.318750 0.068710 0.064040
0 0.534360 0.329690 0.076540 0.070270
0 0.615610 0.317190 0.067150 0.062490
0 0.671870 0.329690 0.078100 0.074980
0 0.762460 0.324970 0.081210 0.060930
