5 0.732800 0.235930 0.090590 0.103090
5 0.818720 0.237490 0.087480 0.112470
3 0.201560 0.484370 0.084370 0.090590
3 0.306250 0.489040 0.056210 0.084370
3 0.382790 0.481210 0.060930 0.068710
3 0.467150 0.489040 0.062490 0.074980
3 0.553080 0.481210 0.057770 0.078100
3 0.645270 0.490590 0.067150 0.081210
3 0.729690 0.504650 0.073430 0.092150
2 0.210890 0.215610 0.087480 0.101530
2 0.306250 0.226550 0.084370 0.106250
2 0.395280 0.226550 0.074980 0.112470
0 0.306250 0.823440 0.067150 0.114030
0 0.390620 0.834330 0.079650 0.114030
0 0.474980 0.829660 0.064040 0.118750
0 0.554680 0.826550 0.078100 0.124970
0 0.639050 0.829660 0.062490 0.109360
0 0.712470 0.829660 0.078100 0.115590
0 0.801560 0.828110 0.081210 0.101530
