0 0.421840 0.678100 0.037490 0.039050
0 0.551520 0.685920 0.037490 0.039050
0 0.607780 0.635930 0.032780 0.039050
0 0.651540 0.637490 0.034380 0.034380
1 0.646830 0.499980 0.043720 0.054660
1 0.476540 0.539020 0.034380 0.049990
2 0.395280 0.426550 0.034380 0.046880
2 0.471870 0.499980 0.029660 0.045270
2 0.462490 0.623440 0.034380 0.045270
2 0.474980 0.428110 0.035930 0.042160
4 0.471870 0.385900 0.034380 0.057770
4 0.514030 0.395280 0.035930 0.054660
4 0.557790 0.392170 0.031220 0.059330
4 0.642160 0.464040 0.037490 0.053100
5 0.324970 0.671870 0.037490 0.039050
5 0.418720 0.503090 0.031220 0.039050
5 0.556240 0.432780 0.031220 0.037490
5 0.590620 0.424990 0.029660 0.043720
5 0.598400 0.398400 0.031220 0.037490
0 0.335910 0.587460 0.034380 0.040600
11 0.340630 0.465600 0.032780 0.046880
11 0.428110 0.390620 0.024990 0.043720
11 0.640600 0.548410 0.037490 0.040600
11 0.432780 0.465600 0.032780 0.040600
11 0.432780 0.542180 0.028110 0.042160
11 0.473430 0.465600 0.034380 0.040600
10 0.600000 0.503090 0.034380 0.053100
10 0.593730 0.462490 0.039050 0.057770
10 0.598400 0.589060 0.040600 0.049990
10 0.428110 0.582790 0.031220 0.051540
9 0.428110 0.637490 0.031220 0.032780
9 0.337470 0.546850 0.035930 0.032780
9 0.382790 0.506250 0.024990 0.031220
9 0.387460 0.462490 0.031220 0.034380
9 0.514030 0.590620 0.024990 0.034380
9 0.554680 0.637490 0.032780 0.032780
9 0.507800 0.429660 0.029660 0.037490
8 0.559350 0.473430 0.031220 0.043720
8 0.517190 0.464040 0.034380 0.042160
8 0.435930 0.428110 0.039050 0.042160
8 0.514030 0.551520 0.037490 0.040600
8 0.554680 0.553080 0.039050 0.037490
8 0.653100 0.601560 0.039050 0.039050
7 0.357790 0.384340 0.040600 0.060930
7 0.557790 0.584340 0.039050 0.051540
6 0.393730 0.389060 0.028110 0.051540
6 0.354680 0.421840 0.039050 0.048430
6 0.546850 0.501530 0.028110 0.045270
6 0.507800 0.509360 0.026550 0.043720
6 0.507800 0.624990 0.031220 0.043720
6 0.657770 0.693710 0.039050 0.037490
