11 0.240600 0.531240 0.073430 0.064040
11 0.478100 0.445270 0.056210 0.068710
11 0.626550 0.379670 0.070270 0.071870
11 0.635930 0.759350 0.073430 0.082760
9 0.253100 0.362460 0.059330 0.051540
9 0.490590 0.387460 0.062490 0.051540
9 0.564020 0.456210 0.049990 0.060930
9 0.560910 0.524970 0.054660 0.057770
9 0.614050 0.596840 0.053100 0.060930
9 0.778120 0.601560 0.071870 0.057770
9 0.406230 0.753120 0.046880 0.073430
9 0.260930 0.667150 0.056210 0.064040
9 0.318750 0.207780 0.064040 0.060930
9 0.773400 0.298420 0.059330 0.051540
9 0.771850 0.376520 0.068710 0.051540
8 0.240600 0.287480 0.073430 0.074980
8 0.251540 0.754680 0.071870 0.085920
8 0.326530 0.759350 0.062490 0.087480
8 0.628110 0.524970 0.068710 0.064040
7 0.485920 0.523410 0.065600 0.074980
6 0.407780 0.367180 0.057770 0.067150
6 0.551520 0.374960 0.057770 0.070270
6 0.704650 0.309360 0.081210 0.073430
6 0.640600 0.224990 0.070270 0.087480
6 0.628110 0.451540 0.068710 0.064040
5 0.556240 0.217170 0.060930 0.079650
5 0.401560 0.440600 0.057770 0.060930
3 0.781230 0.228110 0.068710 0.065600
3 0.774960 0.537470 0.071870 0.060930
3 0.774960 0.668710 0.068710 0.062490
3 0.474980 0.596840 0.049990 0.059330
3 0.562460 0.598400 0.045270 0.059330
3 0.242160 0.582790 0.056210 0.057770
3 0.246880 0.451540 0.059330 0.062490
2 0.396840 0.526530 0.059330 0.067150
2 0.409340 0.604670 0.057770 0.073430
2 0.770290 0.749970 0.079650 0.074980
0 0.478100 0.753120 0.067150 0.081210
0 0.549970 0.762460 0.049990 0.087480
0 0.320300 0.693710 0.059330 0.084370
0 0.407780 0.214050 0.059330 0.099980
0 0.485920 0.215610 0.056210 0.096860
0 0.712470 0.218720 0.073430 0.092150
0 0.785900 0.459330 0.079650 0.054660
