0 0.237490 0.337470 0.084370 0.087480
0 0.240600 0.424990 0.074980 0.073430
0 0.243720 0.501530 0.073430 0.074980
0 0.246880 0.587460 0.079650 0.084370
0 0.231220 0.673430 0.103090 0.074980
0 0.239050 0.760910 0.090590 0.082760
0 0.237490 0.846880 0.084370 0.084370
2 0.810890 0.276540 0.109360 0.084370
2 0.806230 0.362460 0.109360 0.076540
2 0.812500 0.445270 0.104650 0.082760
3 0.584340 0.256210 0.057770 0.078100
3 0.576520 0.353120 0.068710 0.070270
3 0.579670 0.418720 0.071870 0.056210
3 0.579670 0.503090 0.067150 0.071870
3 0.576520 0.585900 0.074980 0.068710
3 0.571850 0.667150 0.070270 0.070270
3 0.560910 0.757790 0.065600 0.062490
5 0.795280 0.737470 0.101530 0.089040
5 0.801560 0.835930 0.098420 0.085920
