10 0.309360 0.401560 0.079650 0.073430
10 0.524970 0.409340 0.073430 0.062490
10 0.662490 0.337470 0.071870 0.067150
10 0.662490 0.484370 0.073430 0.068710
10 0.743740 0.554680 0.084370 0.064040
10 0.520300 0.618720 0.067150 0.078100
10 0.454660 0.699980 0.064040 0.082760
7 0.457770 0.409340 0.067150 0.064040
7 0.823440 0.560910 0.084370 0.062490
7 0.373400 0.698420 0.071870 0.078100
7 0.374960 0.624990 0.090590 0.062490
7 0.600000 0.485920 0.062490 0.068710
6 0.459330 0.265600 0.059330 0.084370
6 0.593730 0.342180 0.051540 0.071870
6 0.739020 0.696860 0.062490 0.074980
6 0.600000 0.623440 0.057770 0.059330
4 0.660930 0.778120 0.073430 0.098420
4 0.743740 0.482760 0.079650 0.065600
4 0.824990 0.404670 0.096860 0.071870
4 0.314030 0.248430 0.087480 0.093710
1 0.309360 0.617170 0.087480 0.070270
