11 0.514030 0.209340 0.073430 0.068710
11 0.185900 0.390620 0.073430 0.049990
11 0.281210 0.678100 0.067150 0.070270
11 0.442160 0.753120 0.059330 0.056210
9 0.276540 0.306250 0.059330 0.065600
9 0.356240 0.309360 0.076540 0.046880
9 0.512470 0.304650 0.068710 0.060930
9 0.593730 0.307800 0.062490 0.062490
9 0.671870 0.306250 0.060930 0.076540
9 0.665600 0.384340 0.051540 0.056210
9 0.743740 0.382790 0.068710 0.060930
9 0.585900 0.540630 0.051540 0.065600
9 0.651540 0.610890 0.054660 0.060930
9 0.207780 0.537470 0.064040 0.059330
9 0.268710 0.381230 0.056210 0.062490
8 0.585900 0.389060 0.057770 0.071870
8 0.448430 0.687480 0.084370 0.064040
8 0.368730 0.767180 0.056210 0.071870
8 0.295310 0.762460 0.053100 0.087480
7 0.284370 0.551520 0.076540 0.078100
6 0.354680 0.464040 0.060930 0.070270
6 0.434380 0.542180 0.059330 0.068710
6 0.589060 0.759350 0.059330 0.085920
6 0.584340 0.467150 0.056210 0.062490
6 0.507800 0.385900 0.062490 0.064040
5 0.223440 0.754680 0.068710 0.078100
5 0.365580 0.545300 0.053100 0.065600
3 0.356240 0.385900 0.065600 0.065600
3 0.518750 0.540630 0.049990 0.060930
3 0.431220 0.606230 0.048430 0.053100
3 0.365580 0.674980 0.054660 0.067150
3 0.589060 0.676540 0.062490 0.062490
3 0.662490 0.681210 0.060930 0.059330
3 0.734360 0.681210 0.070270 0.065600
2 0.432780 0.462490 0.054660 0.068710
2 0.767180 0.309360 0.084370 0.065600
2 0.664040 0.537470 0.057770 0.067150
0 0.439050 0.378120 0.056210 0.060930
0 0.674980 0.465600 0.057770 0.065600
0 0.518750 0.615610 0.053100 0.081210
0 0.667150 0.759350 0.070270 0.085920
0 0.276540 0.462490 0.067150 0.068710
0 0.198400 0.460930 0.073430 0.053100
