0 0.707800 0.220280 0.068710 0.085920
0 0.471870 0.621840 0.065600 0.057770
1 0.312470 0.299980 0.087480 0.096860
1 0.392170 0.543740 0.071870 0.070270
1 0.728080 0.309360 0.103090 0.089040
1 0.401560 0.385900 0.070270 0.081210
2 0.470270 0.462490 0.065600 0.064040
2 0.395280 0.703090 0.068710 0.068710
2 0.626550 0.618720 0.071870 0.067150
2 0.790620 0.401560 0.085920 0.059330
3 0.240600 0.387460 0.065600 0.056210
3 0.334360 0.467150 0.056210 0.053100
3 0.554680 0.462490 0.053100 0.053100
3 0.723410 0.546850 0.059330 0.054660
3 0.545300 0.707800 0.053100 0.059330
3 0.323410 0.621840 0.056210 0.056210
3 0.315590 0.781230 0.062490 0.064040
4 0.226550 0.545300 0.099980 0.078100
5 0.554680 0.237490 0.062490 0.087480
5 0.471870 0.528080 0.060930 0.054660
