9 0.373400 0.545300 0.051540 0.056210
9 0.440600 0.481210 0.049990 0.054660
9 0.499980 0.420280 0.051540 0.060930
9 0.567180 0.354680 0.049990 0.054660
9 0.628110 0.296860 0.048430 0.054660
9 0.565620 0.287480 0.049990 0.057770
9 0.503090 0.284370 0.048430 0.056210
9 0.439050 0.289040 0.059330 0.065600
9 0.374960 0.290590 0.049990 0.065600
9 0.315590 0.284370 0.051540 0.064040
9 0.624990 0.674980 0.051540 0.056210
1 0.218720 0.681210 0.074980 0.076540
10 0.243720 0.339020 0.078100 0.073430
10 0.231220 0.471870 0.074980 0.059330
10 0.228110 0.539020 0.076540 0.056210
10 0.710920 0.545300 0.078100 0.054660
10 0.703090 0.421840 0.084370 0.062490
10 0.709360 0.609340 0.079650 0.064040
10 0.712470 0.214050 0.076540 0.076540
7 0.235930 0.203110 0.081210 0.076540
7 0.228110 0.604670 0.082760 0.062490
7 0.709360 0.678100 0.087480 0.070270
7 0.701530 0.345300 0.074980 0.073430
6 0.364020 0.668710 0.051540 0.051540
6 0.439050 0.668710 0.054660 0.059330
6 0.499980 0.670270 0.056210 0.059330
6 0.564020 0.671870 0.048430 0.054660
4 0.237490 0.264040 0.074980 0.078100
4 0.234380 0.406230 0.079650 0.056210
4 0.709360 0.482760 0.090590 0.051540
4 0.704650 0.281210 0.070270 0.074980
7 0.292150 0.678100 0.068710 0.070270
