10 0.124970 0.151520 0.120300 0.121860
0 0.243720 0.154680 0.087480 0.101530
7 0.335910 0.148410 0.090590 0.117190
8 0.440600 0.171850 0.078100 0.078100
8 0.548410 0.153120 0.076540 0.085920
2 0.634380 0.149970 0.079650 0.093710
0 0.839050 0.143740 0.092150 0.089040
0 0.157790 0.276540 0.099980 0.085920
6 0.353120 0.256210 0.070270 0.078100
7 0.468710 0.257770 0.092150 0.096860
11 0.667150 0.278100 0.076540 0.073430
8 0.735910 0.248430 0.082760 0.076540
6 0.831220 0.242160 0.089040 0.087480
5 0.157790 0.376520 0.103090 0.079650
0 0.273430 0.374960 0.074980 0.076540
6 0.360910 0.371850 0.076540 0.071870
8 0.553080 0.345300 0.073430 0.079650
11 0.656210 0.349970 0.074980 0.071870
9 0.728080 0.353120 0.068710 0.064040
6 0.824990 0.345300 0.089040 0.074980
7 0.153120 0.467150 0.115590 0.081210
3 0.267150 0.454660 0.074980 0.067150
11 0.385900 0.464040 0.079650 0.065600
1 0.651540 0.456210 0.099980 0.078100
2 0.746850 0.446880 0.079650 0.070270
4 0.851540 0.432780 0.120300 0.076540
5 0.164020 0.576520 0.101530 0.079650
9 0.281210 0.560910 0.070270 0.071870
2 0.378120 0.553080 0.065600 0.078100
5 0.474980 0.549970 0.065600 0.078100
3 0.654660 0.546850 0.067150 0.065600
9 0.723410 0.529690 0.057770 0.060930
0 0.253100 0.667150 0.079650 0.076540
2 0.454660 0.654660 0.076540 0.078100
8 0.559350 0.642160 0.074980 0.084370
1 0.660930 0.651540 0.099980 0.093710
5 0.754680 0.637490 0.082760 0.087480
10 0.854660 0.629660 0.117190 0.095310
4 0.148410 0.782790 0.107800 0.112470
3 0.293710 0.749970 0.076540 0.062490
11 0.670270 0.732800 0.085920 0.085920
10 0.179670 0.878100 0.115590 0.120300
6 0.274980 0.867150 0.076540 0.107800
4 0.376520 0.881210 0.095310 0.126530
8 0.492150 0.848430 0.085920 0.096860
6 0.579670 0.857770 0.071870 0.101530
5 0.671870 0.839050 0.078100 0.096860
5 0.764020 0.839050 0.085920 0.096860
1 0.876540 0.842160 0.129690 0.121860
