0 0.153120 0.665600 0.096860 0.071870
0 0.237490 0.659370 0.068710 0.074980
0 0.298420 0.668710 0.070270 0.056210
0 0.376520 0.654660 0.068710 0.053100
0 0.451540 0.662490 0.059330 0.062490
0 0.523410 0.662490 0.070270 0.059330
0 0.600000 0.662490 0.073430 0.062490
2 0.181230 0.243720 0.078100 0.076540
2 0.246880 0.374960 0.060930 0.054660
2 0.317190 0.451540 0.078100 0.070270
3 0.671870 0.660930 0.070270 0.064040
3 0.670270 0.589060 0.073430 0.059330
3 0.667150 0.520300 0.068710 0.056210
3 0.671870 0.451540 0.064040 0.049990
3 0.664040 0.379670 0.071870 0.048430
3 0.670270 0.309360 0.057770 0.062490
3 0.659370 0.249990 0.056210 0.070270
5 0.378120 0.517190 0.057770 0.062490
5 0.453100 0.589060 0.068710 0.064040
