6 0.379670 0.565620 0.049990 0.070270
11 0.206230 0.721860 0.071870 0.067150
5 0.589060 0.570290 0.051540 0.076540
3 0.626550 0.312470 0.029660 0.057770
5 0.773400 0.720300 0.070270 0.078100
9 0.292150 0.635930 0.062490 0.053100
9 0.343740 0.420280 0.048430 0.059330
9 0.299980 0.565620 0.045270 0.053100
3 0.534360 0.504650 0.040600 0.053100
3 0.681210 0.735910 0.054660 0.060930
3 0.690590 0.643720 0.053100 0.056210
3 0.590620 0.460930 0.045270 0.056210
3 0.587460 0.403110 0.042160 0.068710
5 0.714030 0.406230 0.053100 0.078100
3 0.678100 0.573400 0.046880 0.057770
6 0.239050 0.574960 0.074980 0.060930
11 0.360910 0.310920 0.042160 0.060930
5 0.707800 0.321860 0.040600 0.067150
6 0.403110 0.399950 0.039050 0.068710
9 0.465600 0.510920 0.040600 0.060930
9 0.467150 0.454660 0.037490 0.053100
9 0.290590 0.714030 0.059330 0.059330
11 0.292150 0.318750 0.051540 0.054660
9 0.339020 0.360910 0.029660 0.051540
1 0.718750 0.434380 0.062490 0.109360
11 0.245270 0.507800 0.084370 0.070270
6 0.265600 0.414050 0.064040 0.059330
3 0.648430 0.406230 0.039050 0.074980
5 0.746850 0.570290 0.056210 0.067150
4 0.726530 0.474980 0.064040 0.107800
3 0.646830 0.370290 0.032780 0.064040
4 0.734360 0.542180 0.057770 0.101530
