10 0.584340 0.523410 0.056210 0.056210
10 0.639050 0.398400 0.059330 0.059330
10 0.571850 0.393730 0.060930 0.057770
10 0.639050 0.320300 0.057770 0.064040
10 0.239050 0.331240 0.084370 0.064040
10 0.242160 0.407780 0.076540 0.056210
10 0.174960 0.471870 0.076540 0.046880
9 0.384340 0.406230 0.040600 0.042160
9 0.506250 0.459330 0.042160 0.039050
9 0.573400 0.470270 0.048430 0.037490
9 0.523410 0.532800 0.045270 0.039050
9 0.451540 0.521860 0.042160 0.040600
9 0.392170 0.659370 0.051540 0.043720
9 0.254660 0.657770 0.053100 0.039050
9 0.249990 0.592170 0.045270 0.039050
9 0.324970 0.529690 0.049990 0.042160
9 0.651540 0.707800 0.042160 0.046880
9 0.271870 0.785900 0.053100 0.051540
7 0.648430 0.523410 0.059330 0.051540
7 0.646830 0.653100 0.062490 0.062490
7 0.579670 0.592170 0.057770 0.059330
7 0.309360 0.468710 0.073430 0.048430
7 0.507800 0.323410 0.054660 0.065600
6 0.307800 0.407780 0.056210 0.039050
6 0.251540 0.468710 0.057770 0.042160
6 0.179670 0.401560 0.062490 0.043720
6 0.187460 0.596840 0.062490 0.043720
4 0.449990 0.726530 0.053100 0.068710
4 0.523410 0.659370 0.053100 0.068710
4 0.585900 0.728080 0.049990 0.064040
4 0.512470 0.729690 0.046880 0.071870
1 0.521860 0.800000 0.056210 0.081210
