1 0.418720 0.368730 0.048430 0.089040
0 0.484370 0.445270 0.040600 0.057770
0 0.540630 0.440600 0.039050 0.059330
6 0.285920 0.440600 0.051540 0.060930
6 0.354680 0.445270 0.045270 0.059330
3 0.295310 0.379670 0.042160 0.048430
3 0.364020 0.323410 0.032780 0.042160
3 0.424990 0.320300 0.029660 0.045270
3 0.473430 0.314030 0.029660 0.042160
3 0.553080 0.315590 0.021840 0.018720
4 0.482760 0.370290 0.046880 0.078100
10 0.359350 0.370290 0.054660 0.082760
5 0.292150 0.318750 0.049990 0.062490
8 0.220280 0.434380 0.062490 0.064040
3 0.606230 0.321860 0.034380 0.048430
3 0.667150 0.323410 0.037490 0.049990
3 0.426550 0.443720 0.034380 0.049990
5 0.614050 0.378120 0.046880 0.064040
5 0.676540 0.374960 0.051540 0.062490
5 0.624990 0.437490 0.048430 0.059330
7 0.542180 0.367180 0.046880 0.084370
