9 0.246880 0.679650 0.073430 0.076540
9 0.284370 0.582790 0.067150 0.074980
9 0.314030 0.498420 0.065600 0.076540
9 0.487480 0.456210 0.059330 0.076540
9 0.434380 0.378120 0.057770 0.078100
9 0.368730 0.298420 0.062490 0.079650
9 0.393730 0.237490 0.056210 0.078100
9 0.409340 0.184340 0.056210 0.079650
11 0.343740 0.159350 0.076540 0.101530
8 0.315590 0.223440 0.085920 0.099980
6 0.303090 0.268710 0.082760 0.107800
11 0.160910 0.656210 0.103090 0.104650
8 0.184340 0.568730 0.104650 0.095310
6 0.226550 0.481210 0.092150 0.104650
7 0.253100 0.393730 0.110920 0.135910
10 0.276540 0.331240 0.096860 0.121860
3 0.712470 0.778120 0.074980 0.078100
3 0.587460 0.409340 0.057770 0.078100
3 0.718750 0.685920 0.071870 0.078100
3 0.728080 0.590620 0.067150 0.078100
3 0.737470 0.509360 0.064040 0.078100
3 0.743740 0.376520 0.062490 0.081210
3 0.740580 0.309360 0.059330 0.079650
3 0.753120 0.253100 0.057770 0.081210
2 0.646830 0.571850 0.089040 0.096860
5 0.812500 0.790620 0.107800 0.107800
0 0.820280 0.600000 0.095310 0.109360
1 0.824990 0.512470 0.115590 0.142180
4 0.826550 0.443720 0.104650 0.123410
0 0.824990 0.379670 0.087480 0.112470
2 0.823440 0.321860 0.090590 0.104650
5 0.828110 0.260930 0.079650 0.104650
