11 0.537470 0.148410 0.065600 0.092150
11 0.610890 0.434380 0.060930 0.071870
11 0.523410 0.626550 0.065600 0.087480
10 0.137470 0.129690 0.117190 0.112470
10 0.532800 0.826550 0.076540 0.120300
10 0.537470 0.449990 0.073430 0.078100
9 0.631220 0.806230 0.062490 0.085920
8 0.132800 0.228110 0.096860 0.081210
8 0.243720 0.156240 0.090590 0.081210
8 0.820280 0.824990 0.090590 0.101530
8 0.715590 0.821840 0.085920 0.090590
8 0.334360 0.628110 0.079650 0.078100
8 0.346850 0.529690 0.078100 0.078100
7 0.432780 0.128080 0.082760 0.131240
7 0.435930 0.437490 0.081210 0.073430
7 0.620280 0.532800 0.095310 0.078100
6 0.148410 0.426550 0.095310 0.071870
6 0.149970 0.604670 0.090590 0.078100
6 0.626550 0.640600 0.064040 0.084370
6 0.829660 0.724970 0.092150 0.085920
6 0.824990 0.154680 0.095310 0.082760
6 0.331240 0.140580 0.079650 0.092150
11 0.524970 0.531240 0.070270 0.062490
5 0.118750 0.326530 0.093710 0.071870
5 0.337470 0.345300 0.085920 0.064040
5 0.629660 0.153120 0.070270 0.090590
5 0.720300 0.148410 0.079650 0.090590
5 0.726530 0.449990 0.074980 0.071870
5 0.834330 0.429660 0.092150 0.076540
4 0.448430 0.340630 0.073430 0.092150
4 0.848430 0.623440 0.126530 0.101530
4 0.140580 0.829660 0.112470 0.139020
3 0.435930 0.517190 0.067150 0.054660
3 0.714030 0.698420 0.056210 0.071870
2 0.349970 0.437490 0.078100 0.070270
2 0.131240 0.510920 0.117190 0.071870
2 0.540630 0.348410 0.071870 0.089040
2 0.339020 0.810890 0.074980 0.112470
1 0.626550 0.334360 0.078100 0.095310
1 0.831220 0.237490 0.120300 0.103090
1 0.832780 0.523410 0.115590 0.084370
0 0.445270 0.629660 0.065600 0.071870
0 0.418720 0.806230 0.060930 0.098420
0 0.256210 0.810890 0.078100 0.099980
0 0.145300 0.715590 0.107800 0.074980
0 0.829660 0.329690 0.092150 0.070270
