4 0.778120 0.128080 0.096860 0.098420
0 0.674980 0.156240 0.059330 0.070270
10 0.593730 0.129690 0.067150 0.101530
0 0.498420 0.157790 0.049990 0.068710
7 0.418720 0.160910 0.067150 0.096860
1 0.329690 0.145300 0.074980 0.095310
8 0.249990 0.156240 0.071870 0.076540
8 0.157790 0.151520 0.078100 0.076540
11 0.784340 0.218720 0.067150 0.070270
4 0.423440 0.251540 0.065600 0.078100
9 0.328080 0.251540 0.049990 0.046880
3 0.257770 0.260930 0.053100 0.046880
6 0.156240 0.243720 0.071870 0.065600
10 0.764020 0.326530 0.087480 0.071870
8 0.604670 0.318750 0.064040 0.056210
0 0.509360 0.326530 0.049990 0.053100
6 0.335910 0.326530 0.056210 0.051540
0 0.151520 0.343740 0.073430 0.053100
2 0.699980 0.418720 0.067150 0.056210
8 0.593730 0.406230 0.060930 0.051540
11 0.439050 0.415610 0.053100 0.051540
3 0.268710 0.428110 0.049990 0.045270
7 0.765580 0.485920 0.089040 0.060930
8 0.614050 0.498420 0.056210 0.056210
5 0.506250 0.501530 0.049990 0.049990
11 0.362460 0.499980 0.056210 0.057770
5 0.167180 0.510920 0.074980 0.051540
6 0.768730 0.568730 0.071870 0.054660
5 0.685920 0.581230 0.065600 0.062490
5 0.606230 0.578120 0.057770 0.062490
6 0.759350 0.667150 0.068710 0.062490
8 0.596840 0.667150 0.065600 0.062490
4 0.506250 0.584340 0.064040 0.068710
2 0.426550 0.581230 0.057770 0.056210
1 0.353120 0.592170 0.067150 0.071870
1 0.262490 0.582790 0.082760 0.070270
0 0.171850 0.595280 0.074980 0.056210
11 0.435930 0.674980 0.057770 0.064040
6 0.260930 0.656210 0.071870 0.062490
10 0.774960 0.753120 0.093710 0.092150
5 0.607780 0.748410 0.056210 0.076540
2 0.507800 0.740580 0.057770 0.076540
6 0.360910 0.749970 0.057770 0.068710
7 0.242160 0.767180 0.082760 0.096860
5 0.170290 0.760910 0.070270 0.071870
2 0.176520 0.426550 0.103090 0.074980
