8 0.554680 0.184340 0.081210 0.089040
8 0.867150 0.171850 0.124970 0.098420
8 0.859370 0.267150 0.107800 0.078100
8 0.743740 0.279650 0.095310 0.084370
8 0.553080 0.378120 0.074980 0.084370
8 0.454660 0.467150 0.074980 0.074980
8 0.862490 0.371850 0.104650 0.070270
8 0.853100 0.465600 0.098420 0.085920
8 0.756240 0.473430 0.095310 0.074980
8 0.853100 0.560910 0.101530 0.073430
8 0.756240 0.768730 0.087480 0.096860
8 0.867150 0.864040 0.106250 0.107800
8 0.468710 0.854660 0.082760 0.099980
8 0.370290 0.756240 0.081210 0.084370
8 0.274980 0.565620 0.093710 0.078100
8 0.356240 0.285920 0.079650 0.084370
2 0.243720 0.160910 0.115590 0.076540
2 0.443720 0.278100 0.078100 0.089040
2 0.142180 0.284370 0.110920 0.089040
2 0.253100 0.289040 0.096860 0.078100
2 0.154680 0.481210 0.121860 0.078100
2 0.364020 0.471870 0.090590 0.076540
2 0.543740 0.554680 0.064040 0.071870
2 0.654660 0.664040 0.085920 0.079650
2 0.462490 0.659370 0.079650 0.079650
2 0.167180 0.673430 0.093710 0.089040
2 0.262490 0.664040 0.104650 0.070270
2 0.365580 0.856210 0.073430 0.089040
