3 0.257770 0.218720 0.054660 0.064040
3 0.332800 0.231220 0.062490 0.065600
3 0.260930 0.296860 0.056210 0.057770
3 0.262490 0.359350 0.053100 0.049990
3 0.332800 0.296860 0.051540 0.051540
3 0.326530 0.376520 0.054660 0.054660
3 0.260930 0.454660 0.065600 0.051540
3 0.334360 0.456210 0.062490 0.056210
3 0.409340 0.464040 0.049990 0.051540
3 0.260930 0.534360 0.056210 0.053100
3 0.331240 0.532800 0.059330 0.054660
3 0.260930 0.610890 0.053100 0.053100
3 0.332800 0.618720 0.056210 0.045270
3 0.262490 0.692150 0.056210 0.059330
3 0.328080 0.684370 0.051540 0.059330
3 0.264040 0.762460 0.060930 0.067150
3 0.334360 0.771850 0.051540 0.068710
3 0.412500 0.759350 0.053100 0.059330
3 0.553080 0.239050 0.054660 0.057770
3 0.548410 0.457770 0.053100 0.054660
3 0.617170 0.242160 0.059330 0.056210
3 0.628110 0.314030 0.064040 0.056210
3 0.685920 0.248430 0.056210 0.057770
3 0.764020 0.253100 0.060930 0.053100
3 0.693710 0.315590 0.054660 0.051540
3 0.751520 0.323410 0.053100 0.054660
3 0.620280 0.381230 0.057770 0.054660
3 0.620280 0.460930 0.054660 0.053100
3 0.620280 0.531240 0.053100 0.059330
3 0.624990 0.604670 0.051540 0.053100
3 0.626550 0.673430 0.053100 0.056210
3 0.615610 0.745300 0.056210 0.062490
3 0.692150 0.395280 0.057770 0.056210
3 0.759350 0.392170 0.060930 0.049990
3 0.685920 0.467150 0.057770 0.049990
3 0.757790 0.467150 0.070270 0.043720
3 0.689040 0.526530 0.059330 0.053100
3 0.687480 0.600000 0.057770 0.049990
3 0.695310 0.671870 0.062490 0.057770
3 0.699980 0.745300 0.062490 0.062490
3 0.771850 0.540630 0.070270 0.045270
3 0.767180 0.596840 0.070270 0.053100
3 0.768730 0.667150 0.062490 0.056210
3 0.770290 0.737470 0.062490 0.059330
