11 0.618720 0.734360 0.071870 0.074980
11 0.546850 0.449990 0.068710 0.056210
11 0.464040 0.373400 0.059330 0.068710
11 0.235930 0.381230 0.071870 0.064040
9 0.260930 0.662490 0.062490 0.065600
9 0.403110 0.592170 0.046880 0.042160
9 0.542180 0.585900 0.051540 0.053100
9 0.734360 0.376520 0.067150 0.049990
9 0.737470 0.310920 0.065600 0.053100
9 0.671870 0.310920 0.056210 0.060930
9 0.315590 0.224990 0.064040 0.059330
9 0.243720 0.449990 0.068710 0.054660
9 0.398400 0.737470 0.057770 0.065600
9 0.749970 0.585900 0.067150 0.064040
8 0.609340 0.589060 0.060930 0.060930
8 0.679650 0.664040 0.067150 0.082760
8 0.323410 0.745300 0.065600 0.068710
8 0.251540 0.748410 0.059330 0.071870
7 0.228110 0.210890 0.084370 0.099980
6 0.229660 0.303090 0.081210 0.078100
6 0.465600 0.524970 0.067150 0.064040
6 0.603110 0.385900 0.068710 0.065600
6 0.614050 0.243720 0.073430 0.076540
6 0.539020 0.521860 0.084370 0.049990
5 0.314030 0.298420 0.064040 0.082760
5 0.535910 0.231220 0.053100 0.079650
3 0.389060 0.378120 0.071870 0.065600
3 0.462490 0.443720 0.060930 0.054660
3 0.468710 0.592170 0.053100 0.043720
3 0.749970 0.653100 0.053100 0.051540
3 0.751520 0.521860 0.056210 0.048430
3 0.315590 0.668710 0.051540 0.057770
3 0.745300 0.235930 0.064040 0.071870
2 0.746850 0.721860 0.074980 0.067150
2 0.245270 0.610890 0.081210 0.073430
2 0.256210 0.520300 0.079650 0.065600
0 0.390620 0.232780 0.060930 0.090590
0 0.460930 0.234380 0.054660 0.087480
0 0.535910 0.379670 0.054660 0.060930
0 0.751520 0.453100 0.079650 0.046880
0 0.549970 0.737470 0.059330 0.074980
0 0.473430 0.735910 0.062490 0.081210
0 0.682760 0.232780 0.067150 0.071870
