11 0.231220 0.706250 0.081210 0.076540
11 0.506250 0.345300 0.064040 0.081210
11 0.593730 0.354680 0.062490 0.074980
11 0.137470 0.428110 0.095310 0.074980
10 0.707800 0.353120 0.095310 0.096860
10 0.310920 0.829660 0.092150 0.121860
10 0.118750 0.806230 0.110920 0.114030
9 0.793730 0.340630 0.062490 0.070270
8 0.331240 0.340630 0.074980 0.078100
8 0.518750 0.618720 0.062490 0.081210
8 0.809340 0.151520 0.090590 0.095310
8 0.804670 0.254660 0.085920 0.085920
8 0.139020 0.707800 0.084370 0.081210
7 0.418720 0.326530 0.082760 0.087480
7 0.418720 0.526530 0.078100 0.082760
7 0.585900 0.818720 0.078100 0.114030
6 0.140580 0.148410 0.085920 0.096860
6 0.710920 0.142180 0.084370 0.101530
6 0.598400 0.431220 0.071870 0.068710
6 0.123410 0.532800 0.092150 0.074980
6 0.128080 0.623440 0.090590 0.071870
6 0.412500 0.807780 0.071870 0.085920
8 0.214050 0.815610 0.085920 0.103090
5 0.412500 0.139020 0.068710 0.096860
5 0.135910 0.246880 0.099980 0.074980
5 0.135910 0.337470 0.096860 0.070270
5 0.331240 0.621840 0.070270 0.074980
5 0.684370 0.740580 0.073430 0.099980
5 0.800000 0.434380 0.092150 0.073430
4 0.612500 0.118750 0.085920 0.128080
4 0.807780 0.823440 0.107800 0.120300
4 0.315590 0.514030 0.090590 0.076540
3 0.337470 0.256210 0.067150 0.065600
3 0.690590 0.251540 0.070270 0.067150
2 0.326530 0.426550 0.070270 0.070270
2 0.789060 0.631220 0.098420 0.085920
2 0.490590 0.824990 0.071870 0.106250
2 0.415610 0.615610 0.068710 0.071870
1 0.506250 0.129690 0.071870 0.129690
1 0.223440 0.139020 0.099980 0.118750
1 0.600000 0.614050 0.067150 0.095310
0 0.593730 0.531240 0.067150 0.065600
0 0.320300 0.140580 0.071870 0.101530
0 0.784340 0.545300 0.087480 0.076540
0 0.784340 0.715590 0.076540 0.078100
0 0.695310 0.826550 0.071870 0.087480
