8 0.665600 0.365580 0.076540 0.046880
8 0.346850 0.481210 0.051540 0.037490
9 0.704650 0.453100 0.048430 0.031220
9 0.590620 0.451540 0.048430 0.032780
9 0.537470 0.399950 0.045270 0.034380
9 0.531240 0.487480 0.051540 0.031220
9 0.471870 0.443720 0.046880 0.032780
9 0.415610 0.478100 0.048430 0.034380
9 0.418720 0.384340 0.040600 0.034380
9 0.284370 0.368730 0.045270 0.034380
11 0.646830 0.542180 0.062490 0.035930
11 0.296860 0.323410 0.048430 0.040600
7 0.489040 0.340630 0.071870 0.045270
6 0.589060 0.493710 0.064040 0.035930
6 0.481210 0.481210 0.056210 0.034380
3 0.690590 0.631220 0.053100 0.034380
3 0.628110 0.628110 0.048430 0.031220
3 0.578120 0.624990 0.048430 0.034380
3 0.518750 0.615610 0.045270 0.034380
3 0.335910 0.615610 0.045270 0.034380
3 0.284370 0.610890 0.045270 0.034380
3 0.407780 0.565620 0.045270 0.034380
3 0.528080 0.532800 0.048430 0.031220
1 0.667150 0.449990 0.071870 0.035930
2 0.345300 0.517190 0.056210 0.035930
2 0.587460 0.543740 0.076540 0.035930
4 0.474980 0.529690 0.065600 0.042160
5 0.710920 0.540630 0.067150 0.035930
5 0.406230 0.620280 0.053100 0.042160
0 0.459330 0.618720 0.053100 0.037490
0 0.470270 0.571850 0.056210 0.037490
10 0.415610 0.518750 0.070270 0.039050
