0 0.479650 0.203110 0.064040 0.084370
0 0.392170 0.289040 0.057770 0.074980
0 0.312470 0.370290 0.065600 0.087480
0 0.553080 0.293710 0.060930 0.065600
0 0.624990 0.378120 0.062490 0.060930
0 0.701530 0.298420 0.076540 0.076540
0 0.804670 0.217170 0.085920 0.087480
2 0.226550 0.446880 0.074980 0.062490
2 0.746850 0.681210 0.081210 0.076540
2 0.215610 0.660930 0.081210 0.079650
3 0.307800 0.657770 0.071870 0.068710
3 0.387460 0.664040 0.064040 0.068710
3 0.445270 0.670270 0.048430 0.057770
3 0.535910 0.668710 0.053100 0.065600
3 0.603110 0.674980 0.051540 0.062490
3 0.671870 0.671870 0.057770 0.062490
5 0.296860 0.753120 0.090590 0.087480
5 0.674980 0.749970 0.076540 0.074980
3 0.524970 0.517190 0.071870 0.059330
