8 0.335910 0.651540 0.045270 0.045270
8 0.496860 0.559350 0.042160 0.045270
8 0.353120 0.457770 0.040600 0.048430
8 0.589060 0.460930 0.039050 0.054660
8 0.545300 0.414050 0.039050 0.046880
8 0.403110 0.326530 0.046880 0.040600
11 0.501530 0.646830 0.039050 0.046880
11 0.290590 0.546850 0.048430 0.048430
11 0.304650 0.460930 0.043720 0.048430
11 0.493710 0.454660 0.034380 0.048430
11 0.449990 0.456210 0.037490 0.045270
11 0.585900 0.426550 0.039050 0.049990
9 0.387460 0.606230 0.032780 0.035930
9 0.299980 0.510920 0.034380 0.037490
9 0.540630 0.470270 0.031220 0.039050
9 0.643720 0.457770 0.032780 0.037490
9 0.459330 0.374960 0.028110 0.042160
9 0.495310 0.324970 0.028110 0.043720
9 0.348410 0.328080 0.035930 0.040600
6 0.453100 0.662490 0.039050 0.045270
6 0.656210 0.654660 0.039050 0.045270
6 0.659370 0.601560 0.039050 0.043720
6 0.646830 0.539020 0.039050 0.043720
6 0.449990 0.554680 0.040600 0.045270
6 0.503090 0.598400 0.039050 0.039050
7 0.593730 0.593730 0.046880 0.059330
7 0.600000 0.539020 0.045270 0.056210
10 0.356240 0.409340 0.046880 0.062490
10 0.499980 0.404670 0.037490 0.064040
7 0.543740 0.370290 0.040600 0.062490
5 0.393730 0.657770 0.040600 0.042160
5 0.557790 0.657770 0.034380 0.051540
5 0.446880 0.603110 0.042160 0.045270
5 0.340630 0.607780 0.043720 0.046880
5 0.395280 0.504650 0.039050 0.045270
5 0.640600 0.510920 0.040600 0.045270
5 0.646830 0.421840 0.034380 0.046880
5 0.395280 0.412500 0.039050 0.046880
2 0.554680 0.596840 0.039050 0.048430
2 0.454660 0.507800 0.042160 0.049990
2 0.595280 0.507800 0.042160 0.042160
2 0.406230 0.459330 0.040600 0.043720
0 0.346850 0.556240 0.043720 0.039050
0 0.556240 0.551520 0.035930 0.045270
0 0.506250 0.504650 0.039050 0.048430
0 0.298420 0.401560 0.035930 0.048430
0 0.356240 0.367180 0.040600 0.046880
0 0.493710 0.368730 0.035930 0.049990
1 0.549970 0.495310 0.043720 0.059330
1 0.449990 0.407780 0.045270 0.060930
4 0.442160 0.324970 0.039050 0.067150
4 0.403110 0.553080 0.048430 0.056210
4 0.285920 0.598400 0.049990 0.060930
10 0.603110 0.649990 0.045270 0.060930
1 0.407780 0.365580 0.034380 0.059330
