5 0.662490 0.445270 0.057770 0.070270
6 0.285920 0.448430 0.068710 0.076540
6 0.365580 0.454660 0.064040 0.079650
3 0.296860 0.376520 0.065600 0.059330
3 0.370290 0.381230 0.056210 0.060930
3 0.373400 0.321860 0.057770 0.059330
3 0.437490 0.320300 0.053100 0.062490
3 0.503090 0.304650 0.057770 0.042160
3 0.578120 0.323410 0.049990 0.062490
5 0.642160 0.312470 0.057770 0.067150
5 0.651540 0.378120 0.054660 0.060930
0 0.568730 0.445270 0.051540 0.076540
0 0.504650 0.451540 0.049990 0.078100
5 0.434380 0.385900 0.053100 0.065600
3 0.445270 0.454660 0.049990 0.059330
3 0.582790 0.382790 0.046880 0.054660
4 0.506250 0.373400 0.056210 0.087480
