4 0.465600 0.774960 0.062490 0.093710
4 0.385900 0.779670 0.067150 0.096860
4 0.307800 0.779670 0.074980 0.099980
4 0.224990 0.776520 0.090590 0.101530
1 0.543740 0.460930 0.059330 0.062490
7 0.206230 0.223440 0.101530 0.092150
7 0.295310 0.220280 0.090590 0.095310
7 0.379670 0.218720 0.071870 0.096860
7 0.459330 0.217170 0.065600 0.103090
7 0.539020 0.217170 0.067150 0.096860
10 0.779670 0.218720 0.081210 0.092150
10 0.778120 0.303090 0.090590 0.078100
10 0.774960 0.382790 0.096860 0.068710
10 0.776520 0.460930 0.095310 0.065600
10 0.692150 0.212500 0.078100 0.099980
10 0.614050 0.304650 0.071870 0.087480
10 0.539020 0.304650 0.067150 0.087480
6 0.612500 0.220280 0.064040 0.084370
6 0.467150 0.303090 0.060930 0.073430
6 0.387460 0.306250 0.062490 0.067150
6 0.235930 0.310920 0.082760 0.070270
