5 0.398400 0.518750 0.057770 0.074980
5 0.618720 0.506250 0.081210 0.060930
0 0.756240 0.789060 0.079650 0.073430
0 0.617170 0.718750 0.068710 0.071870
0 0.546850 0.798400 0.064040 0.079650
0 0.471870 0.724970 0.062490 0.090590
0 0.399950 0.659370 0.060930 0.082760
0 0.321860 0.743740 0.060930 0.084370
0 0.239050 0.818720 0.078100 0.103090
2 0.253100 0.592170 0.109360 0.078100
2 0.543740 0.587460 0.073430 0.073430
2 0.756240 0.590620 0.081210 0.073430
3 0.245270 0.384340 0.065600 0.064040
3 0.318750 0.298420 0.064040 0.067150
3 0.404670 0.378120 0.056210 0.062490
3 0.464040 0.309360 0.048430 0.071870
3 0.682760 0.312470 0.067150 0.071870
3 0.604670 0.381230 0.053100 0.062490
3 0.748410 0.389060 0.068710 0.078100
