0 0.806230 0.229660 0.082760 0.068710
0 0.814050 0.303090 0.099980 0.068710
0 0.815610 0.382790 0.115590 0.084370
0 0.809340 0.464040 0.103090 0.079650
0 0.806230 0.543740 0.096860 0.064040
0 0.809340 0.624990 0.101530 0.071870
0 0.801560 0.703090 0.109360 0.073430
2 0.234380 0.628110 0.093710 0.070270
2 0.237490 0.706250 0.096860 0.087480
2 0.234380 0.804670 0.101530 0.106250
3 0.495310 0.303090 0.060930 0.067150
3 0.481210 0.399950 0.068710 0.071870
3 0.479650 0.471870 0.062490 0.074980
3 0.487480 0.553080 0.054660 0.065600
3 0.478100 0.632780 0.073430 0.071870
3 0.484370 0.709360 0.084370 0.073430
3 0.493710 0.806230 0.067150 0.096860
5 0.239050 0.309360 0.092150 0.081210
5 0.243720 0.210890 0.096860 0.087480
