4 0.556240 0.443720 0.067150 0.065600
4 0.364020 0.634380 0.081210 0.081210
4 0.543740 0.540630 0.064040 0.060930
8 0.474980 0.729690 0.065600 0.076540
8 0.651540 0.737470 0.076540 0.079650
8 0.751520 0.532800 0.081210 0.062490
8 0.724970 0.437490 0.078100 0.065600
8 0.728080 0.146850 0.067150 0.103090
11 0.626550 0.357790 0.070270 0.065600
11 0.384340 0.253100 0.070270 0.079650
11 0.440600 0.156240 0.070270 0.081210
11 0.473430 0.826550 0.064040 0.089040
10 0.259370 0.545300 0.095310 0.071870
10 0.860930 0.540630 0.115590 0.071870
10 0.746850 0.243720 0.095310 0.093710
7 0.456210 0.345300 0.070270 0.085920
7 0.851540 0.815610 0.109360 0.106250
6 0.751520 0.635930 0.074980 0.059330
6 0.646830 0.609340 0.067150 0.062490
6 0.473430 0.634380 0.057770 0.064040
6 0.639050 0.823440 0.067150 0.081210
9 0.565620 0.637490 0.049990 0.054660
5 0.667150 0.531240 0.065600 0.056210
5 0.454660 0.453100 0.060930 0.057770
5 0.457770 0.264040 0.059330 0.076540
5 0.540630 0.251540 0.065600 0.078100
5 0.271870 0.731240 0.071870 0.081210
5 0.268710 0.623440 0.076540 0.065600
0 0.371850 0.732800 0.067150 0.078100
0 0.567180 0.353120 0.059330 0.065600
0 0.278100 0.454660 0.071870 0.057770
0 0.842160 0.642160 0.085920 0.062490
0 0.268710 0.226550 0.076540 0.068710
2 0.343740 0.157790 0.082760 0.090590
1 0.257770 0.343740 0.098420 0.079650
2 0.368730 0.460930 0.065600 0.057770
2 0.356240 0.545300 0.065600 0.064040
3 0.354680 0.357790 0.048430 0.051540
3 0.648430 0.453100 0.051540 0.051540
2 0.553080 0.726530 0.064040 0.081210
1 0.256210 0.843720 0.098420 0.112470
1 0.454660 0.531240 0.068710 0.067150
8 0.746850 0.724970 0.074980 0.087480
6 0.635930 0.253100 0.068710 0.078100
7 0.762460 0.340630 0.101530 0.090590
6 0.351520 0.839050 0.062490 0.085920
