4 0.245270 0.167180 0.109360 0.110920
5 0.440600 0.182790 0.074980 0.087480
0 0.724970 0.179670 0.074980 0.092150
10 0.839050 0.149970 0.107800 0.117190
6 0.160910 0.284370 0.095310 0.079650
3 0.271870 0.301530 0.071870 0.062490
0 0.349970 0.264040 0.067150 0.071870
9 0.459330 0.290590 0.057770 0.054660
3 0.549970 0.273430 0.065600 0.062490
7 0.634380 0.268710 0.081210 0.099980
0 0.717190 0.278100 0.071870 0.071870
0 0.842160 0.264040 0.095310 0.076540
4 0.143740 0.378120 0.120300 0.078100
11 0.265600 0.384340 0.087480 0.073430
4 0.454660 0.371850 0.071870 0.078100
0 0.549970 0.360910 0.065600 0.068710
6 0.635930 0.367180 0.074980 0.065600
5 0.817170 0.374960 0.090590 0.071870
1 0.165580 0.481210 0.132800 0.078100
6 0.362460 0.460930 0.074980 0.067150
11 0.454660 0.465600 0.070270 0.065600
2 0.543740 0.456210 0.070270 0.068710
8 0.735910 0.456210 0.087480 0.078100
6 0.162460 0.571850 0.092150 0.065600
3 0.281210 0.539020 0.059330 0.059330
7 0.353120 0.559350 0.090590 0.071870
6 0.473430 0.546850 0.068710 0.065600
11 0.568730 0.545300 0.078100 0.065600
8 0.656210 0.559350 0.071870 0.070270
2 0.745300 0.534360 0.081210 0.065600
8 0.834330 0.551520 0.081210 0.071870
5 0.171850 0.657770 0.081210 0.071870
1 0.265600 0.643720 0.098420 0.079650
2 0.382790 0.642160 0.067150 0.073430
7 0.451540 0.660930 0.070270 0.082760
1 0.545300 0.645270 0.076540 0.089040
10 0.757790 0.656210 0.106250 0.090590
8 0.264040 0.757790 0.071870 0.089040
9 0.474980 0.714030 0.049990 0.057770
2 0.551520 0.735910 0.065600 0.068710
9 0.643720 0.714030 0.059330 0.065600
11 0.743740 0.731240 0.078100 0.076540
5 0.851540 0.729690 0.087480 0.079650
5 0.178120 0.834330 0.085920 0.081210
10 0.374960 0.837490 0.087480 0.107800
5 0.470270 0.834330 0.060930 0.087480
6 0.554680 0.834330 0.067150 0.090590
8 0.673430 0.839050 0.076540 0.095310
8 0.748410 0.818720 0.082760 0.087480
