0 0.778120 0.284370 0.090590 0.078100
0 0.782790 0.364020 0.106250 0.060930
0 0.784340 0.428110 0.090590 0.064040
0 0.778120 0.506250 0.085920 0.068710
0 0.781230 0.579670 0.101530 0.070270
0 0.776520 0.656210 0.109360 0.068710
0 0.784340 0.728080 0.096860 0.079650
2 0.237490 0.657770 0.099980 0.078100
2 0.234380 0.742180 0.103090 0.090590
2 0.239050 0.834330 0.103090 0.090590
3 0.490590 0.353120 0.060930 0.071870
3 0.478100 0.439050 0.079650 0.065600
3 0.478100 0.515590 0.057770 0.060930
3 0.484370 0.593730 0.054660 0.062490
3 0.465600 0.662490 0.060930 0.065600
3 0.476540 0.739020 0.064040 0.062490
3 0.474980 0.821840 0.067150 0.079650
5 0.237490 0.271870 0.079650 0.081210
5 0.240600 0.359350 0.114030 0.073430
