9 0.296860 0.437490 0.045270 0.034380
9 0.424990 0.437490 0.046880 0.032780
9 0.482760 0.384340 0.043720 0.034380
9 0.603110 0.371850 0.045270 0.034380
9 0.739020 0.357790 0.053100 0.035930
9 0.607780 0.465600 0.043720 0.032780
9 0.549970 0.431220 0.043720 0.034380
9 0.490590 0.474980 0.043720 0.034380
11 0.368730 0.534360 0.049990 0.039050
11 0.734360 0.312470 0.067150 0.042160
7 0.543740 0.321860 0.046880 0.048430
8 0.346850 0.340630 0.062490 0.054660
8 0.684370 0.468710 0.071870 0.042160
10 0.617170 0.506250 0.053100 0.039050
6 0.546850 0.468710 0.046880 0.034380
6 0.432780 0.481210 0.049990 0.037490
1 0.349970 0.434380 0.053100 0.037490
2 0.693710 0.501530 0.078100 0.039050
2 0.434380 0.532800 0.056210 0.037490
5 0.293710 0.534360 0.056210 0.039050
5 0.618720 0.606230 0.049990 0.042160
0 0.553080 0.559350 0.046880 0.035930
0 0.562460 0.607780 0.049990 0.039050
3 0.612500 0.553080 0.043720 0.031220
3 0.735910 0.593730 0.048430 0.034380
3 0.684370 0.600000 0.046880 0.034380
3 0.499980 0.609340 0.043720 0.034380
3 0.435930 0.621840 0.045270 0.034380
3 0.381230 0.624990 0.045270 0.034380
3 0.309360 0.634380 0.049990 0.037490
4 0.557790 0.515590 0.056210 0.039050
3 0.492150 0.521860 0.046880 0.034380
