5 0.318750 0.809340 0.081210 0.093710
3 0.496860 0.793730 0.056210 0.076540
9 0.096860 0.749970 0.074980 0.073430
9 0.403110 0.643720 0.053100 0.067150
9 0.637490 0.687480 0.054660 0.073430
9 0.120300 0.612500 0.064040 0.070270
9 0.396840 0.504650 0.048430 0.070270
9 0.321860 0.396840 0.048430 0.068710
9 0.162460 0.337470 0.051540 0.067150
9 0.157790 0.381230 0.053100 0.067150
11 0.256210 0.396840 0.064040 0.087480
11 0.112470 0.665600 0.089040 0.093710
6 0.124970 0.540630 0.082760 0.096860
10 0.132800 0.474980 0.089040 0.106250
8 0.140580 0.423440 0.079650 0.085920
8 0.390620 0.440600 0.064040 0.085920
6 0.649990 0.353120 0.057770 0.093710
4 0.324970 0.334360 0.062490 0.101530
3 0.637490 0.312470 0.049990 0.071870
0 0.790620 0.585900 0.076540 0.098420
1 0.718750 0.337470 0.081210 0.123410
3 0.970290 0.749970 0.059330 0.078100
3 0.954680 0.693710 0.074980 0.074980
3 0.932800 0.631220 0.068710 0.071870
5 0.912470 0.565620 0.087480 0.093710
2 0.889040 0.496860 0.089040 0.089040
2 0.862490 0.449990 0.060930 0.070270
3 0.846880 0.403110 0.057770 0.068710
0 0.832780 0.346850 0.074980 0.096860
2 0.810890 0.299980 0.076540 0.087480
3 0.792170 0.268710 0.051540 0.070270
