3 0.229660 0.224990 0.068710 0.059330
3 0.298420 0.231220 0.049990 0.065600
3 0.373400 0.221840 0.056210 0.068710
3 0.446880 0.229660 0.056210 0.068710
3 0.510920 0.232780 0.049990 0.068710
3 0.576520 0.228110 0.056210 0.068710
3 0.645270 0.228110 0.056210 0.068710
3 0.715590 0.228110 0.057770 0.059330
3 0.232780 0.296860 0.056210 0.067150
3 0.303090 0.298420 0.064040 0.062490
3 0.376520 0.298420 0.064040 0.068710
3 0.439050 0.301530 0.056210 0.057770
3 0.514030 0.298420 0.048430 0.062490
3 0.581230 0.298420 0.056210 0.068710
3 0.649990 0.298420 0.051540 0.068710
3 0.714030 0.301530 0.051540 0.057770
3 0.232780 0.367180 0.062490 0.062490
3 0.295310 0.360910 0.049990 0.053100
3 0.506250 0.373400 0.046880 0.049990
3 0.587460 0.370290 0.043720 0.056210
3 0.718750 0.371850 0.057770 0.056210
3 0.224990 0.574960 0.060930 0.053100
3 0.293710 0.581230 0.053100 0.048430
3 0.367180 0.568730 0.056210 0.053100
3 0.446880 0.581230 0.049990 0.042160
3 0.512470 0.578120 0.045270 0.049990
3 0.581230 0.578120 0.053100 0.053100
3 0.721860 0.578120 0.056210 0.053100
3 0.224990 0.649990 0.059330 0.054660
3 0.285920 0.654660 0.054660 0.048430
3 0.356240 0.657770 0.049990 0.054660
3 0.443720 0.649990 0.051540 0.053100
3 0.512470 0.659370 0.049990 0.056210
3 0.574960 0.659370 0.046880 0.060930
3 0.654660 0.649990 0.053100 0.057770
3 0.735910 0.653100 0.064040 0.054660
3 0.207780 0.732800 0.060930 0.060930
3 0.295310 0.724970 0.051540 0.054660
3 0.365580 0.735910 0.051540 0.059330
3 0.448430 0.718750 0.053100 0.049990
3 0.512470 0.731240 0.045270 0.046880
3 0.578120 0.728080 0.045270 0.051540
3 0.668710 0.735910 0.060930 0.060930
3 0.746850 0.734360 0.070270 0.056210
