1 0.593730 0.473430 0.076540 0.068710
1 0.600000 0.639050 0.079650 0.081210
1 0.521860 0.546850 0.068710 0.068710
1 0.596840 0.321860 0.081210 0.085920
2 0.231220 0.331240 0.084370 0.062490
2 0.232780 0.482760 0.084370 0.059330
2 0.231220 0.623440 0.087480 0.060930
2 0.234380 0.767180 0.079650 0.064040
3 0.371850 0.257770 0.062490 0.062490
3 0.378120 0.328080 0.054660 0.056210
3 0.376520 0.401560 0.065600 0.060930
3 0.382790 0.476540 0.062490 0.053100
3 0.384340 0.548410 0.056210 0.057770
3 0.382790 0.626550 0.059330 0.057770
3 0.382790 0.703090 0.060930 0.067150
0 0.304650 0.406230 0.071870 0.062490
0 0.299980 0.556240 0.076540 0.056210
4 0.601560 0.790620 0.074980 0.114030
5 0.684370 0.392170 0.070270 0.067150
5 0.679650 0.704650 0.076540 0.081210
