11 0.546850 0.453100 0.057770 0.053100
11 0.470270 0.379670 0.060930 0.057770
11 0.240600 0.381230 0.065600 0.051540
11 0.617170 0.729690 0.062490 0.067150
9 0.410890 0.587460 0.053100 0.043720
9 0.264040 0.664040 0.040600 0.060930
9 0.410890 0.726530 0.049990 0.059330
9 0.543740 0.585900 0.053100 0.051540
9 0.249990 0.449990 0.059330 0.056210
9 0.315590 0.234380 0.056210 0.062490
9 0.667150 0.318750 0.051540 0.057770
9 0.728080 0.310920 0.056210 0.043720
9 0.729690 0.376520 0.056210 0.042160
9 0.737470 0.581230 0.065600 0.049990
8 0.260930 0.740580 0.065600 0.073430
8 0.331240 0.739020 0.056210 0.071870
8 0.609340 0.584340 0.057770 0.062490
8 0.670270 0.656210 0.065600 0.074980
7 0.240600 0.224990 0.092150 0.101530
6 0.243720 0.310920 0.076540 0.068710
6 0.612500 0.242160 0.073430 0.068710
6 0.603110 0.382790 0.054660 0.060930
6 0.540630 0.526530 0.060930 0.056210
6 0.473430 0.521860 0.059330 0.056210
5 0.320300 0.303090 0.056210 0.065600
5 0.534360 0.235930 0.065600 0.073430
3 0.396840 0.379670 0.043720 0.065600
3 0.465600 0.445270 0.054660 0.053100
3 0.737470 0.523410 0.065600 0.040600
3 0.740580 0.643720 0.068710 0.056210
3 0.324970 0.667150 0.060930 0.057770
3 0.478100 0.589060 0.054660 0.054660
3 0.735910 0.245270 0.070270 0.054660
2 0.260930 0.523410 0.064040 0.062490
2 0.251540 0.604670 0.062490 0.067150
2 0.737470 0.712470 0.079650 0.064040
0 0.399950 0.231220 0.071870 0.093710
0 0.471870 0.240600 0.057770 0.090590
0 0.678100 0.235930 0.070270 0.082760
0 0.742180 0.454660 0.073430 0.049990
0 0.539020 0.379670 0.051540 0.060930
0 0.471870 0.723410 0.056210 0.071870
0 0.545300 0.724970 0.049990 0.074980
