3 0.574960 0.465600 0.053100 0.062490
3 0.643720 0.310920 0.054660 0.064040
3 0.648430 0.382790 0.064040 0.057770
3 0.651540 0.456210 0.057770 0.054660
3 0.653100 0.545300 0.060930 0.049990
3 0.642160 0.606230 0.059330 0.053100
3 0.642160 0.681210 0.068710 0.071870
5 0.724970 0.774960 0.073430 0.096860
5 0.749970 0.217170 0.082760 0.084370
0 0.170290 0.209340 0.101530 0.082760
0 0.251540 0.307800 0.082760 0.057770
0 0.342180 0.384340 0.071870 0.070270
0 0.264040 0.459330 0.076540 0.068710
0 0.187460 0.540630 0.090590 0.059330
0 0.268710 0.615610 0.073430 0.074980
0 0.360910 0.681210 0.068710 0.085920
2 0.431220 0.532800 0.068710 0.078100
2 0.424990 0.226550 0.076540 0.079650
2 0.437490 0.768730 0.060930 0.112470
