3 0.259370 0.237490 0.056210 0.056210
3 0.392170 0.243720 0.060930 0.068710
3 0.464040 0.246880 0.053100 0.067150
3 0.598400 0.243720 0.056210 0.059330
3 0.735910 0.243720 0.057770 0.062490
3 0.259370 0.309360 0.056210 0.062490
3 0.323410 0.314030 0.049990 0.060930
3 0.390620 0.312470 0.056210 0.060930
3 0.462490 0.320300 0.057770 0.062490
3 0.524970 0.314030 0.051540 0.059330
3 0.604670 0.309360 0.048430 0.048430
3 0.668710 0.318750 0.049990 0.064040
3 0.734360 0.314030 0.048430 0.059330
3 0.257770 0.378120 0.054660 0.057770
3 0.320300 0.378120 0.056210 0.054660
3 0.449990 0.382790 0.051540 0.057770
3 0.524970 0.378120 0.053100 0.059330
3 0.598400 0.370290 0.046880 0.062490
3 0.735910 0.374960 0.062490 0.054660
3 0.253100 0.446880 0.059330 0.059330
3 0.314030 0.456210 0.059330 0.053100
3 0.390620 0.451540 0.051540 0.056210
3 0.465600 0.446880 0.053100 0.054660
3 0.526530 0.449990 0.046880 0.056210
3 0.593730 0.446880 0.048430 0.053100
3 0.667150 0.442160 0.051540 0.049990
3 0.734360 0.453100 0.059330 0.056210
3 0.251540 0.509360 0.049990 0.053100
3 0.312470 0.515590 0.049990 0.049990
3 0.456210 0.521860 0.049990 0.056210
3 0.520300 0.515590 0.046880 0.056210
3 0.596840 0.521860 0.053100 0.048430
3 0.667150 0.517190 0.059330 0.049990
3 0.310920 0.592170 0.057770 0.046880
3 0.385900 0.576520 0.049990 0.049990
3 0.467150 0.593730 0.053100 0.049990
3 0.532800 0.592170 0.056210 0.056210
3 0.304650 0.671870 0.054660 0.053100
3 0.378120 0.665600 0.046880 0.053100
3 0.465600 0.667150 0.057770 0.049990
3 0.314030 0.737470 0.062490 0.046880
3 0.384340 0.749970 0.054660 0.059330
3 0.467150 0.734360 0.051540 0.056210
3 0.531240 0.746850 0.049990 0.057770
