9 0.578120 0.449990 0.056210 0.048430
9 0.639050 0.509360 0.042160 0.046880
9 0.721860 0.317190 0.045270 0.049990
9 0.653100 0.385900 0.046880 0.046880
9 0.374960 0.253100 0.043720 0.048430
9 0.446880 0.324970 0.046880 0.048430
9 0.512470 0.379670 0.046880 0.043720
9 0.718750 0.573400 0.048430 0.053100
9 0.453100 0.587460 0.053100 0.043720
9 0.517190 0.517190 0.045270 0.042160
9 0.387460 0.640600 0.035930 0.048430
6 0.787460 0.309360 0.060930 0.056210
6 0.793730 0.442160 0.065600 0.054660
6 0.796840 0.507800 0.059330 0.049990
6 0.790620 0.653100 0.067150 0.056210
7 0.656210 0.243720 0.060930 0.074980
7 0.723410 0.379670 0.074980 0.053100
7 0.806230 0.584340 0.089040 0.067150
7 0.590620 0.726530 0.064040 0.087480
7 0.518750 0.664040 0.051540 0.074980
10 0.653100 0.582790 0.067150 0.062490
10 0.446880 0.242160 0.056210 0.070270
10 0.515590 0.240600 0.051540 0.073430
10 0.656210 0.449990 0.064040 0.057770
10 0.726530 0.515590 0.078100 0.054660
10 0.515590 0.582790 0.057770 0.057770
10 0.796840 0.729690 0.089040 0.082760
4 0.514030 0.318750 0.062490 0.065600
4 0.651540 0.317190 0.070270 0.059330
4 0.581230 0.581230 0.060930 0.057770
4 0.653100 0.653100 0.073430 0.081210
