5 0.715590 0.614050 0.081210 0.065600
5 0.318750 0.634380 0.071870 0.065600
0 0.310920 0.395280 0.064040 0.065600
0 0.628110 0.382790 0.074980 0.064040
1 0.573400 0.787460 0.074980 0.099980
1 0.645270 0.690590 0.092150 0.087480
1 0.478100 0.801560 0.076540 0.098420
1 0.403110 0.709360 0.068710 0.093710
2 0.253100 0.474980 0.076540 0.068710
2 0.251540 0.549970 0.064040 0.062490
2 0.706250 0.465600 0.081210 0.065600
2 0.715590 0.537470 0.081210 0.062490
3 0.401560 0.320300 0.059330 0.062490
3 0.548410 0.315590 0.062490 0.062490
3 0.554680 0.464040 0.049990 0.068710
3 0.406230 0.471870 0.051540 0.053100
3 0.487480 0.546850 0.068710 0.056210
3 0.553080 0.607780 0.049990 0.053100
3 0.406230 0.617170 0.059330 0.049990
4 0.479650 0.220280 0.076540 0.107800
