6 0.242160 0.382790 0.079650 0.117190
3 0.362460 0.398400 0.051540 0.084370
3 0.443720 0.401560 0.053100 0.076540
3 0.535910 0.399950 0.046880 0.079650
9 0.629660 0.407780 0.054660 0.081210
3 0.243720 0.481210 0.067150 0.082760
3 0.364020 0.482760 0.056210 0.082760
5 0.451540 0.459330 0.056210 0.098420
3 0.523410 0.481210 0.049990 0.082760
5 0.642160 0.481210 0.076540 0.103090
0 0.237490 0.570290 0.076540 0.110920
9 0.340630 0.571850 0.057770 0.082760
1 0.437490 0.535910 0.074980 0.148410
3 0.549970 0.559350 0.056210 0.085920
5 0.665600 0.557790 0.084370 0.103090
6 0.245270 0.382790 0.076540 0.120300
9 0.342180 0.571850 0.060930 0.085920
9 0.629660 0.407780 0.056210 0.081210
3 0.551520 0.560910 0.059330 0.085920
3 0.524970 0.481210 0.049990 0.082760
3 0.362460 0.482760 0.057770 0.081210
3 0.243720 0.481210 0.067150 0.082760
3 0.362460 0.398400 0.053100 0.085920
3 0.535910 0.398400 0.048430 0.081210
3 0.443720 0.401560 0.051540 0.079650
5 0.665600 0.556240 0.085920 0.109360
5 0.643720 0.482760 0.078100 0.106250
5 0.449990 0.457770 0.056210 0.099980
1 0.439050 0.537470 0.078100 0.151520
0 0.235930 0.571850 0.082760 0.115590
