3 0.229660 0.231220 0.062490 0.060930
3 0.295310 0.234380 0.054660 0.068710
3 0.370290 0.228110 0.054660 0.070270
3 0.442160 0.234380 0.054660 0.065600
3 0.509360 0.235930 0.056210 0.068710
3 0.576520 0.231220 0.051540 0.070270
3 0.648430 0.231220 0.051540 0.059330
3 0.720300 0.231220 0.054660 0.064040
3 0.234380 0.304650 0.056210 0.062490
3 0.298420 0.306250 0.049990 0.059330
3 0.373400 0.301530 0.054660 0.068710
3 0.442160 0.309360 0.049990 0.067150
3 0.509360 0.299980 0.054660 0.064040
3 0.581230 0.299980 0.053100 0.062490
3 0.646830 0.299980 0.045270 0.057770
3 0.717190 0.306250 0.057770 0.060930
3 0.232780 0.370290 0.064040 0.051540
3 0.292150 0.367180 0.049990 0.049990
3 0.506250 0.374960 0.045270 0.054660
3 0.581230 0.373400 0.056210 0.060930
3 0.712470 0.370290 0.059330 0.054660
3 0.221840 0.578120 0.059330 0.051540
3 0.292150 0.587460 0.057770 0.051540
3 0.364020 0.574960 0.056210 0.054660
3 0.446880 0.587460 0.046880 0.056210
3 0.512470 0.587460 0.053100 0.056210
3 0.576520 0.584340 0.049990 0.043720
3 0.718750 0.584340 0.060930 0.056210
3 0.221840 0.656210 0.056210 0.051540
3 0.284370 0.662490 0.049990 0.054660
3 0.356240 0.662490 0.049990 0.046880
3 0.439050 0.656210 0.048430 0.054660
3 0.509360 0.665600 0.046880 0.049990
3 0.573400 0.659370 0.048430 0.056210
3 0.648430 0.649990 0.048430 0.054660
3 0.734360 0.659370 0.065600 0.051540
3 0.210890 0.739020 0.065600 0.049990
3 0.295310 0.728080 0.049990 0.054660
3 0.367180 0.739020 0.056210 0.062490
3 0.446880 0.723410 0.056210 0.059330
3 0.509360 0.737470 0.051540 0.054660
3 0.571850 0.734360 0.051540 0.057770
3 0.665600 0.751520 0.065600 0.060930
3 0.743740 0.734360 0.068710 0.060930
