3 0.231220 0.459330 0.065600 0.062490
3 0.315590 0.454660 0.062490 0.062490
3 0.401560 0.457770 0.064040 0.060930
3 0.482760 0.460930 0.068710 0.064040
3 0.565620 0.462490 0.067150 0.060930
3 0.648430 0.459330 0.071870 0.059330
3 0.724970 0.460930 0.071870 0.057770
1 0.404670 0.362460 0.068710 0.093710
1 0.495310 0.629660 0.076540 0.081210
1 0.406230 0.543740 0.078100 0.082760
1 0.495310 0.542180 0.073430 0.074980
4 0.407780 0.640600 0.074980 0.085920
2 0.817170 0.289040 0.104650 0.074980
2 0.821840 0.370290 0.096860 0.065600
2 0.820280 0.451540 0.101530 0.065600
2 0.820280 0.535910 0.096860 0.070270
5 0.579670 0.537470 0.078100 0.067150
5 0.579670 0.628110 0.074980 0.068710
0 0.493710 0.376520 0.067150 0.082760
0 0.584340 0.374960 0.071870 0.074980
