5 0.474980 0.504650 0.031220 0.040600
1 0.601560 0.462490 0.031220 0.054660
5 0.468710 0.462490 0.032780 0.042160
1 0.726530 0.506250 0.042160 0.053100
5 0.679650 0.462490 0.029660 0.040600
4 0.554680 0.464040 0.034380 0.056210
0 0.634380 0.464040 0.028110 0.040600
4 0.598400 0.503090 0.034380 0.054660
0 0.729690 0.465600 0.029660 0.042160
2 0.426550 0.470270 0.031220 0.043720
1 0.603110 0.462490 0.032780 0.054660
2 0.421840 0.506250 0.035930 0.040600
2 0.424990 0.471870 0.032780 0.042160
2 0.635930 0.510920 0.031220 0.040600
2 0.421840 0.507800 0.035930 0.032780
2 0.685920 0.496860 0.034380 0.045270
2 0.639050 0.510920 0.028110 0.040600
5 0.468710 0.464040 0.029660 0.040600
2 0.687480 0.498420 0.031220 0.042160
5 0.476540 0.503090 0.028110 0.039050
4 0.554680 0.464040 0.034380 0.054660
5 0.678100 0.464040 0.031220 0.042160
4 0.600000 0.503090 0.035930 0.045270
0 0.631220 0.464040 0.026550 0.042160
3 0.507800 0.467150 0.026550 0.032780
0 0.724970 0.467150 0.031220 0.043720
3 0.506250 0.499980 0.029660 0.035930
3 0.510920 0.467150 0.023440 0.032780
3 0.553080 0.543740 0.023440 0.034380
3 0.506250 0.499980 0.024990 0.032780
3 0.603110 0.556240 0.026550 0.031220
3 0.559350 0.503090 0.023440 0.031220
3 0.601560 0.592170 0.026550 0.031220
3 0.551520 0.543740 0.024990 0.031220
3 0.648430 0.598400 0.024990 0.031220
3 0.601560 0.554680 0.026550 0.031220
3 0.643720 0.640600 0.029660 0.029660
3 0.601560 0.593730 0.026550 0.032780
1 0.559350 0.503090 0.024990 0.031220
3 0.648430 0.598400 0.024990 0.032780
1 0.732800 0.507800 0.032780 0.049990
0 0.634380 0.464040 0.028110 0.040600
3 0.645270 0.637490 0.026550 0.031220
