1 0.499980 0.518750 0.056210 0.056210
4 0.628110 0.453100 0.068710 0.070270
4 0.493710 0.385900 0.059330 0.071870
4 0.365580 0.717190 0.067150 0.065600
4 0.289040 0.715590 0.074980 0.076540
6 0.295310 0.581230 0.060930 0.049990
6 0.429660 0.715590 0.053100 0.056210
6 0.695310 0.648430 0.064040 0.051540
7 0.693710 0.520300 0.049990 0.053100
7 0.778120 0.262490 0.079650 0.089040
7 0.768730 0.518750 0.089040 0.056210
7 0.365580 0.514030 0.067150 0.059330
7 0.299980 0.448430 0.068710 0.070270
7 0.567180 0.387460 0.068710 0.076540
9 0.310920 0.331240 0.056210 0.049990
9 0.374960 0.332800 0.057770 0.056210
9 0.373400 0.395280 0.043720 0.046880
9 0.437490 0.456210 0.048430 0.039050
9 0.503090 0.332800 0.049990 0.049990
9 0.623440 0.335910 0.056210 0.060930
9 0.746850 0.334360 0.053100 0.051540
9 0.615610 0.534360 0.049990 0.040600
9 0.557790 0.584340 0.049990 0.040600
9 0.624990 0.648430 0.053100 0.051540
9 0.617170 0.715590 0.056210 0.051540
10 0.304650 0.246880 0.078100 0.085920
10 0.789060 0.589060 0.093710 0.064040
10 0.778120 0.720300 0.095310 0.071870
10 0.496860 0.645270 0.056210 0.065600
10 0.431220 0.648430 0.060930 0.062490
10 0.695310 0.259370 0.071870 0.082760
10 0.757790 0.387460 0.081210 0.071870
