10 0.262490 0.356240 0.054660 0.048430
7 0.373400 0.357790 0.046880 0.051540
11 0.317190 0.410890 0.040600 0.037490
0 0.415610 0.409340 0.034380 0.034380
0 0.478100 0.459330 0.029660 0.031220
5 0.371850 0.464040 0.035930 0.032780
5 0.420280 0.501530 0.034380 0.031220
6 0.314030 0.518750 0.039050 0.029660
1 0.260930 0.506250 0.056210 0.035930
8 0.464040 0.515590 0.032780 0.035930
8 0.559350 0.468710 0.034380 0.035930
6 0.524970 0.509360 0.029660 0.029660
5 0.621840 0.473430 0.034380 0.031220
11 0.615610 0.517190 0.037490 0.031220
5 0.567180 0.415610 0.032780 0.035930
4 0.468710 0.364020 0.039050 0.048430
