11 0.278100 0.473430 0.078100 0.059330
11 0.201560 0.474980 0.065600 0.064040
11 0.273430 0.535910 0.081210 0.056210
11 0.728080 0.543740 0.084370 0.074980
9 0.337470 0.253100 0.070270 0.074980
9 0.415610 0.248430 0.056210 0.064040
9 0.568730 0.314030 0.056210 0.068710
9 0.643720 0.310920 0.067150 0.062490
9 0.645270 0.546850 0.065600 0.056210
9 0.643720 0.618720 0.054660 0.064040
9 0.570290 0.698420 0.043720 0.078100
9 0.568730 0.784340 0.049990 0.073430
9 0.415610 0.612500 0.049990 0.056210
9 0.206230 0.756240 0.076540 0.054660
9 0.645270 0.701530 0.056210 0.068710
8 0.196840 0.542180 0.062490 0.065600
8 0.200000 0.620280 0.065600 0.074980
8 0.204670 0.693710 0.070270 0.068710
8 0.567180 0.470270 0.068710 0.064040
7 0.187460 0.334360 0.115590 0.084370
6 0.410890 0.470270 0.060930 0.064040
6 0.571850 0.554680 0.059330 0.064040
6 0.492150 0.615610 0.065600 0.071870
6 0.653100 0.396840 0.071870 0.071870
6 0.192170 0.409340 0.099980 0.056210
5 0.193730 0.245270 0.079650 0.064040
5 0.415610 0.395280 0.071870 0.068710
3 0.281210 0.404670 0.065600 0.062490
3 0.281210 0.689040 0.062490 0.060930
3 0.285920 0.751520 0.064040 0.062490
3 0.423440 0.540630 0.054660 0.060930
3 0.567180 0.384340 0.053100 0.057770
3 0.346850 0.471870 0.046880 0.068710
3 0.732800 0.696860 0.060930 0.046880
2 0.418720 0.698420 0.070270 0.067150
2 0.649990 0.782790 0.085920 0.056210
2 0.487480 0.239050 0.073430 0.071870
0 0.478100 0.312470 0.053100 0.081210
0 0.340630 0.324970 0.081210 0.064040
0 0.489040 0.474980 0.057770 0.070270
0 0.489040 0.704650 0.059330 0.074980
0 0.351520 0.545300 0.070270 0.068710
0 0.726530 0.459330 0.065600 0.046880
0 0.729690 0.621840 0.085920 0.051540
