0 0.570290 0.423440 0.028110 0.046880
0 0.531240 0.462490 0.032780 0.040600
0 0.396840 0.553080 0.031220 0.040600
0 0.309360 0.565620 0.034380 0.042160
0 0.404670 0.606230 0.032780 0.040600
1 0.487480 0.423440 0.035930 0.054660
1 0.357790 0.349970 0.035930 0.064040
1 0.614050 0.374960 0.034380 0.060930
2 0.443720 0.506250 0.035930 0.043720
2 0.307800 0.603110 0.040600 0.037490
2 0.546850 0.642160 0.037490 0.039050
2 0.309360 0.512470 0.045270 0.035930
4 0.304650 0.473430 0.045270 0.049990
4 0.442160 0.423440 0.035930 0.056210
4 0.448430 0.654660 0.037490 0.043720
5 0.304650 0.653100 0.039050 0.040600
5 0.448430 0.551520 0.032780 0.042160
5 0.309360 0.349970 0.034380 0.042160
5 0.484370 0.343740 0.028110 0.045270
5 0.531240 0.421840 0.028110 0.039050
0 0.531240 0.512470 0.024990 0.037490
11 0.503090 0.651540 0.035930 0.037490
11 0.349970 0.470270 0.032780 0.039050
11 0.499980 0.590620 0.032780 0.035930
11 0.545300 0.598400 0.032780 0.037490
11 0.409340 0.349970 0.031220 0.042160
11 0.356240 0.387460 0.032780 0.045270
10 0.356240 0.554680 0.042160 0.045270
10 0.542180 0.545300 0.034380 0.048430
10 0.489040 0.376520 0.032780 0.056210
9 0.624990 0.545300 0.032780 0.031220
9 0.490590 0.517190 0.029660 0.031220
9 0.407780 0.509360 0.028110 0.029660
9 0.356240 0.514030 0.031220 0.029660
9 0.401560 0.468710 0.028110 0.034380
9 0.487480 0.473430 0.031220 0.034380
9 0.440600 0.359350 0.029660 0.032780
8 0.448430 0.601560 0.039050 0.035930
8 0.579670 0.553080 0.034380 0.037490
8 0.571850 0.501530 0.031220 0.037490
8 0.617170 0.464040 0.034380 0.040600
8 0.317190 0.395280 0.035930 0.043720
8 0.571850 0.389060 0.032780 0.043720
7 0.356240 0.598400 0.045270 0.048430
7 0.399950 0.420280 0.037490 0.059330
7 0.573400 0.459330 0.035930 0.053100
6 0.585900 0.595280 0.035930 0.037490
6 0.609340 0.499980 0.028110 0.042160
6 0.443720 0.464040 0.034380 0.037490
6 0.434380 0.378120 0.029660 0.042160
6 0.396840 0.390620 0.035930 0.045270
6 0.524970 0.387460 0.026550 0.042160
