11 0.692150 0.681210 0.056210 0.040600
11 0.249990 0.667150 0.059330 0.039050
8 0.626550 0.678100 0.054660 0.048430
8 0.306250 0.674980 0.049990 0.035930
6 0.559350 0.674980 0.045270 0.039050
6 0.371850 0.674980 0.042160 0.034380
10 0.503090 0.678100 0.048430 0.051540
7 0.437490 0.678100 0.043720 0.043720
9 0.690590 0.624990 0.040600 0.031220
9 0.631220 0.628110 0.040600 0.031220
9 0.565620 0.621840 0.040600 0.031220
9 0.501530 0.621840 0.037490 0.031220
9 0.440600 0.618720 0.040600 0.031220
9 0.382790 0.621840 0.039050 0.031220
9 0.315590 0.615610 0.042160 0.031220
9 0.248430 0.624990 0.043720 0.031220
3 0.696860 0.399950 0.043720 0.031220
3 0.624990 0.399950 0.040600 0.031220
3 0.571850 0.399950 0.039050 0.031220
3 0.509360 0.403110 0.040600 0.031220
3 0.449990 0.396840 0.040600 0.031220
3 0.390620 0.398400 0.040600 0.031220
3 0.328080 0.390620 0.040600 0.031220
3 0.278100 0.390620 0.043720 0.031220
5 0.703090 0.349970 0.056210 0.042160
5 0.268710 0.337470 0.049990 0.040600
0 0.634380 0.353120 0.049990 0.042160
0 0.384340 0.343740 0.046880 0.039050
2 0.315590 0.340630 0.065600 0.042160
2 0.573400 0.346850 0.045270 0.049990
4 0.512470 0.346850 0.048430 0.049990
1 0.445270 0.349970 0.049990 0.048430
