1 0.426550 0.757790 0.062490 0.093710
4 0.565620 0.253100 0.065600 0.081210
4 0.643720 0.249990 0.071870 0.078100
4 0.718750 0.253100 0.081210 0.074980
4 0.796840 0.249990 0.093710 0.087480
6 0.415610 0.681210 0.051540 0.073430
6 0.557790 0.682760 0.057770 0.067150
6 0.693710 0.682760 0.062490 0.071870
6 0.770290 0.615610 0.071870 0.067150
7 0.489040 0.756240 0.056210 0.096860
7 0.559350 0.760910 0.064040 0.095310
7 0.632780 0.765580 0.068710 0.093710
7 0.707800 0.764020 0.078100 0.098420
7 0.785900 0.762460 0.093710 0.093710
10 0.273430 0.473430 0.078100 0.059330
10 0.267150 0.398400 0.087480 0.060930
10 0.270270 0.328080 0.087480 0.071870
10 0.270270 0.248430 0.085920 0.081210
10 0.342180 0.245270 0.073430 0.084370
10 0.418720 0.253100 0.067150 0.084370
10 0.495310 0.248430 0.064040 0.085920
