10 0.167180 0.181230 0.110920 0.115590
10 0.148410 0.368730 0.117190 0.092150
10 0.635930 0.749970 0.087480 0.096860
8 0.265600 0.201560 0.082760 0.081210
8 0.157790 0.268710 0.096860 0.078100
8 0.649990 0.279650 0.074980 0.074980
8 0.728080 0.268710 0.079650 0.081210
8 0.735910 0.845270 0.090590 0.081210
8 0.268710 0.560910 0.089040 0.067150
6 0.351520 0.187460 0.070270 0.085920
6 0.439050 0.184340 0.060930 0.084370
6 0.818720 0.195280 0.081210 0.087480
6 0.842160 0.746850 0.089040 0.073430
6 0.556240 0.756240 0.060930 0.074980
6 0.168730 0.464040 0.084370 0.062490
11 0.543740 0.193730 0.062490 0.087480
11 0.268710 0.284370 0.078100 0.081210
11 0.735910 0.639050 0.081210 0.067150
11 0.726530 0.556240 0.078100 0.064040
7 0.351520 0.289040 0.087480 0.099980
7 0.743740 0.464040 0.101530 0.078100
7 0.159350 0.640600 0.118750 0.079650
5 0.631220 0.195280 0.065600 0.089040
5 0.715590 0.190620 0.074980 0.085920
5 0.831220 0.453100 0.090590 0.065600
11 0.557790 0.842160 0.067150 0.089040
11 0.242160 0.742180 0.085920 0.074980
11 0.270270 0.364020 0.079650 0.074980
4 0.449990 0.276540 0.070270 0.099980
4 0.862490 0.646830 0.117190 0.078100
4 0.157790 0.867150 0.115590 0.110920
2 0.539020 0.290590 0.064040 0.070270
2 0.148410 0.543740 0.096860 0.065600
2 0.260930 0.482760 0.074980 0.065600
2 0.354680 0.846880 0.071870 0.095310
1 0.823440 0.268710 0.109360 0.101530
1 0.259370 0.662490 0.103090 0.078100
1 0.842160 0.546850 0.115590 0.073430
3 0.715590 0.379670 0.059330 0.054660
3 0.732800 0.724970 0.060930 0.056210
9 0.360910 0.759350 0.056210 0.060930
0 0.479650 0.735910 0.057770 0.071870
0 0.435930 0.837490 0.062490 0.082760
0 0.268710 0.840600 0.074980 0.081210
0 0.154680 0.751520 0.085920 0.071870
0 0.828110 0.362460 0.084370 0.068710
