11 0.728080 0.762460 0.096860 0.092150
11 0.435930 0.487480 0.074980 0.071870
11 0.260930 0.474980 0.098420 0.081210
11 0.248430 0.387460 0.101530 0.068710
10 0.359350 0.285920 0.115590 0.115590
10 0.851540 0.678100 0.135910 0.112470
10 0.140580 0.751520 0.135910 0.120300
9 0.365580 0.676540 0.082760 0.076540
9 0.449990 0.829660 0.081210 0.081210
9 0.631220 0.271870 0.062490 0.085920
8 0.253100 0.187460 0.126530 0.106250
8 0.731240 0.476540 0.101530 0.078100
8 0.640600 0.579670 0.082760 0.078100
8 0.728080 0.856210 0.103090 0.092150
8 0.257770 0.765580 0.103090 0.098420
7 0.845270 0.387460 0.140580 0.103090
7 0.635930 0.751520 0.095310 0.118750
7 0.368730 0.398400 0.120300 0.082760
6 0.151520 0.284370 0.101530 0.089040
6 0.643720 0.371850 0.089040 0.081210
6 0.828110 0.576520 0.095310 0.081210
6 0.546850 0.865600 0.076540 0.104650
6 0.139020 0.584340 0.112470 0.070270
8 0.529690 0.673430 0.081210 0.099980
5 0.459330 0.573400 0.081210 0.074980
5 0.428110 0.190620 0.078100 0.114030
5 0.729690 0.671870 0.090590 0.087480
5 0.351520 0.851540 0.081210 0.096860
5 0.253100 0.856210 0.095310 0.098420
5 0.435930 0.389060 0.068710 0.089040
4 0.126530 0.381230 0.131240 0.090590
4 0.840600 0.173400 0.128080 0.134360
4 0.539020 0.767180 0.085920 0.101530
3 0.264040 0.304650 0.067150 0.071870
3 0.628110 0.473430 0.074980 0.084370
3 0.246880 0.562460 0.089040 0.082760
2 0.542180 0.189060 0.074980 0.117190
2 0.529690 0.476540 0.084370 0.081210
2 0.731240 0.557790 0.079650 0.090590
2 0.448430 0.673430 0.071870 0.082760
1 0.729690 0.370290 0.106250 0.090590
1 0.142180 0.479650 0.128080 0.095310
1 0.234380 0.665600 0.107800 0.103090
0 0.723410 0.193730 0.092150 0.098420
0 0.846880 0.284370 0.103090 0.085920
0 0.512470 0.298420 0.087480 0.082760
0 0.543740 0.384340 0.076540 0.082760
0 0.343740 0.573400 0.090590 0.090590
6 0.645270 0.860930 0.090590 0.110920
