4 0.792170 0.287480 0.073430 0.167180
1 0.800000 0.360910 0.081210 0.193730
5 0.856210 0.731240 0.073430 0.140580
5 0.745300 0.054660 0.054660 0.107800
0 0.757790 0.200000 0.049990 0.134360
0 0.717190 0.615610 0.062490 0.126530
3 0.706250 0.393730 0.045270 0.098420
3 0.717190 0.503090 0.049990 0.104650
3 0.651540 0.743740 0.054660 0.103090
3 0.624990 0.617170 0.051540 0.109360
3 0.681210 0.218720 0.042160 0.095310
3 0.667150 0.132800 0.040600 0.090590
3 0.660930 0.049990 0.040600 0.098420
2 0.589060 0.120300 0.049990 0.134360
2 0.634380 0.481210 0.064040 0.140580
3 0.518750 0.298420 0.045270 0.104650
10 0.181230 0.276540 0.062490 0.170290
7 0.167180 0.365580 0.068710 0.198400
6 0.156240 0.493710 0.056210 0.139020
6 0.184340 0.200000 0.051540 0.134360
8 0.362460 0.195280 0.062490 0.153120
8 0.164020 0.606230 0.071870 0.157790
9 0.456210 0.743740 0.054660 0.107800
9 0.259370 0.623440 0.059330 0.104650
9 0.260930 0.523410 0.059330 0.109360
9 0.270270 0.410890 0.054660 0.099980
9 0.273430 0.309360 0.059330 0.099980
9 0.273430 0.220280 0.051540 0.095310
9 0.278100 0.134360 0.051540 0.090590
9 0.278100 0.051540 0.040600 0.095310
11 0.200000 0.051540 0.051540 0.103090
11 0.253100 0.749970 0.064040 0.135910
