3 0.303090 0.437490 0.060930 0.062490
3 0.298420 0.596840 0.068710 0.057770
3 0.296860 0.753120 0.071870 0.070270
3 0.448430 0.439050 0.073430 0.057770
3 0.685920 0.346850 0.065600 0.053100
3 0.692150 0.523410 0.065600 0.051540
3 0.589060 0.756240 0.059330 0.065600
1 0.276540 0.274980 0.096860 0.090590
1 0.193730 0.595280 0.112470 0.079650
1 0.784340 0.590620 0.104650 0.070270
1 0.690590 0.431220 0.093710 0.073430
2 0.209340 0.673430 0.095310 0.068710
2 0.773400 0.196840 0.084370 0.081210
2 0.776520 0.354680 0.074980 0.074980
2 0.606230 0.596840 0.085920 0.068710
5 0.203110 0.182790 0.093710 0.092150
5 0.767180 0.754680 0.079650 0.087480
4 0.200000 0.437490 0.114030 0.087480
0 0.365580 0.182790 0.084370 0.096860
0 0.689040 0.674980 0.073430 0.070270
