5 0.331240 0.331240 0.043720 0.053100
8 0.507800 0.326530 0.042160 0.049990
11 0.395280 0.448430 0.046880 0.048430
8 0.403110 0.509360 0.046880 0.046880
11 0.446880 0.498420 0.037490 0.042160
6 0.398400 0.398400 0.039050 0.051540
5 0.389060 0.326530 0.046880 0.054660
10 0.514030 0.560910 0.049990 0.051540
7 0.512470 0.439050 0.049990 0.056210
4 0.506250 0.381230 0.042160 0.056210
0 0.396840 0.565620 0.043720 0.045270
5 0.446880 0.396840 0.034380 0.043720
6 0.443720 0.334360 0.035930 0.049990
1 0.512470 0.499980 0.048430 0.051540
5 0.446880 0.443720 0.039050 0.043720
0 0.451540 0.565620 0.039050 0.034380
