3 0.248430 0.193730 0.057770 0.065600
3 0.328080 0.207780 0.059330 0.065600
3 0.556240 0.228110 0.051540 0.059330
3 0.618720 0.228110 0.049990 0.059330
3 0.687480 0.242160 0.059330 0.056210
3 0.765580 0.243720 0.057770 0.057770
3 0.249990 0.278100 0.064040 0.056210
3 0.321860 0.276540 0.046880 0.057770
3 0.628110 0.306250 0.057770 0.053100
3 0.693710 0.310920 0.056210 0.056210
3 0.757790 0.318750 0.060930 0.054660
3 0.253100 0.342180 0.059330 0.057770
3 0.315590 0.360910 0.054660 0.056210
3 0.615610 0.374960 0.068710 0.054660
3 0.692150 0.381230 0.060930 0.054660
3 0.756240 0.390620 0.057770 0.053100
3 0.248430 0.435930 0.060930 0.053100
3 0.320300 0.439050 0.057770 0.054660
3 0.396840 0.449990 0.056210 0.046880
3 0.540630 0.448430 0.053100 0.057770
3 0.614050 0.453100 0.059330 0.048430
3 0.681210 0.457770 0.062490 0.054660
3 0.751520 0.460930 0.062490 0.051540
3 0.245270 0.520300 0.053100 0.056210
3 0.317190 0.518750 0.053100 0.059330
3 0.610890 0.526530 0.056210 0.053100
3 0.681210 0.523410 0.062490 0.054660
3 0.764020 0.535910 0.070270 0.051540
3 0.242160 0.598400 0.057770 0.051540
3 0.320300 0.604670 0.059330 0.060930
3 0.614050 0.601560 0.054660 0.053100
3 0.678100 0.601560 0.059330 0.054660
3 0.756240 0.593730 0.070270 0.048430
3 0.242160 0.681210 0.059330 0.056210
3 0.312470 0.674980 0.054660 0.053100
3 0.609340 0.667150 0.056210 0.054660
3 0.682760 0.671870 0.067150 0.053100
3 0.756240 0.662490 0.057770 0.051540
3 0.240600 0.749970 0.057770 0.064040
3 0.310920 0.760910 0.056210 0.068710
3 0.390620 0.754680 0.051540 0.060930
3 0.600000 0.745300 0.054660 0.060930
3 0.684370 0.745300 0.059330 0.060930
3 0.753120 0.740580 0.065600 0.056210
