1 0.457770 0.492150 0.065600 0.068710
4 0.229660 0.265600 0.082760 0.093710
4 0.232780 0.351520 0.090590 0.071870
4 0.601560 0.484370 0.079650 0.060930
4 0.534360 0.626550 0.074980 0.078100
6 0.376520 0.276540 0.064040 0.068710
6 0.240600 0.423440 0.070270 0.060930
6 0.324970 0.712470 0.067150 0.071870
6 0.457770 0.696860 0.060930 0.071870
9 0.521860 0.423440 0.056210 0.056210
9 0.584340 0.349970 0.054660 0.051540
9 0.651540 0.274980 0.060930 0.064040
9 0.654660 0.345300 0.059330 0.057770
9 0.660930 0.487480 0.057770 0.057770
9 0.664040 0.621840 0.065600 0.057770
9 0.668710 0.757790 0.057770 0.062490
9 0.446880 0.615610 0.049990 0.060930
9 0.387460 0.556240 0.059330 0.053100
9 0.321860 0.631220 0.064040 0.054660
9 0.243720 0.629660 0.060930 0.051540
10 0.312470 0.418720 0.071870 0.068710
10 0.317190 0.487480 0.074980 0.065600
10 0.745300 0.554680 0.095310 0.073430
10 0.743740 0.695310 0.090590 0.087480
10 0.740580 0.412500 0.095310 0.067150
10 0.742180 0.268710 0.093710 0.076540
10 0.393730 0.809340 0.068710 0.099980
7 0.449990 0.345300 0.068710 0.070270
7 0.754680 0.784340 0.096860 0.093710
7 0.745300 0.621840 0.096860 0.074980
7 0.737470 0.342180 0.089040 0.064040
7 0.737470 0.484370 0.092150 0.064040
