9 0.690590 0.746850 0.062490 0.068710
9 0.317190 0.765580 0.067150 0.068710
9 0.698420 0.321860 0.056210 0.074980
11 0.656210 0.556240 0.071870 0.090590
2 0.506250 0.753120 0.074980 0.090590
4 0.493710 0.656210 0.078100 0.098420
1 0.746850 0.543740 0.093710 0.114030
0 0.318750 0.509360 0.076540 0.095310
0 0.398400 0.349970 0.067150 0.099980
10 0.246880 0.434380 0.089040 0.107800
7 0.481210 0.403110 0.079650 0.120300
6 0.468710 0.281210 0.064040 0.101530
8 0.543740 0.268710 0.065600 0.093710
3 0.742180 0.187460 0.053100 0.074980
3 0.687480 0.262490 0.053100 0.073430
3 0.709360 0.392170 0.054660 0.073430
