5 0.660930 0.806230 0.062490 0.095310
5 0.767180 0.812500 0.079650 0.093710
3 0.203110 0.470270 0.076540 0.057770
3 0.204670 0.398400 0.070270 0.054660
3 0.200000 0.307800 0.079650 0.049990
3 0.203110 0.232780 0.093710 0.059330
3 0.757790 0.726530 0.071870 0.065600
3 0.759350 0.634380 0.065600 0.067150
3 0.768730 0.560910 0.067150 0.074980
2 0.343740 0.206230 0.081210 0.087480
2 0.424990 0.214050 0.082760 0.089040
2 0.510920 0.214050 0.081210 0.087480
0 0.276540 0.709360 0.079650 0.078100
0 0.346850 0.618720 0.073430 0.068710
0 0.420280 0.532800 0.084370 0.059330
0 0.509360 0.473430 0.060930 0.068710
0 0.593730 0.392170 0.060930 0.065600
0 0.681210 0.314030 0.067150 0.084370
0 0.770290 0.195280 0.084370 0.095310
