3 0.243720 0.237490 0.060930 0.065600
3 0.318750 0.243720 0.057770 0.073430
3 0.389060 0.245270 0.049990 0.065600
3 0.457770 0.259370 0.049990 0.068710
3 0.524970 0.245270 0.049990 0.062490
3 0.592170 0.254660 0.062490 0.064040
3 0.654660 0.248430 0.042160 0.065600
3 0.724970 0.246880 0.048430 0.057770
3 0.245270 0.314030 0.071870 0.057770
3 0.315590 0.306250 0.056210 0.057770
3 0.376520 0.306250 0.059330 0.057770
3 0.521860 0.314030 0.049990 0.059330
3 0.593730 0.315590 0.049990 0.056210
3 0.653100 0.310920 0.049990 0.057770
3 0.723410 0.307800 0.059330 0.056210
3 0.242160 0.374960 0.062490 0.053100
3 0.307800 0.367180 0.056210 0.060930
3 0.371850 0.371850 0.051540 0.059330
3 0.457770 0.374960 0.056210 0.065600
3 0.585900 0.376520 0.059330 0.056210
3 0.660930 0.387460 0.048430 0.054660
3 0.731240 0.384340 0.054660 0.060930
3 0.243720 0.453100 0.049990 0.057770
3 0.309360 0.445270 0.056210 0.067150
3 0.654660 0.446880 0.043720 0.049990
3 0.726530 0.454660 0.049990 0.059330
3 0.232780 0.517190 0.062490 0.057770
3 0.306250 0.515590 0.062490 0.059330
3 0.226550 0.587460 0.057770 0.068710
3 0.296860 0.574960 0.060930 0.053100
3 0.378120 0.582790 0.046880 0.054660
3 0.449990 0.596840 0.051540 0.056210
3 0.662490 0.589060 0.053100 0.051540
3 0.737470 0.587460 0.057770 0.056210
3 0.232780 0.670270 0.056210 0.054660
3 0.295310 0.653100 0.056210 0.049990
3 0.381230 0.665600 0.054660 0.065600
3 0.664040 0.660930 0.051540 0.065600
3 0.740580 0.660930 0.059330 0.059330
3 0.223440 0.746850 0.062490 0.060930
3 0.312470 0.735910 0.065600 0.064040
3 0.521860 0.718750 0.057770 0.056210
3 0.662490 0.728080 0.060930 0.056210
3 0.740580 0.729690 0.065600 0.059330
