1 0.464040 0.634380 0.034380 0.051540
1 0.514030 0.504650 0.032780 0.051540
1 0.603110 0.540630 0.037490 0.051540
4 0.368730 0.681210 0.043720 0.048430
4 0.510920 0.631220 0.037490 0.049990
4 0.554680 0.421840 0.032780 0.056210
2 0.417170 0.629660 0.034380 0.043720
2 0.476540 0.426550 0.031220 0.042160
2 0.470270 0.504650 0.031220 0.043720
2 0.468710 0.542180 0.031220 0.042160
5 0.328080 0.632780 0.037490 0.039050
5 0.326530 0.673430 0.039050 0.039050
5 0.435930 0.428110 0.028110 0.042160
5 0.421840 0.501530 0.029660 0.042160
5 0.553080 0.468710 0.029660 0.039050
0 0.348410 0.431220 0.029660 0.042160
0 0.339020 0.589060 0.032780 0.037490
0 0.424990 0.674980 0.031220 0.034380
0 0.559350 0.671870 0.029660 0.037490
0 0.662490 0.681210 0.035930 0.037490
0 0.593730 0.392170 0.026550 0.046880
7 0.374960 0.617170 0.040600 0.051540
7 0.601560 0.582790 0.037490 0.053100
7 0.646830 0.468710 0.039050 0.056210
10 0.384340 0.539020 0.039050 0.053100
10 0.426550 0.540630 0.035930 0.053100
10 0.653100 0.631220 0.042160 0.049990
8 0.393730 0.426550 0.029660 0.048430
8 0.517190 0.459330 0.029660 0.045270
8 0.512470 0.578120 0.032780 0.043720
8 0.556240 0.543740 0.031220 0.042160
8 0.596840 0.432780 0.032780 0.040600
8 0.626550 0.389060 0.031220 0.043720
11 0.343740 0.465600 0.031220 0.042160
11 0.389060 0.393730 0.028110 0.042160
11 0.373400 0.590620 0.034380 0.040600
11 0.440600 0.398400 0.026550 0.043720
11 0.465600 0.587460 0.029660 0.040600
11 0.596840 0.471870 0.029660 0.039050
6 0.343740 0.501530 0.031220 0.042160
6 0.470270 0.673430 0.028110 0.037490
6 0.512470 0.673430 0.029660 0.037490
6 0.524970 0.548410 0.029660 0.037490
6 0.548410 0.498420 0.028110 0.040600
6 0.603110 0.639050 0.031220 0.037490
9 0.356240 0.396840 0.024990 0.034380
9 0.342180 0.545300 0.028110 0.032780
9 0.390620 0.478100 0.024990 0.032780
9 0.429660 0.592170 0.024990 0.029660
9 0.478100 0.468710 0.023440 0.032780
9 0.510920 0.428110 0.024990 0.034380
9 0.657770 0.435930 0.026550 0.032780
