3 0.215610 0.612500 0.040600 0.051540
3 0.468710 0.601560 0.034380 0.051540
3 0.514030 0.542180 0.035930 0.049990
3 0.551520 0.373400 0.028110 0.048430
3 0.404670 0.454660 0.029660 0.048430
3 0.410890 0.495310 0.032780 0.049990
3 0.246880 0.510920 0.037490 0.048430
3 0.409340 0.656210 0.035930 0.049990
9 0.353120 0.549970 0.034380 0.053100
9 0.460930 0.412500 0.029660 0.049990
9 0.343740 0.656210 0.037490 0.053100
9 0.592170 0.651540 0.034380 0.051540
9 0.667150 0.643720 0.034380 0.051540
9 0.648430 0.584340 0.035930 0.049990
9 0.643720 0.532800 0.032780 0.048430
9 0.631220 0.485920 0.034380 0.048430
5 0.254660 0.346850 0.039050 0.059330
5 0.301530 0.449990 0.040600 0.062490
11 0.359350 0.340630 0.032780 0.057770
11 0.295310 0.501530 0.042160 0.062490
1 0.457770 0.324970 0.037490 0.085920
7 0.306250 0.362460 0.045270 0.089040
4 0.406230 0.395280 0.042160 0.081210
10 0.517190 0.437490 0.040600 0.082760
5 0.618720 0.399950 0.037490 0.057770
5 0.568730 0.485920 0.039050 0.060930
0 0.596840 0.329690 0.031220 0.062490
6 0.415610 0.540630 0.035930 0.065600
6 0.354680 0.406230 0.035930 0.067150
8 0.293710 0.593730 0.048430 0.070270
0 0.600000 0.328080 0.037490 0.074980
8 0.512470 0.373400 0.035930 0.057770
0 0.279650 0.653100 0.062490 0.068710
