1 0.545300 0.485920 0.068710 0.067150
4 0.326530 0.564020 0.087480 0.064040
4 0.473430 0.635930 0.065600 0.068710
4 0.618720 0.707800 0.074980 0.084370
4 0.767180 0.632780 0.095310 0.076540
6 0.318750 0.267150 0.068710 0.070270
6 0.470270 0.264040 0.060930 0.073430
6 0.765580 0.257770 0.068710 0.074980
6 0.474980 0.703090 0.059330 0.065600
7 0.240600 0.340630 0.093710 0.074980
7 0.621840 0.329690 0.068710 0.079650
7 0.690590 0.412500 0.081210 0.068710
7 0.537470 0.404670 0.059330 0.074980
7 0.767180 0.339020 0.087480 0.084370
10 0.395280 0.339020 0.073430 0.078100
10 0.467150 0.485920 0.065600 0.068710
10 0.621840 0.554680 0.068710 0.064040
10 0.242160 0.718750 0.090590 0.084370
10 0.393730 0.785900 0.082760 0.096860
10 0.774960 0.487480 0.096860 0.068710
10 0.689040 0.256210 0.078100 0.096860
