3 0.442160 0.410890 0.045270 0.042160
3 0.585900 0.554680 0.043720 0.043720
3 0.309360 0.479650 0.051540 0.040600
3 0.228110 0.340630 0.057770 0.045270
3 0.307800 0.415610 0.054660 0.043720
3 0.521860 0.554680 0.046880 0.040600
3 0.739020 0.703090 0.059330 0.054660
1 0.595280 0.332800 0.054660 0.073430
1 0.590620 0.789060 0.060930 0.093710
1 0.585900 0.479650 0.059330 0.056210
1 0.521860 0.626550 0.056210 0.065600
2 0.448430 0.623440 0.053100 0.059330
2 0.374960 0.782790 0.059330 0.081210
2 0.454660 0.765580 0.057770 0.070270
2 0.443720 0.253100 0.054660 0.070270
6 0.664040 0.557790 0.057770 0.051540
6 0.745300 0.549970 0.067150 0.048430
6 0.585900 0.624990 0.049990 0.060930
6 0.517190 0.704650 0.051540 0.060930
9 0.378120 0.481210 0.053100 0.040600
9 0.456210 0.549970 0.046880 0.039050
9 0.232780 0.557790 0.051540 0.045270
9 0.659370 0.703090 0.049990 0.054660
11 0.584340 0.409340 0.048430 0.056210
11 0.368730 0.546850 0.064040 0.056210
11 0.365580 0.701530 0.060930 0.064040
0 0.446880 0.484370 0.049990 0.046880
0 0.739020 0.335910 0.062490 0.060930
5 0.512470 0.479650 0.048430 0.046880
5 0.370290 0.415610 0.062490 0.054660
8 0.593730 0.701530 0.064040 0.065600
8 0.737470 0.259370 0.070270 0.065600
4 0.290590 0.706250 0.085920 0.078100
10 0.745300 0.474980 0.084370 0.059330
