11 0.457770 0.492150 0.053100 0.062490
11 0.674980 0.489040 0.060930 0.056210
11 0.373400 0.420280 0.065600 0.056210
11 0.389060 0.351520 0.070270 0.064040
9 0.398400 0.699980 0.060930 0.067150
9 0.532800 0.710920 0.060930 0.053100
9 0.464040 0.628110 0.057770 0.048430
9 0.598400 0.409340 0.049990 0.054660
9 0.593730 0.343740 0.056210 0.051540
9 0.590620 0.274980 0.040600 0.062490
9 0.451540 0.348410 0.060930 0.054660
9 0.449990 0.285920 0.057770 0.054660
9 0.315590 0.292150 0.056210 0.054660
9 0.317190 0.351520 0.060930 0.048430
9 0.235930 0.639050 0.071870 0.062490
8 0.235930 0.487480 0.076540 0.062490
8 0.456210 0.554680 0.065600 0.064040
8 0.664040 0.415610 0.065600 0.062490
8 0.307800 0.562460 0.070270 0.067150
7 0.228110 0.779670 0.096860 0.095310
6 0.314030 0.489040 0.068710 0.056210
6 0.245270 0.417170 0.081210 0.060930
6 0.446880 0.417170 0.056210 0.068710
6 0.528080 0.417170 0.065600 0.068710
6 0.742180 0.414050 0.068710 0.065600
5 0.384340 0.549970 0.070270 0.054660
5 0.600000 0.699980 0.071870 0.064040
3 0.596840 0.553080 0.067150 0.056210
3 0.531240 0.492150 0.056210 0.057770
3 0.512470 0.564020 0.064040 0.059330
3 0.389060 0.487480 0.082760 0.057770
3 0.659370 0.342180 0.049990 0.056210
3 0.651540 0.279650 0.051540 0.067150
3 0.248430 0.284370 0.065600 0.065600
2 0.512470 0.276540 0.056210 0.067150
2 0.740580 0.271870 0.073430 0.087480
2 0.524970 0.346850 0.073430 0.062490
0 0.312470 0.624990 0.078100 0.081210
0 0.381230 0.631220 0.064040 0.053100
0 0.753120 0.782790 0.078100 0.081210
0 0.235930 0.346850 0.087480 0.067150
0 0.303090 0.410890 0.059330 0.057770
0 0.600000 0.489040 0.062490 0.054660
0 0.379670 0.276540 0.060930 0.076540
