5 0.482760 0.398400 0.062490 0.079650
5 0.548410 0.473430 0.068710 0.053100
3 0.249990 0.332800 0.062490 0.082760
3 0.249990 0.396840 0.073430 0.053100
3 0.254660 0.476540 0.064040 0.057770
3 0.249990 0.549970 0.060930 0.046880
3 0.253100 0.624990 0.057770 0.057770
3 0.242160 0.696860 0.065600 0.065600
3 0.260930 0.768730 0.060930 0.067150
2 0.699980 0.629660 0.065600 0.060930
2 0.774960 0.770290 0.079650 0.092150
2 0.621840 0.546850 0.070270 0.070270
0 0.326530 0.321860 0.073430 0.064040
0 0.398400 0.320300 0.067150 0.073430
0 0.476540 0.323410 0.070270 0.065600
0 0.557790 0.328080 0.065600 0.065600
0 0.640600 0.315590 0.053100 0.065600
0 0.698420 0.328080 0.076540 0.068710
0 0.782790 0.324970 0.084370 0.065600
