2 0.360910 0.106250 0.064040 0.123410
2 0.662490 0.224990 0.073430 0.096860
2 0.153120 0.335910 0.090590 0.089040
2 0.470270 0.618720 0.068710 0.081210
3 0.279650 0.231220 0.079650 0.078100
3 0.379670 0.217170 0.062490 0.079650
3 0.579670 0.209340 0.073430 0.085920
3 0.576520 0.307800 0.057770 0.068710
3 0.685920 0.420280 0.073430 0.085920
3 0.762460 0.515590 0.079650 0.064040
3 0.771850 0.607780 0.070270 0.064040
3 0.774960 0.720300 0.084370 0.070270
3 0.889040 0.717190 0.079650 0.049990
3 0.878100 0.509360 0.089040 0.068710
3 0.856210 0.317190 0.095310 0.074980
3 0.148410 0.848430 0.099980 0.089040
3 0.354680 0.837490 0.068710 0.079650
3 0.471870 0.835930 0.059330 0.079650
3 0.374960 0.721860 0.079650 0.078100
3 0.376520 0.524970 0.065600 0.060930
3 0.273430 0.418720 0.070270 0.071870
3 0.379670 0.414050 0.073430 0.068710
3 0.476540 0.414050 0.054660 0.064040
3 0.887480 0.817170 0.089040 0.085920
3 0.482760 0.703090 0.062490 0.074980
3 0.159350 0.631220 0.068710 0.089040
9 0.657770 0.617170 0.068710 0.062490
9 0.576520 0.514030 0.065600 0.084370
9 0.757790 0.412500 0.078100 0.081210
9 0.157790 0.432780 0.079650 0.068710
9 0.160910 0.203110 0.073430 0.078100
4 0.570290 0.398400 0.078100 0.085920
8 0.276540 0.723410 0.095310 0.081210
8 0.464040 0.307800 0.070270 0.104650
8 0.690590 0.832780 0.115590 0.117190
11 0.579670 0.712470 0.081210 0.084370
5 0.256210 0.637490 0.092150 0.078100
5 0.170290 0.106250 0.095310 0.120300
3 0.656210 0.132800 0.070270 0.084370
