11 0.517190 0.248430 0.054660 0.062490
11 0.518750 0.317190 0.062490 0.068710
11 0.456210 0.309360 0.053100 0.073430
11 0.457770 0.510920 0.056210 0.057770
9 0.245270 0.259370 0.056210 0.071870
9 0.246880 0.393730 0.068710 0.056210
9 0.251540 0.529690 0.049990 0.059330
9 0.318750 0.596840 0.051540 0.053100
9 0.317190 0.667150 0.062490 0.060930
9 0.464040 0.656210 0.054660 0.062490
9 0.593730 0.510920 0.056210 0.054660
9 0.721860 0.440600 0.053100 0.064040
9 0.668710 0.578120 0.054660 0.067150
9 0.723410 0.373400 0.060930 0.057770
9 0.315590 0.387460 0.054660 0.051540
8 0.449990 0.243720 0.056210 0.056210
8 0.382790 0.240600 0.067150 0.068710
8 0.310920 0.253100 0.059330 0.079650
8 0.745300 0.307800 0.070270 0.064040
7 0.651540 0.229660 0.065600 0.092150
6 0.578120 0.240600 0.051540 0.073430
6 0.587460 0.371850 0.054660 0.065600
6 0.518750 0.442160 0.049990 0.062490
6 0.654660 0.446880 0.057770 0.068710
6 0.385900 0.387460 0.068710 0.070270
5 0.720300 0.229660 0.059330 0.068710
5 0.585900 0.439050 0.051540 0.073430
3 0.240600 0.331240 0.056210 0.054660
3 0.309360 0.328080 0.056210 0.060930
3 0.315590 0.739020 0.060930 0.062490
3 0.454660 0.446880 0.053100 0.049990
3 0.517190 0.376520 0.056210 0.048430
3 0.582790 0.309360 0.057770 0.060930
2 0.598400 0.585900 0.056210 0.065600
2 0.315590 0.451540 0.060930 0.051540
2 0.237490 0.459330 0.079650 0.049990
2 0.745300 0.514030 0.068710 0.053100
0 0.653100 0.301530 0.056210 0.056210
0 0.382790 0.315590 0.062490 0.060930
0 0.320300 0.521860 0.057770 0.064040
0 0.389060 0.732800 0.051540 0.074980
0 0.449990 0.387460 0.054660 0.062490
0 0.521860 0.517190 0.056210 0.060930
0 0.653100 0.371850 0.053100 0.067150
