9 0.257770 0.318750 0.067150 0.056210
9 0.265600 0.382790 0.064040 0.048430
9 0.257770 0.460930 0.059330 0.048430
9 0.257770 0.534360 0.070270 0.046880
9 0.254660 0.612500 0.062490 0.048430
9 0.714030 0.314030 0.060930 0.054660
9 0.717190 0.393730 0.059330 0.056210
9 0.721860 0.465600 0.062490 0.048430
9 0.726530 0.543740 0.067150 0.056210
9 0.717190 0.624990 0.062490 0.053100
9 0.720300 0.693710 0.062490 0.056210
1 0.734360 0.792170 0.087480 0.093710
4 0.339020 0.223440 0.081210 0.101530
4 0.421840 0.224990 0.068710 0.106250
4 0.567180 0.798400 0.067150 0.093710
4 0.651540 0.790620 0.076540 0.098420
6 0.498420 0.229660 0.056210 0.081210
6 0.571850 0.468710 0.060930 0.057770
6 0.567180 0.542180 0.057770 0.057770
6 0.487480 0.778120 0.057770 0.081210
7 0.415610 0.384340 0.068710 0.074980
7 0.415610 0.459330 0.074980 0.071870
7 0.493710 0.462490 0.067150 0.068710
7 0.409340 0.614050 0.073430 0.067150
7 0.570290 0.218720 0.065600 0.104650
10 0.492150 0.381230 0.065600 0.081210
10 0.574960 0.314030 0.064040 0.076540
10 0.571850 0.390620 0.068710 0.076540
10 0.417170 0.539020 0.071870 0.067150
10 0.410890 0.689040 0.070270 0.079650
10 0.409340 0.787460 0.065600 0.089040
10 0.256210 0.224990 0.093710 0.101530
