5 0.737470 0.200000 0.074980 0.103090
5 0.842160 0.289040 0.093710 0.081210
3 0.568730 0.764020 0.071870 0.076540
3 0.659370 0.787460 0.060930 0.085920
3 0.737470 0.793730 0.068710 0.084370
3 0.809340 0.790620 0.079650 0.081210
3 0.803110 0.709360 0.071870 0.081210
3 0.834330 0.621840 0.082760 0.071870
3 0.828110 0.539020 0.081210 0.079650
2 0.254660 0.304650 0.101530 0.060930
2 0.265600 0.212500 0.087480 0.101530
2 0.329690 0.210890 0.081210 0.087480
0 0.254660 0.526530 0.109360 0.064040
0 0.256210 0.612500 0.093710 0.065600
0 0.257770 0.687480 0.090590 0.087480
0 0.259370 0.757790 0.095310 0.087480
0 0.326530 0.770290 0.081210 0.093710
0 0.415610 0.778120 0.068710 0.106250
0 0.492150 0.781230 0.082760 0.087480
