10 0.178120 0.426550 0.087480 0.056210
11 0.254660 0.601560 0.060930 0.046880
11 0.764020 0.442160 0.059330 0.049990
8 0.589060 0.432780 0.051540 0.048430
8 0.503090 0.523410 0.046880 0.045270
7 0.587460 0.601560 0.060930 0.054660
6 0.589060 0.701530 0.046880 0.054660
6 0.437490 0.443720 0.043720 0.045270
9 0.328080 0.767180 0.040600 0.046880
9 0.435930 0.279650 0.039050 0.046880
9 0.671870 0.190620 0.040600 0.051540
9 0.731240 0.687480 0.043720 0.039050
4 0.506250 0.264040 0.051540 0.078100
1 0.420280 0.589060 0.053100 0.051540
5 0.260930 0.690590 0.060930 0.054660
0 0.432780 0.770290 0.046880 0.059330
5 0.356240 0.340630 0.054660 0.056210
0 0.265600 0.279650 0.053100 0.054660
3 0.248430 0.429660 0.048430 0.040600
3 0.339020 0.507800 0.040600 0.037490
3 0.331240 0.610890 0.045270 0.037490
3 0.509360 0.439050 0.037490 0.039050
3 0.576520 0.504650 0.037490 0.037490
1 0.679650 0.521860 0.060930 0.048430
9 0.171850 0.520300 0.051540 0.037490
