5 0.351520 0.640600 0.039050 0.040600
6 0.417170 0.635930 0.034380 0.042160
11 0.410890 0.689040 0.034380 0.043720
11 0.562460 0.687480 0.037490 0.045270
8 0.473430 0.639050 0.034380 0.042160
4 0.510920 0.637490 0.039050 0.051540
5 0.573400 0.631220 0.035930 0.040600
1 0.678100 0.595280 0.049990 0.048430
7 0.679650 0.695310 0.053100 0.057770
10 0.731240 0.645270 0.053100 0.051540
5 0.404670 0.584340 0.034380 0.035930
0 0.464040 0.528080 0.031220 0.031220
6 0.567180 0.492150 0.031220 0.031220
5 0.628110 0.532800 0.039050 0.032780
8 0.737470 0.539020 0.048430 0.034380
0 0.460930 0.478100 0.031220 0.031220
