3 0.159350 0.220280 0.081210 0.079650
3 0.162460 0.323410 0.085920 0.079650
3 0.279650 0.421840 0.099980 0.068710
3 0.376520 0.518750 0.079650 0.074980
3 0.487480 0.406230 0.064040 0.064040
3 0.568730 0.317190 0.078100 0.073430
3 0.670270 0.329690 0.070270 0.073430
3 0.768730 0.509360 0.078100 0.070270
3 0.860930 0.521860 0.081210 0.079650
3 0.860930 0.124970 0.079650 0.089040
3 0.754680 0.129690 0.082760 0.082760
3 0.662490 0.124970 0.068710 0.089040
3 0.573400 0.210890 0.074980 0.084370
3 0.479650 0.210890 0.060930 0.073430
3 0.378120 0.221840 0.064040 0.073430
3 0.268710 0.626550 0.074980 0.065600
3 0.167180 0.717190 0.085920 0.074980
3 0.274980 0.720300 0.073430 0.082760
3 0.367180 0.729690 0.074980 0.082760
3 0.368730 0.842160 0.078100 0.078100
3 0.776520 0.821840 0.078100 0.095310
3 0.853100 0.718750 0.085920 0.073430
3 0.768730 0.228110 0.078100 0.073430
9 0.479650 0.134360 0.073430 0.081210
9 0.864040 0.326530 0.073430 0.062490
9 0.374960 0.320300 0.073430 0.079650
9 0.478100 0.321860 0.078100 0.071870
9 0.670270 0.532800 0.076540 0.074980
2 0.662490 0.223440 0.087480 0.084370
2 0.278100 0.112470 0.089040 0.101530
2 0.168730 0.412500 0.099980 0.095310
2 0.760910 0.418720 0.089040 0.090590
8 0.181230 0.098420 0.090590 0.134360
8 0.470270 0.512470 0.082760 0.085920
8 0.776520 0.320300 0.101530 0.085920
4 0.464040 0.618720 0.087480 0.101530
11 0.578120 0.409340 0.078100 0.087480
5 0.253100 0.304650 0.090590 0.085920
5 0.153120 0.524970 0.106250 0.078100
