7 0.621840 0.379670 0.087480 0.118750
9 0.729690 0.381230 0.064040 0.073430
9 0.429660 0.406230 0.073430 0.076540
4 0.314030 0.417170 0.107800 0.098420
9 0.507800 0.426550 0.071870 0.067150
3 0.578120 0.440600 0.068710 0.068710
3 0.579670 0.442160 0.068710 0.071870
9 0.248430 0.451540 0.078100 0.067150
3 0.735910 0.457770 0.076540 0.067150
0 0.521860 0.476540 0.081210 0.081210
6 0.649990 0.492150 0.082760 0.087480
9 0.314030 0.493710 0.076540 0.067150
3 0.246880 0.512470 0.082760 0.068710
3 0.726530 0.512470 0.073430 0.064040
11 0.421840 0.512470 0.090590 0.087480
3 0.604670 0.534360 0.078100 0.062490
0 0.798400 0.548410 0.095310 0.087480
2 0.349970 0.581230 0.109360 0.076540
9 0.653100 0.584340 0.082760 0.064040
10 0.573400 0.596840 0.085920 0.095310
5 0.820280 0.635930 0.099980 0.081210
2 0.664040 0.643720 0.093710 0.078100
8 0.393730 0.673430 0.117190 0.081210
3 0.517190 0.710920 0.073430 0.064040
9 0.704650 0.710920 0.082760 0.068710
5 0.314030 0.737470 0.103090 0.068710
8 0.429660 0.756240 0.112470 0.073430
6 0.871870 0.762460 0.109360 0.082760
9 0.523410 0.771850 0.085920 0.068710
3 0.695310 0.778120 0.090590 0.073430
11 0.557790 0.834330 0.099980 0.081210
1 0.423440 0.862490 0.126530 0.087480
3 0.667150 0.864040 0.090590 0.076540
