9 0.315590 0.181230 0.053100 0.074980
9 0.312470 0.253100 0.054660 0.071870
9 0.299980 0.328080 0.056210 0.070270
9 0.290590 0.409340 0.057770 0.065600
9 0.265600 0.487480 0.062490 0.067150
9 0.240600 0.587460 0.062490 0.062490
9 0.237490 0.678100 0.064040 0.062490
9 0.220280 0.776520 0.068710 0.059330
11 0.112470 0.768730 0.098420 0.076540
8 0.131240 0.668710 0.104650 0.073430
6 0.157790 0.571850 0.095310 0.085920
7 0.174960 0.471870 0.109360 0.112470
10 0.190620 0.393730 0.098420 0.103090
6 0.206230 0.309360 0.082760 0.099980
8 0.224990 0.240600 0.085920 0.092150
11 0.237490 0.171850 0.078100 0.099980
3 0.698420 0.212500 0.048430 0.074980
3 0.696860 0.287480 0.051540 0.071870
3 0.709360 0.368730 0.049990 0.070270
3 0.693710 0.443720 0.054660 0.067150
3 0.699980 0.529690 0.054660 0.065600
3 0.693710 0.617170 0.057770 0.064040
3 0.696860 0.717190 0.057770 0.060930
3 0.693710 0.809340 0.062490 0.059330
5 0.793730 0.818720 0.092150 0.078100
2 0.796840 0.721860 0.098420 0.074980
0 0.796840 0.628110 0.085920 0.082760
1 0.790620 0.521860 0.103090 0.112470
4 0.796840 0.440600 0.090590 0.106250
0 0.793730 0.362460 0.076540 0.098420
2 0.790620 0.290590 0.082760 0.092150
5 0.781230 0.209340 0.071870 0.098420
