4 0.246880 0.128080 0.107800 0.121860
10 0.143740 0.151520 0.106250 0.118750
5 0.446880 0.157790 0.071870 0.096860
7 0.548410 0.148410 0.081210 0.129690
5 0.640600 0.156240 0.074980 0.098420
0 0.735910 0.168730 0.082760 0.085920
10 0.851540 0.145300 0.115590 0.135910
6 0.148410 0.246880 0.099980 0.087480
3 0.262490 0.270270 0.067150 0.076540
0 0.346850 0.235930 0.071870 0.084370
9 0.459330 0.268710 0.070270 0.070270
3 0.551520 0.260930 0.065600 0.068710
0 0.631220 0.273430 0.067150 0.078100
0 0.851540 0.259370 0.085920 0.078100
4 0.128080 0.340630 0.120300 0.089040
2 0.449990 0.360910 0.071870 0.071870
11 0.543740 0.373400 0.074980 0.068710
6 0.637490 0.351520 0.079650 0.068710
6 0.743740 0.354680 0.082760 0.078100
7 0.851540 0.349970 0.118750 0.092150
8 0.157790 0.459330 0.099980 0.087480
2 0.351520 0.439050 0.076540 0.071870
5 0.446880 0.459330 0.068710 0.071870
7 0.740580 0.460930 0.107800 0.087480
8 0.823440 0.443720 0.076540 0.076540
6 0.135910 0.551520 0.087480 0.065600
8 0.353120 0.542180 0.076540 0.078100
8 0.648430 0.546850 0.070270 0.078100
8 0.835930 0.548410 0.092150 0.073430
5 0.148410 0.643720 0.099980 0.079650
11 0.251540 0.642160 0.079650 0.076540
1 0.345300 0.637490 0.082760 0.082760
3 0.446880 0.640600 0.065600 0.064040
1 0.540630 0.632780 0.073430 0.090590
11 0.642160 0.648430 0.070270 0.074980
11 0.718750 0.660930 0.079650 0.078100
2 0.832780 0.639050 0.093710 0.082760
5 0.143740 0.735910 0.098420 0.081210
5 0.351520 0.732800 0.087480 0.085920
9 0.460930 0.710920 0.067150 0.060930
2 0.543740 0.732800 0.071870 0.070270
9 0.635930 0.715590 0.070270 0.067150
8 0.743740 0.735910 0.081210 0.078100
1 0.129690 0.853100 0.143740 0.123410
10 0.348410 0.843720 0.092150 0.114030
4 0.551520 0.843720 0.089040 0.121860
6 0.643720 0.823440 0.073430 0.096860
6 0.745300 0.826550 0.090590 0.093710
0 0.845270 0.839050 0.095310 0.087480
