3 0.224990 0.260930 0.062490 0.057770
3 0.307800 0.260930 0.064040 0.062490
3 0.678100 0.249990 0.056210 0.056210
3 0.765580 0.245270 0.062490 0.054660
3 0.229660 0.337470 0.068710 0.056210
3 0.309360 0.335910 0.056210 0.054660
3 0.604670 0.329690 0.056210 0.056210
3 0.685920 0.343740 0.065600 0.057770
3 0.767180 0.334360 0.062490 0.054660
3 0.234380 0.418720 0.076540 0.049990
3 0.309360 0.410890 0.060930 0.049990
3 0.390620 0.412500 0.057770 0.060930
3 0.603110 0.418720 0.057770 0.057770
3 0.690590 0.421840 0.060930 0.056210
3 0.759350 0.421840 0.068710 0.060930
3 0.248430 0.485920 0.065600 0.049990
3 0.312470 0.487480 0.057770 0.057770
3 0.387460 0.487480 0.059330 0.060930
3 0.604670 0.482760 0.056210 0.049990
3 0.687480 0.485920 0.054660 0.051540
3 0.756240 0.482760 0.062490 0.049990
3 0.243720 0.559350 0.068710 0.062490
3 0.396840 0.556240 0.054660 0.062490
3 0.606230 0.551520 0.057770 0.067150
3 0.674980 0.553080 0.056210 0.062490
3 0.742180 0.546850 0.062490 0.062490
3 0.240600 0.623440 0.064040 0.054660
3 0.321860 0.570290 0.048430 0.049990
3 0.320300 0.624990 0.064040 0.049990
3 0.398400 0.634380 0.051540 0.056210
3 0.593730 0.624990 0.053100 0.062490
3 0.678100 0.634380 0.056210 0.062490
3 0.748410 0.624990 0.057770 0.062490
3 0.253100 0.698420 0.062490 0.056210
3 0.334360 0.693710 0.064040 0.057770
3 0.601560 0.693710 0.056210 0.060930
3 0.674980 0.695310 0.054660 0.059330
3 0.740580 0.690590 0.060930 0.059330
3 0.253100 0.756240 0.062490 0.049990
3 0.328080 0.754680 0.054660 0.059330
3 0.398400 0.746850 0.051540 0.067150
3 0.592170 0.757790 0.053100 0.057770
3 0.662490 0.756240 0.053100 0.062490
3 0.737470 0.767180 0.054660 0.070270
