5 0.467150 0.529690 0.062490 0.065600
5 0.465600 0.612500 0.071870 0.071870
3 0.626550 0.607780 0.068710 0.060930
3 0.631220 0.528080 0.062490 0.065600
3 0.640600 0.454660 0.051540 0.060930
3 0.642160 0.368730 0.049990 0.060930
3 0.553080 0.373400 0.062490 0.057770
3 0.471870 0.370290 0.062490 0.062490
3 0.389060 0.376520 0.054660 0.057770
2 0.304650 0.353120 0.079650 0.067150
2 0.296860 0.435930 0.096860 0.059330
2 0.299980 0.526530 0.074980 0.081210
0 0.382790 0.529690 0.081210 0.065600
0 0.396840 0.600000 0.087480 0.076540
0 0.540630 0.609340 0.078100 0.079650
0 0.546850 0.529690 0.068710 0.062490
0 0.548410 0.442160 0.070270 0.073430
0 0.460930 0.435930 0.062490 0.062490
0 0.387460 0.442160 0.064040 0.076540
