0 0.479650 0.343740 0.024990 0.046880
0 0.562460 0.381230 0.024990 0.045270
0 0.389060 0.557790 0.032780 0.040600
0 0.309360 0.565620 0.037490 0.039050
0 0.593730 0.642160 0.031220 0.032780
0 0.531240 0.514030 0.029660 0.035930
1 0.526530 0.346850 0.034380 0.059330
1 0.351520 0.656210 0.040600 0.042160
1 0.612500 0.376520 0.037490 0.057770
2 0.396840 0.596840 0.034380 0.039050
2 0.303090 0.395280 0.031220 0.043720
2 0.364020 0.360910 0.035930 0.040600
2 0.546850 0.640600 0.034380 0.039050
4 0.445270 0.653100 0.039050 0.042160
4 0.446880 0.382790 0.039050 0.059330
4 0.487480 0.465600 0.034380 0.054660
5 0.449990 0.553080 0.035930 0.035930
5 0.304650 0.653100 0.040600 0.040600
5 0.403110 0.510920 0.034380 0.039050
5 0.531240 0.423440 0.034380 0.040600
11 0.501530 0.651540 0.035930 0.035930
11 0.440600 0.592170 0.029660 0.037490
11 0.496860 0.592170 0.032780 0.039050
11 0.360910 0.429660 0.031220 0.042160
11 0.310920 0.357790 0.031220 0.045270
10 0.354680 0.556240 0.040600 0.046880
10 0.579670 0.546850 0.037490 0.046880
10 0.446880 0.460930 0.032780 0.053100
9 0.365580 0.396840 0.029660 0.034380
9 0.357790 0.474980 0.031220 0.026550
9 0.359350 0.518750 0.035930 0.035930
9 0.487480 0.515590 0.024990 0.029660
9 0.443720 0.506250 0.034380 0.032780
9 0.623440 0.546850 0.032780 0.031220
9 0.639050 0.593730 0.032780 0.031220
8 0.399950 0.390620 0.039050 0.042160
8 0.479650 0.426550 0.034380 0.039050
8 0.617170 0.467150 0.037490 0.042160
8 0.531240 0.595280 0.037490 0.042160
8 0.406230 0.646830 0.037490 0.039050
7 0.356240 0.600000 0.042160 0.043720
7 0.573400 0.462490 0.039050 0.056210
7 0.440600 0.343740 0.035930 0.056210
6 0.298420 0.431220 0.032780 0.045270
6 0.393730 0.345300 0.028110 0.051540
6 0.476540 0.387460 0.028110 0.046880
6 0.404670 0.474980 0.034380 0.042160
6 0.609340 0.496860 0.034380 0.040600
6 0.585900 0.593730 0.032780 0.039050
11 0.415610 0.434380 0.035930 0.035930
8 0.570290 0.503090 0.039050 0.040600
