5 0.259370 0.234380 0.081210 0.084370
5 0.653100 0.328080 0.067150 0.068710
5 0.793730 0.337470 0.084370 0.065600
5 0.568730 0.473430 0.064040 0.056210
5 0.646830 0.484370 0.068710 0.056210
5 0.720300 0.618720 0.079650 0.064040
5 0.567180 0.626550 0.068710 0.065600
5 0.479650 0.703090 0.057770 0.071870
5 0.342180 0.542180 0.067150 0.056210
5 0.265600 0.693710 0.076540 0.070270
5 0.707800 0.703090 0.074980 0.068710
11 0.421840 0.240600 0.068710 0.078100
11 0.501530 0.328080 0.060930 0.065600
11 0.790620 0.268710 0.078100 0.060930
11 0.649990 0.403110 0.065600 0.056210
11 0.259370 0.474980 0.082760 0.057770
11 0.420280 0.468710 0.060930 0.064040
11 0.718750 0.485920 0.071870 0.057770
11 0.498420 0.543740 0.059330 0.056210
11 0.410890 0.615610 0.060930 0.062490
11 0.264040 0.774960 0.071870 0.074980
11 0.565620 0.776520 0.065600 0.081210
