9 0.221840 0.754680 0.068710 0.071870
9 0.443720 0.624990 0.057770 0.070270
9 0.287480 0.579670 0.060930 0.071870
9 0.398400 0.462490 0.054660 0.073430
9 0.359350 0.332800 0.051540 0.070270
9 0.096860 0.487480 0.071870 0.074980
6 0.603110 0.565620 0.070270 0.096860
6 0.121860 0.420280 0.092150 0.099980
11 0.378120 0.278100 0.065600 0.090590
10 0.149970 0.354680 0.098420 0.112470
8 0.171850 0.304650 0.089040 0.090590
9 0.218720 0.221840 0.059330 0.071870
9 0.200000 0.265600 0.059330 0.071870
8 0.287480 0.321860 0.078100 0.089040
11 0.215610 0.559350 0.084370 0.095310
7 0.168730 0.640600 0.112470 0.120300
5 0.273430 0.371850 0.074980 0.092150
4 0.507800 0.296860 0.067150 0.104650
3 0.546850 0.496860 0.053100 0.071870
3 0.496860 0.800000 0.064040 0.076540
3 0.665600 0.746850 0.065600 0.073430
3 0.684370 0.392170 0.054660 0.071870
3 0.693710 0.340630 0.053100 0.073430
5 0.756240 0.846880 0.096860 0.099980
0 0.759350 0.665600 0.085920 0.101530
1 0.762460 0.389060 0.090590 0.132800
2 0.884370 0.606230 0.099980 0.098420
3 0.873430 0.548410 0.068710 0.078100
3 0.871870 0.498420 0.067150 0.074980
0 0.878100 0.435930 0.084370 0.103090
2 0.871870 0.381230 0.084370 0.096860
3 0.862490 0.343740 0.059330 0.073430
