5 0.470270 0.546850 0.034380 0.042160
1 0.592170 0.504650 0.034380 0.054660
5 0.551520 0.501530 0.028110 0.042160
1 0.731240 0.545300 0.042160 0.054660
5 0.684370 0.496860 0.026550 0.040600
4 0.510920 0.542180 0.032780 0.053100
0 0.734360 0.504650 0.031220 0.039050
4 0.545300 0.581230 0.032780 0.051540
1 0.509360 0.542180 0.039050 0.051540
2 0.423440 0.548410 0.029660 0.042160
1 0.731240 0.549970 0.042160 0.049990
2 0.421840 0.506250 0.032780 0.040600
2 0.642160 0.549970 0.031220 0.046880
4 0.543740 0.581230 0.039050 0.056210
2 0.681210 0.548410 0.032780 0.045270
2 0.423440 0.507800 0.037490 0.040600
5 0.470270 0.546850 0.029660 0.040600
2 0.420280 0.551520 0.039050 0.042160
5 0.549970 0.501530 0.026550 0.040600
2 0.645270 0.549970 0.029660 0.040600
5 0.681210 0.501530 0.031220 0.042160
2 0.684370 0.548410 0.029660 0.042160
0 0.634380 0.514030 0.026550 0.040600
0 0.637490 0.512470 0.031220 0.043720
0 0.732800 0.506250 0.032780 0.040600
3 0.476540 0.507800 0.028110 0.032780
3 0.478100 0.507800 0.023440 0.031220
3 0.557790 0.460930 0.023440 0.037490
3 0.515590 0.507800 0.023440 0.031220
3 0.553080 0.542180 0.024990 0.032780
3 0.556240 0.464040 0.023440 0.031220
3 0.601560 0.548410 0.026550 0.032780
3 0.551520 0.543740 0.023440 0.031220
3 0.635930 0.435930 0.028110 0.035930
3 0.601560 0.554680 0.024990 0.031220
3 0.687480 0.431220 0.028110 0.035930
3 0.600000 0.360910 0.023440 0.034380
3 0.601560 0.360910 0.029660 0.039050
3 0.634380 0.437490 0.023440 0.032780
3 0.515590 0.507800 0.029660 0.032780
3 0.685920 0.432780 0.023440 0.034380
