9 0.215610 0.699980 0.082760 0.081210
9 0.256210 0.593730 0.076540 0.079650
9 0.290590 0.498420 0.074980 0.084370
9 0.421840 0.364020 0.064040 0.085920
9 0.517190 0.312470 0.060930 0.085920
9 0.374960 0.212500 0.065600 0.085920
9 0.396840 0.153120 0.064040 0.087480
9 0.215610 0.078100 0.074980 0.089040
10 0.549970 0.162460 0.085920 0.134360
11 0.118750 0.678100 0.117190 0.110920
8 0.146850 0.578120 0.117190 0.101530
6 0.193730 0.482760 0.106250 0.112470
7 0.221840 0.385900 0.126530 0.146850
6 0.278100 0.246880 0.095310 0.120300
8 0.292150 0.196840 0.096860 0.109360
11 0.321860 0.124970 0.089040 0.112470
3 0.531240 0.759350 0.070270 0.082760
0 0.453100 0.634380 0.087480 0.106250
3 0.729690 0.703090 0.079650 0.085920
3 0.740580 0.596840 0.076540 0.085920
3 0.759350 0.357790 0.067150 0.085920
3 0.749970 0.507800 0.071870 0.089040
3 0.965580 0.224990 0.068710 0.092150
3 0.756240 0.284370 0.067150 0.090590
3 0.768730 0.218720 0.062490 0.087480
2 0.582790 0.396840 0.081210 0.104650
2 0.676540 0.415610 0.090590 0.106250
5 0.849990 0.231220 0.090590 0.115590
4 0.849990 0.435930 0.117190 0.140580
0 0.840600 0.606230 0.110920 0.121860
5 0.837490 0.821840 0.121860 0.117190
1 0.846880 0.509360 0.131240 0.154680
