9 0.243720 0.378120 0.074980 0.092150
9 0.317190 0.382790 0.064040 0.089040
9 0.535910 0.387460 0.059330 0.084370
9 0.734360 0.378120 0.071870 0.087480
9 0.118750 0.465600 0.090590 0.087480
9 0.214050 0.471870 0.084370 0.089040
9 0.440600 0.468710 0.059330 0.089040
9 0.645270 0.459330 0.071870 0.087480
3 0.137470 0.379670 0.081210 0.090590
3 0.429660 0.382790 0.067150 0.084370
3 0.634380 0.371850 0.064040 0.085920
3 0.834330 0.379670 0.076540 0.084370
3 0.860930 0.460930 0.084370 0.085920
3 0.318750 0.460930 0.079650 0.092150
3 0.539020 0.473430 0.060930 0.084370
3 0.735910 0.459330 0.074980 0.090590
