11 0.462490 0.731240 0.059330 0.068710
11 0.537470 0.659370 0.070270 0.065600
11 0.601560 0.370290 0.062490 0.068710
11 0.468710 0.656210 0.065600 0.073430
9 0.326530 0.389060 0.064040 0.056210
9 0.393730 0.449990 0.062490 0.065600
9 0.309360 0.518750 0.048430 0.056210
9 0.670270 0.437490 0.053100 0.049990
9 0.734360 0.440600 0.059330 0.049990
9 0.670270 0.579670 0.060930 0.062490
9 0.739020 0.581230 0.071870 0.059330
9 0.612500 0.593730 0.043720 0.046880
9 0.664040 0.306250 0.056210 0.048430
9 0.729690 0.306250 0.064040 0.065600
9 0.387460 0.226550 0.057770 0.079650
8 0.248430 0.304650 0.071870 0.085920
8 0.457770 0.299980 0.062490 0.076540
8 0.467150 0.448430 0.067150 0.060930
8 0.324970 0.737470 0.067150 0.085920
7 0.467150 0.515590 0.073430 0.068710
6 0.532800 0.301530 0.059330 0.068710
6 0.607780 0.437490 0.062490 0.057770
6 0.610890 0.506250 0.067150 0.049990
6 0.617170 0.732800 0.074980 0.071870
6 0.393730 0.731240 0.054660 0.076540
5 0.326530 0.592170 0.067150 0.065600
5 0.459330 0.378120 0.081210 0.065600
5 0.245270 0.734360 0.062490 0.071870
3 0.535910 0.515590 0.060930 0.071870
3 0.534360 0.376520 0.064040 0.074980
3 0.253100 0.590620 0.073430 0.064040
3 0.395280 0.649990 0.067150 0.074980
3 0.465600 0.584340 0.065600 0.059330
3 0.671870 0.653100 0.074980 0.056210
3 0.746850 0.648430 0.065600 0.054660
2 0.678100 0.509360 0.076540 0.070270
2 0.745300 0.507800 0.071870 0.067150
2 0.603110 0.657770 0.071870 0.068710
0 0.540630 0.589060 0.067150 0.062490
0 0.332800 0.667150 0.057770 0.067150
0 0.532800 0.734360 0.071870 0.085920
0 0.606230 0.293710 0.059330 0.064040
0 0.395280 0.301530 0.062490 0.081210
0 0.670270 0.224990 0.060930 0.079650
