5 0.667150 0.634380 0.096860 0.121860
5 0.542180 0.649990 0.081210 0.123410
5 0.403110 0.649990 0.081210 0.123410
5 0.268710 0.665600 0.103090 0.124970
6 0.289040 0.357790 0.070270 0.132800
0 0.503090 0.354680 0.057770 0.129690
9 0.706250 0.379670 0.059330 0.090590
9 0.396840 0.551520 0.060930 0.087480
3 0.601560 0.373400 0.048430 0.087480
3 0.593730 0.457770 0.054660 0.093710
3 0.629660 0.542180 0.064040 0.093710
3 0.414050 0.373400 0.049990 0.090590
3 0.418720 0.459330 0.056210 0.093710
3 0.290590 0.462490 0.062490 0.093710
3 0.289040 0.564020 0.067150 0.093710
5 0.667150 0.634380 0.104650 0.124970
5 0.542180 0.651540 0.087480 0.128080
5 0.403110 0.649990 0.089040 0.129690
5 0.267150 0.664040 0.107800 0.126530
3 0.289040 0.565620 0.074980 0.103090
3 0.629660 0.543740 0.068710 0.098420
3 0.593730 0.457770 0.064040 0.099980
3 0.418720 0.459330 0.064040 0.099980
3 0.514030 0.449990 0.053100 0.103090
3 0.289040 0.460930 0.068710 0.099980
3 0.415610 0.371850 0.056210 0.093710
3 0.601560 0.373400 0.053100 0.089040
6 0.287480 0.354680 0.079650 0.139020
9 0.398400 0.551520 0.067150 0.095310
9 0.706250 0.378120 0.068710 0.101530
1 0.503090 0.514030 0.082760 0.167180
