4 0.432780 0.785900 0.104650 0.134360
3 0.245270 0.126530 0.079650 0.093710
3 0.451540 0.123410 0.079650 0.095310
3 0.665600 0.110920 0.071870 0.099980
3 0.768730 0.120300 0.074980 0.093710
3 0.864040 0.128080 0.078100 0.090590
3 0.154680 0.240600 0.090590 0.074980
3 0.351520 0.235930 0.079650 0.081210
3 0.667150 0.234380 0.070270 0.093710
3 0.446880 0.348410 0.078100 0.085920
3 0.549970 0.349970 0.067150 0.084370
3 0.653100 0.342180 0.070270 0.084370
3 0.765580 0.343740 0.090590 0.085920
3 0.142180 0.443720 0.095310 0.065600
3 0.456210 0.445270 0.070270 0.068710
3 0.545300 0.548410 0.070270 0.073430
3 0.751520 0.553080 0.074980 0.079650
3 0.243720 0.657770 0.085920 0.071870
3 0.871870 0.665600 0.099980 0.078100
3 0.645270 0.768730 0.071870 0.093710
3 0.771850 0.776520 0.078100 0.076540
3 0.131240 0.859370 0.090590 0.095310
3 0.243720 0.860930 0.085920 0.095310
3 0.342180 0.870270 0.071870 0.095310
11 0.770290 0.223440 0.089040 0.106250
5 0.646830 0.554680 0.079650 0.082760
5 0.540630 0.767180 0.079650 0.101530
8 0.231220 0.354680 0.124970 0.084370
8 0.454660 0.553080 0.084370 0.089040
8 0.768730 0.670270 0.104650 0.099980
9 0.342180 0.435930 0.084370 0.073430
9 0.135910 0.648430 0.089040 0.078100
9 0.532800 0.876540 0.073430 0.092150
9 0.546850 0.657770 0.078100 0.081210
9 0.754680 0.449990 0.078100 0.079650
2 0.249990 0.549970 0.101530 0.090590
2 0.649990 0.454660 0.089040 0.087480
2 0.646830 0.656210 0.087480 0.085920
2 0.437490 0.643720 0.104650 0.081210
