4 0.198400 0.276540 0.078100 0.170290
1 0.190620 0.351520 0.078100 0.196840
5 0.131240 0.726530 0.078100 0.135910
5 0.246880 0.048430 0.046880 0.095310
0 0.229660 0.189060 0.049990 0.139020
0 0.265600 0.601560 0.064040 0.139020
3 0.329690 0.042160 0.045270 0.082760
3 0.309360 0.206230 0.042160 0.099980
3 0.323410 0.118750 0.042160 0.098420
3 0.267150 0.490590 0.054660 0.098420
3 0.284370 0.382790 0.046880 0.104650
3 0.331240 0.728080 0.051540 0.107800
3 0.359350 0.603110 0.054660 0.112470
3 0.471870 0.274980 0.046880 0.103090
2 0.401560 0.103090 0.054660 0.129690
2 0.543740 0.365580 0.059330 0.145300
10 0.809340 0.243720 0.067150 0.171850
7 0.821840 0.331240 0.068710 0.192170
6 0.804670 0.168730 0.051540 0.135910
6 0.832780 0.464040 0.059330 0.134360
8 0.629660 0.171850 0.051540 0.145300
8 0.824990 0.579670 0.071870 0.143740
11 0.731240 0.721860 0.064040 0.139020
11 0.793730 0.034380 0.045270 0.068710
9 0.714030 0.034380 0.037490 0.068710
9 0.712470 0.103090 0.040600 0.090590
9 0.714030 0.193730 0.040600 0.093710
9 0.717190 0.278100 0.045270 0.099980
9 0.715590 0.381230 0.049990 0.099980
9 0.724970 0.485920 0.049990 0.103090
9 0.723410 0.590620 0.051540 0.107800
9 0.531240 0.720300 0.054660 0.114030
