11 0.326530 0.087480 0.090590 0.112470
9 0.395280 0.106250 0.060930 0.082760
9 0.385900 0.173400 0.062490 0.078100
9 0.365580 0.239050 0.064040 0.079650
9 0.349970 0.312470 0.065600 0.074980
9 0.474980 0.409340 0.062490 0.076540
9 0.282760 0.465600 0.067150 0.071870
9 0.271870 0.546850 0.070270 0.073430
9 0.243720 0.629660 0.073430 0.070270
8 0.374960 0.474980 0.087480 0.095310
8 0.443720 0.249990 0.082760 0.103090
11 0.143740 0.609340 0.101530 0.096860
6 0.281210 0.209340 0.093710 0.109360
6 0.209340 0.434380 0.095310 0.103090
7 0.234380 0.346850 0.115590 0.128080
10 0.257770 0.282760 0.104650 0.117190
0 0.440600 0.578120 0.073430 0.089040
3 0.549970 0.440600 0.060930 0.079650
3 0.643720 0.370290 0.056210 0.074980
3 0.749970 0.187460 0.057770 0.081210
3 0.737470 0.256210 0.054660 0.074980
3 0.742180 0.329690 0.056210 0.074980
3 0.693710 0.545300 0.062490 0.071870
3 0.690590 0.637490 0.064040 0.070270
3 0.678100 0.723410 0.065600 0.068710
2 0.620280 0.528080 0.084370 0.090590
2 0.828110 0.271870 0.087480 0.101530
5 0.826550 0.196840 0.079650 0.101530
5 0.768730 0.740580 0.095310 0.089040
0 0.792170 0.570290 0.092150 0.098420
1 0.801560 0.471870 0.110920 0.131240
4 0.815610 0.401560 0.098420 0.115590
