3 0.624990 0.459330 0.021840 0.023440
3 0.624990 0.499980 0.021840 0.021840
3 0.626550 0.546850 0.021840 0.023440
3 0.621840 0.595280 0.023440 0.023440
3 0.624990 0.640600 0.021840 0.024990
3 0.624990 0.681210 0.021840 0.024990
3 0.614050 0.732800 0.021840 0.029660
3 0.581230 0.723410 0.021840 0.026550
3 0.579670 0.687480 0.021840 0.026550
3 0.576520 0.642160 0.021840 0.023440
3 0.568730 0.551520 0.021840 0.021840
3 0.587460 0.459330 0.021840 0.021840
3 0.532800 0.673430 0.023440 0.024990
3 0.537470 0.595280 0.023440 0.021840
3 0.537470 0.498420 0.024990 0.020280
3 0.540630 0.459330 0.023440 0.021840
3 0.496860 0.424990 0.024990 0.021840
3 0.496860 0.499980 0.024990 0.021840
3 0.487480 0.551520 0.024990 0.020280
3 0.493710 0.590620 0.023440 0.021840
3 0.490590 0.668710 0.023440 0.024990
3 0.495310 0.718750 0.024990 0.026550
3 0.454660 0.587460 0.026550 0.020280
9 0.453100 0.465600 0.026550 0.020280
9 0.448430 0.421840 0.026550 0.020280
9 0.449990 0.507800 0.026550 0.020280
9 0.457770 0.543740 0.026550 0.020280
9 0.451540 0.664040 0.026550 0.023440
9 0.460930 0.714030 0.026550 0.026550
9 0.415610 0.418720 0.028110 0.020280
9 0.412500 0.457770 0.028110 0.020280
9 0.418720 0.503090 0.026550 0.020280
9 0.414050 0.542180 0.028110 0.020280
9 0.417170 0.585900 0.028110 0.020280
9 0.404670 0.624990 0.031220 0.029660
9 0.415610 0.710920 0.032780 0.035930
9 0.378120 0.712470 0.034380 0.029660
9 0.365580 0.660930 0.028110 0.029660
9 0.376520 0.628110 0.031220 0.026550
9 0.368730 0.510920 0.035930 0.026550
9 0.368730 0.467150 0.034380 0.031220
9 0.332800 0.414050 0.034380 0.029660
9 0.335910 0.496860 0.032780 0.028110
9 0.332800 0.545300 0.034380 0.029660
9 0.334360 0.593730 0.035930 0.028110
9 0.340630 0.624990 0.035930 0.031220
9 0.335910 0.662490 0.031220 0.029660
6 0.337470 0.710920 0.042160 0.034380
6 0.414050 0.671870 0.039050 0.031220
6 0.371850 0.582790 0.040600 0.034380
6 0.370290 0.546850 0.042160 0.031220
6 0.378120 0.426550 0.045270 0.035930
6 0.335910 0.464040 0.043720 0.035930
3 0.448430 0.626550 0.031220 0.034380
0 0.540630 0.728080 0.035930 0.040600
0 0.487480 0.628110 0.037490 0.031220
0 0.531240 0.634380 0.035930 0.034380
0 0.573400 0.595280 0.035930 0.035930
0 0.535910 0.549970 0.037490 0.032780
0 0.578120 0.503090 0.034380 0.032780
