0 0.299980 0.662490 0.065600 0.065600
0 0.692150 0.728080 0.073430 0.074980
1 0.271870 0.249990 0.096860 0.096860
1 0.771850 0.331240 0.103090 0.082760
1 0.198400 0.600000 0.107800 0.078100
1 0.778120 0.496860 0.096860 0.067150
2 0.201560 0.421840 0.087480 0.059330
2 0.534360 0.729690 0.068710 0.078100
2 0.784340 0.793730 0.074980 0.087480
2 0.615610 0.482760 0.068710 0.065600
3 0.456210 0.340630 0.046880 0.049990
3 0.298420 0.498420 0.051540 0.049990
3 0.459330 0.570290 0.049990 0.051540
3 0.529690 0.426550 0.049990 0.049990
3 0.687480 0.331240 0.056210 0.051540
3 0.306250 0.740580 0.056210 0.062490
3 0.468710 0.795280 0.053100 0.064040
4 0.779670 0.640600 0.103090 0.078100
5 0.370290 0.420280 0.062490 0.054660
5 0.537470 0.571850 0.056210 0.062490
