4 0.126530 0.148410 0.115590 0.104650
8 0.240600 0.165580 0.092150 0.079650
6 0.434380 0.156240 0.062490 0.081210
5 0.518750 0.153120 0.062490 0.079650
10 0.609340 0.153120 0.085920 0.106250
2 0.715590 0.139020 0.071870 0.090590
5 0.137470 0.253100 0.098420 0.070270
11 0.243720 0.253100 0.081210 0.071870
9 0.342180 0.271870 0.056210 0.057770
2 0.432780 0.256210 0.071870 0.076540
9 0.510920 0.278100 0.053100 0.059330
5 0.804670 0.248430 0.085920 0.084370
1 0.442160 0.346850 0.067150 0.081210
3 0.523410 0.340630 0.056210 0.051540
8 0.617170 0.348410 0.071870 0.073430
1 0.717190 0.351520 0.099980 0.074980
5 0.804670 0.337470 0.076540 0.068710
8 0.151520 0.429660 0.081210 0.070270
2 0.242160 0.448430 0.079650 0.067150
8 0.332800 0.429660 0.076540 0.068710
11 0.417170 0.443720 0.065600 0.062490
6 0.510920 0.442160 0.060930 0.056210
6 0.812500 0.426550 0.081210 0.062490
8 0.251540 0.529690 0.093710 0.074980
7 0.345300 0.535910 0.081210 0.070270
2 0.443720 0.528080 0.067150 0.065600
11 0.526530 0.518750 0.067150 0.068710
0 0.707800 0.524970 0.068710 0.070270
6 0.614050 0.526530 0.062490 0.062490
1 0.806230 0.514030 0.110920 0.079650
7 0.151520 0.614050 0.110920 0.085920
6 0.353120 0.620280 0.071870 0.067150
11 0.518750 0.610890 0.071870 0.067150
7 0.634380 0.612500 0.090590 0.087480
4 0.824990 0.610890 0.112470 0.084370
0 0.145300 0.714030 0.078100 0.074980
0 0.273430 0.698420 0.079650 0.076540
3 0.432780 0.706250 0.064040 0.064040
9 0.518750 0.689040 0.056210 0.054660
0 0.624990 0.715590 0.078100 0.074980
3 0.701530 0.682760 0.057770 0.062490
6 0.803110 0.701530 0.084370 0.074980
10 0.146850 0.818720 0.115590 0.110920
0 0.262490 0.793730 0.076540 0.078100
5 0.354680 0.800000 0.068710 0.090590
8 0.432780 0.801560 0.070270 0.081210
5 0.534360 0.792170 0.067150 0.089040
4 0.721860 0.810890 0.090590 0.117190
10 0.810890 0.785900 0.115590 0.109360
