9 0.279650 0.179670 0.068710 0.079650
9 0.376520 0.193730 0.059330 0.074980
9 0.489040 0.167180 0.062490 0.078100
9 0.578120 0.178120 0.062490 0.081210
9 0.378120 0.268710 0.070270 0.071870
9 0.484370 0.265600 0.062490 0.070270
9 0.659370 0.267150 0.065600 0.073430
9 0.746850 0.265600 0.065600 0.078100
9 0.856210 0.264040 0.081210 0.073430
9 0.181230 0.362460 0.076540 0.073430
9 0.287480 0.371850 0.071870 0.071870
9 0.378120 0.356240 0.059330 0.074980
9 0.464040 0.351520 0.060930 0.073430
9 0.649990 0.359350 0.065600 0.074980
9 0.764020 0.362460 0.073430 0.068710
9 0.853100 0.356240 0.074980 0.068710
9 0.287480 0.464040 0.073430 0.062490
9 0.376520 0.457770 0.062490 0.071870
9 0.484370 0.451540 0.067150 0.064040
9 0.562460 0.465600 0.065600 0.065600
9 0.649990 0.470270 0.067150 0.068710
9 0.865600 0.449990 0.073430 0.065600
9 0.189060 0.548410 0.084370 0.068710
9 0.385900 0.540630 0.064040 0.068710
9 0.484370 0.549970 0.065600 0.065600
9 0.659370 0.549970 0.068710 0.065600
9 0.767180 0.546850 0.078100 0.067150
9 0.871870 0.553080 0.081210 0.065600
9 0.179670 0.642160 0.079650 0.071870
9 0.298420 0.646830 0.070270 0.059330
9 0.385900 0.654660 0.071870 0.073430
9 0.478100 0.637490 0.067150 0.068710
9 0.565620 0.640600 0.067150 0.068710
9 0.664040 0.640600 0.073430 0.068710
9 0.748410 0.651540 0.068710 0.071870
9 0.874980 0.646830 0.071870 0.068710
9 0.181230 0.739020 0.079650 0.074980
9 0.381230 0.751520 0.068710 0.073430
9 0.665600 0.743740 0.070270 0.078100
9 0.773400 0.746850 0.078100 0.076540
9 0.274980 0.846880 0.078100 0.089040
9 0.384340 0.842160 0.073430 0.085920
9 0.582790 0.846880 0.074980 0.084370
9 0.879650 0.854660 0.084370 0.079650
