1 0.564020 0.456210 0.067150 0.062490
4 0.268710 0.160910 0.087480 0.089040
4 0.273430 0.239050 0.095310 0.084370
4 0.273430 0.310920 0.090590 0.071870
4 0.279650 0.384340 0.090590 0.065600
6 0.695310 0.170290 0.065600 0.068710
6 0.698420 0.317190 0.065600 0.065600
6 0.703090 0.389060 0.071870 0.056210
6 0.773400 0.515590 0.071870 0.059330
7 0.776520 0.145300 0.087480 0.092150
7 0.779670 0.231220 0.095310 0.081210
7 0.782790 0.303090 0.092150 0.076540
7 0.778120 0.378120 0.087480 0.073430
7 0.774960 0.448430 0.090590 0.057770
10 0.567180 0.656210 0.067150 0.079650
10 0.635930 0.654660 0.074980 0.085920
10 0.704650 0.653100 0.082760 0.082760
10 0.773400 0.657770 0.090590 0.078100
10 0.776520 0.581230 0.099980 0.068710
10 0.704650 0.448430 0.093710 0.060930
10 0.704650 0.512470 0.089040 0.065600
