0 0.682760 0.820280 0.092150 0.117190
0 0.382790 0.831220 0.074980 0.095310
0 0.268710 0.306250 0.089040 0.089040
0 0.171850 0.214050 0.098420 0.099980
0 0.571850 0.207780 0.071870 0.096860
1 0.678100 0.704650 0.106250 0.104650
1 0.462490 0.726530 0.099980 0.112470
1 0.249990 0.410890 0.128080 0.104650
2 0.478100 0.190620 0.076540 0.117190
2 0.567180 0.517190 0.082760 0.076540
2 0.385900 0.507800 0.082760 0.098420
2 0.793730 0.600000 0.117190 0.085920
3 0.371850 0.309360 0.073430 0.082760
3 0.295310 0.710920 0.090590 0.073430
4 0.573400 0.824990 0.089040 0.114030
4 0.482760 0.412500 0.090590 0.103090
4 0.682760 0.621840 0.107800 0.090590
5 0.754680 0.212500 0.107800 0.104650
5 0.784340 0.379670 0.110920 0.089040
5 0.885920 0.823440 0.115590 0.101530
5 0.385900 0.706250 0.078100 0.096860
5 0.489040 0.620280 0.071870 0.095310
5 0.474980 0.531240 0.074980 0.076540
6 0.651540 0.406230 0.087480 0.074980
6 0.656210 0.109360 0.095310 0.110920
6 0.754680 0.296860 0.096860 0.087480
6 0.365580 0.618720 0.089040 0.089040
6 0.176520 0.618720 0.106250 0.089040
6 0.265600 0.506250 0.087480 0.070270
7 0.654660 0.310920 0.096860 0.120300
7 0.573400 0.396840 0.081210 0.095310
7 0.901530 0.728080 0.140580 0.124970
8 0.374960 0.190620 0.095310 0.099980
8 0.773400 0.528080 0.089040 0.090590
8 0.582790 0.714030 0.084370 0.092150
8 0.167180 0.821840 0.124970 0.104650
8 0.170290 0.712470 0.120300 0.101530
8 0.362460 0.409340 0.093710 0.096860
9 0.278100 0.621840 0.068710 0.074980
10 0.667150 0.187460 0.112470 0.123410
10 0.573400 0.310920 0.092150 0.107800
10 0.164020 0.507800 0.146850 0.095310
11 0.287480 0.201560 0.098420 0.104650
11 0.467150 0.299980 0.090590 0.095310
11 0.678100 0.507800 0.082760 0.087480
11 0.568730 0.592170 0.095310 0.078100
