3 0.323410 0.242160 0.059330 0.068710
3 0.457770 0.248430 0.045270 0.062490
3 0.531240 0.256210 0.048430 0.060930
3 0.593730 0.254660 0.049990 0.057770
3 0.657770 0.264040 0.057770 0.054660
3 0.734360 0.268710 0.060930 0.056210
3 0.253100 0.306250 0.051540 0.049990
3 0.385900 0.324970 0.045270 0.049990
3 0.518750 0.329690 0.049990 0.054660
3 0.606230 0.326530 0.053100 0.048430
3 0.664040 0.331240 0.053100 0.056210
3 0.720300 0.332800 0.049990 0.053100
3 0.256210 0.370290 0.051540 0.048430
3 0.318750 0.382790 0.051540 0.049990
3 0.471870 0.389060 0.048430 0.043720
3 0.532800 0.390620 0.049990 0.045270
3 0.593730 0.395280 0.056210 0.049990
3 0.665600 0.398400 0.051540 0.048430
3 0.724970 0.404670 0.056210 0.042160
3 0.324970 0.459330 0.051540 0.049990
3 0.399950 0.467150 0.048430 0.049990
3 0.462490 0.454660 0.046880 0.043720
3 0.535910 0.467150 0.048430 0.042160
3 0.657770 0.471870 0.057770 0.045270
3 0.721860 0.471870 0.056210 0.043720
3 0.318750 0.531240 0.049990 0.043720
3 0.382790 0.528080 0.045270 0.042160
3 0.515590 0.540630 0.042160 0.043720
3 0.592170 0.534360 0.049990 0.040600
3 0.656210 0.531240 0.053100 0.049990
3 0.390620 0.600000 0.049990 0.048430
3 0.524970 0.601560 0.053100 0.045270
3 0.593730 0.600000 0.056210 0.048430
3 0.724970 0.590620 0.059330 0.048430
3 0.314030 0.667150 0.053100 0.049990
3 0.390620 0.671870 0.048430 0.048430
3 0.531240 0.667150 0.049990 0.049990
3 0.593730 0.662490 0.049990 0.046880
3 0.728080 0.657770 0.059330 0.051540
3 0.249990 0.748410 0.059330 0.057770
3 0.460930 0.734360 0.049990 0.054660
3 0.526530 0.739020 0.049990 0.054660
3 0.598400 0.739020 0.049990 0.056210
3 0.728080 0.729690 0.057770 0.056210
