0 0.492150 0.326530 0.028110 0.051540
0 0.356240 0.370290 0.029660 0.049990
0 0.643720 0.471870 0.037490 0.045270
0 0.598400 0.426550 0.034380 0.045270
0 0.292150 0.565620 0.040600 0.039050
0 0.318750 0.378120 0.032780 0.049990
1 0.407780 0.370290 0.035930 0.064040
1 0.454660 0.504650 0.035930 0.057770
1 0.543740 0.456210 0.039050 0.057770
2 0.554680 0.554680 0.034380 0.042160
2 0.651540 0.553080 0.039050 0.046880
2 0.353120 0.415610 0.032780 0.043720
2 0.446880 0.460930 0.034380 0.046880
4 0.292150 0.507800 0.046880 0.054660
4 0.287480 0.600000 0.048430 0.053100
5 0.396840 0.418720 0.032780 0.045270
5 0.645270 0.426550 0.034380 0.042160
5 0.451540 0.659370 0.034380 0.040600
5 0.395280 0.659370 0.035930 0.039050
5 0.337470 0.507800 0.032780 0.043720
4 0.495310 0.607780 0.037490 0.054660
11 0.556240 0.662490 0.040600 0.040600
11 0.449990 0.424990 0.031220 0.039050
11 0.589060 0.379670 0.034380 0.049990
11 0.448430 0.554680 0.034380 0.040600
10 0.446880 0.606230 0.039050 0.048430
10 0.396840 0.454660 0.039050 0.059330
9 0.389060 0.607780 0.029660 0.035930
9 0.399950 0.557790 0.028110 0.037490
9 0.546850 0.514030 0.031220 0.032780
9 0.349970 0.467150 0.029660 0.034380
9 0.456210 0.335910 0.026550 0.039050
9 0.545300 0.339020 0.029660 0.042160
9 0.589060 0.335910 0.029660 0.037490
11 0.626550 0.324970 0.032780 0.046880
8 0.346850 0.609340 0.048430 0.043720
8 0.356240 0.559350 0.042160 0.049990
8 0.585900 0.464040 0.037490 0.049990
8 0.501530 0.376520 0.031220 0.053100
8 0.548410 0.420280 0.032780 0.051540
8 0.399950 0.514030 0.040600 0.043720
10 0.610890 0.653100 0.043720 0.056210
7 0.546850 0.601560 0.037490 0.054660
7 0.543740 0.373400 0.039050 0.060930
7 0.637490 0.376520 0.040600 0.053100
6 0.656210 0.601560 0.035930 0.040600
6 0.606230 0.556240 0.035930 0.043720
6 0.643720 0.501530 0.037490 0.043720
6 0.501530 0.451540 0.028110 0.042160
6 0.314030 0.337470 0.032780 0.048430
6 0.356240 0.329690 0.031220 0.049990
11 0.501530 0.562460 0.029660 0.039050
