5 0.529690 0.543740 0.071870 0.067150
5 0.612500 0.543740 0.064040 0.067150
3 0.392170 0.612500 0.059330 0.062490
3 0.390620 0.540630 0.067150 0.056210
3 0.389060 0.468710 0.062490 0.054660
3 0.387460 0.390620 0.068710 0.067150
3 0.460930 0.390620 0.057770 0.053100
3 0.521860 0.399950 0.056210 0.064040
3 0.596840 0.399950 0.049990 0.056210
2 0.456210 0.706250 0.064040 0.092150
2 0.537470 0.693710 0.064040 0.068710
2 0.376520 0.695310 0.070270 0.074980
0 0.460930 0.620280 0.074980 0.068710
0 0.449990 0.548410 0.059330 0.048430
0 0.449990 0.479650 0.065600 0.054660
0 0.524970 0.471870 0.065600 0.062490
0 0.606230 0.468710 0.056210 0.074980
0 0.603110 0.618720 0.054660 0.062490
0 0.528080 0.617170 0.060930 0.070270
