6 0.301530 0.471870 0.065600 0.035930
6 0.306250 0.540630 0.064040 0.046880
6 0.304650 0.598400 0.062490 0.048430
6 0.317190 0.348410 0.053100 0.049990
4 0.437490 0.326530 0.064040 0.060930
4 0.432780 0.399950 0.056210 0.043720
4 0.424990 0.600000 0.062490 0.053100
4 0.690590 0.406230 0.079650 0.057770
7 0.424990 0.739020 0.070270 0.062490
7 0.695310 0.671870 0.070270 0.079650
7 0.699980 0.467150 0.067150 0.054660
7 0.698420 0.337470 0.071870 0.065600
7 0.698420 0.603110 0.068710 0.059330
1 0.437490 0.470270 0.065600 0.053100
10 0.434380 0.265600 0.070270 0.068710
10 0.696860 0.260930 0.056210 0.073430
10 0.231220 0.735910 0.093710 0.074980
10 0.693710 0.535910 0.059330 0.057770
10 0.701530 0.751520 0.067150 0.084370
10 0.429660 0.532800 0.062490 0.051540
10 0.428110 0.671870 0.071870 0.054660
9 0.245270 0.281210 0.053100 0.046880
9 0.309360 0.285920 0.046880 0.049990
9 0.371850 0.281210 0.049990 0.053100
9 0.374960 0.349970 0.043720 0.045270
9 0.376520 0.415610 0.043720 0.046880
9 0.309360 0.410890 0.051540 0.043720
9 0.384340 0.484370 0.039050 0.045270
9 0.373400 0.537470 0.049990 0.043720
9 0.362460 0.603110 0.049990 0.054660
9 0.365580 0.662490 0.048430 0.049990
9 0.303090 0.662490 0.049990 0.048430
