8 0.378120 0.324970 0.051540 0.078100
8 0.471870 0.649990 0.040600 0.054660
9 0.468710 0.293710 0.034380 0.049990
9 0.457770 0.406230 0.035930 0.049990
9 0.403110 0.456210 0.037490 0.048430
9 0.489040 0.468710 0.034380 0.053100
9 0.443720 0.523410 0.035930 0.048430
9 0.473430 0.581230 0.037490 0.049990
9 0.379670 0.573400 0.035930 0.043720
9 0.353120 0.706250 0.037490 0.048430
11 0.553080 0.357790 0.039050 0.064040
11 0.309360 0.690590 0.043720 0.049990
7 0.340630 0.499980 0.049990 0.073430
6 0.499980 0.410890 0.039050 0.065600
6 0.479650 0.518750 0.039050 0.057770
3 0.643720 0.318750 0.037490 0.054660
3 0.637490 0.381230 0.034380 0.049990
3 0.631220 0.429660 0.037490 0.049990
3 0.615610 0.489040 0.037490 0.048430
3 0.603110 0.671870 0.037490 0.048430
3 0.596840 0.721860 0.037490 0.048430
3 0.559350 0.596840 0.037490 0.048430
3 0.534360 0.473430 0.034380 0.049990
1 0.462490 0.329690 0.040600 0.073430
2 0.506250 0.656210 0.040600 0.059330
2 0.549970 0.415610 0.040600 0.078100
4 0.528080 0.528080 0.045270 0.067150
5 0.556240 0.292150 0.040600 0.068710
5 0.612500 0.601560 0.045270 0.054660
0 0.615610 0.548410 0.040600 0.056210
0 0.568730 0.534360 0.042160 0.059330
10 0.512470 0.584340 0.043720 0.073430
