3 0.332800 0.382790 0.059330 0.056210
3 0.471870 0.390620 0.056210 0.057770
3 0.331240 0.540630 0.060930 0.049990
3 0.479650 0.543740 0.049990 0.049990
3 0.559350 0.617170 0.060930 0.057770
3 0.703090 0.387460 0.067150 0.056210
3 0.699980 0.542180 0.073430 0.053100
1 0.243720 0.221840 0.093710 0.101530
1 0.795280 0.224990 0.103090 0.109360
1 0.800000 0.784340 0.109360 0.085920
1 0.224990 0.796840 0.104650 0.107800
0 0.320300 0.612500 0.071870 0.060930
0 0.707800 0.612500 0.078100 0.064040
5 0.706250 0.464040 0.087480 0.065600
5 0.314030 0.473430 0.081210 0.059330
4 0.548410 0.465600 0.071870 0.076540
2 0.321860 0.304650 0.074980 0.065600
2 0.312470 0.695310 0.087480 0.062490
2 0.715590 0.693710 0.090590 0.062490
2 0.710920 0.315590 0.089040 0.071870
