0 0.343740 0.354680 0.067150 0.068710
0 0.256210 0.278100 0.074980 0.079650
0 0.349970 0.200000 0.068710 0.106250
0 0.268710 0.437490 0.070270 0.078100
0 0.343740 0.520300 0.071870 0.064040
0 0.268710 0.604670 0.098420 0.076540
0 0.353120 0.676540 0.073430 0.073430
2 0.503090 0.446880 0.073430 0.076540
2 0.653100 0.298420 0.071870 0.073430
2 0.798400 0.226550 0.099980 0.084370
3 0.496860 0.665600 0.076540 0.074980
3 0.643720 0.670270 0.074980 0.068710
3 0.781230 0.678100 0.087480 0.064040
3 0.726530 0.749970 0.070270 0.076540
3 0.573400 0.759350 0.067150 0.071870
3 0.426550 0.756240 0.059330 0.081210
3 0.342180 0.767180 0.081210 0.078100
5 0.724970 0.448430 0.079650 0.078100
5 0.804670 0.524970 0.090590 0.060930
