9 0.304650 0.267150 0.064040 0.081210
10 0.040600 0.284370 0.081210 0.143740
9 0.228110 0.289040 0.073430 0.085920
9 0.178120 0.312470 0.073430 0.087480
9 0.103090 0.337470 0.082760 0.090590
3 0.684370 0.351520 0.062490 0.068710
9 0.034380 0.368730 0.067150 0.098420
3 0.628110 0.373400 0.046880 0.059330
5 0.774960 0.381230 0.067150 0.114030
2 0.728080 0.412500 0.103090 0.114030
3 0.564020 0.414050 0.049990 0.062490
0 0.659370 0.445270 0.076540 0.139020
3 0.482760 0.460930 0.062490 0.090590
4 0.596840 0.476540 0.104650 0.167180
3 0.418720 0.504650 0.098420 0.099980
1 0.514030 0.515590 0.118750 0.192170
3 0.335910 0.557790 0.098420 0.104650
0 0.428110 0.592170 0.118750 0.149970
3 0.237490 0.610890 0.103090 0.117190
2 0.321860 0.659370 0.129690 0.145300
3 0.123410 0.678100 0.112470 0.121860
5 0.221840 0.737470 0.145300 0.153120
11 0.310920 0.217170 0.071870 0.093710
8 0.245270 0.231220 0.087480 0.104650
9 0.365580 0.243720 0.062490 0.081210
6 0.184340 0.245270 0.068710 0.109360
7 0.110920 0.246880 0.095310 0.165580
