7 0.570290 0.678100 0.082760 0.131240
1 0.521860 0.240600 0.054660 0.118750
4 0.453100 0.246880 0.053100 0.107800
2 0.614050 0.343740 0.056210 0.085920
2 0.385900 0.340630 0.049990 0.079650
5 0.257770 0.260930 0.053100 0.071870
5 0.712470 0.254660 0.046880 0.068710
0 0.395280 0.249990 0.048430 0.089040
0 0.324970 0.332800 0.054660 0.087480
3 0.745300 0.296860 0.040600 0.064040
3 0.682760 0.299980 0.039050 0.059330
3 0.606230 0.296860 0.042160 0.062490
3 0.451540 0.346850 0.040600 0.065600
3 0.532800 0.396840 0.035930 0.064040
3 0.248430 0.306250 0.043720 0.062490
3 0.385900 0.301530 0.040600 0.056210
3 0.318750 0.299980 0.049990 0.059330
9 0.753120 0.590620 0.062490 0.084370
9 0.653100 0.587460 0.060930 0.078100
9 0.846880 0.581230 0.065600 0.093710
9 0.365580 0.520300 0.068710 0.071870
9 0.282760 0.465600 0.060930 0.068710
9 0.214050 0.403110 0.059330 0.067150
9 0.562460 0.596840 0.059330 0.070270
9 0.454660 0.603110 0.062490 0.068710
6 0.256210 0.604670 0.085920 0.103090
6 0.678100 0.699980 0.081210 0.101530
8 0.796840 0.684370 0.098420 0.103090
10 0.459330 0.687480 0.085920 0.124970
8 0.246880 0.720300 0.104650 0.095310
11 0.103090 0.706250 0.104650 0.107800
11 0.892150 0.668710 0.096860 0.109360
