10 0.118750 0.165580 0.131240 0.106250
2 0.248430 0.165580 0.090590 0.095310
2 0.449990 0.153120 0.076540 0.101530
5 0.629660 0.151520 0.076540 0.106250
8 0.749970 0.159350 0.081210 0.095310
7 0.853100 0.146850 0.112470 0.129690
6 0.123410 0.260930 0.096860 0.074980
3 0.243720 0.276540 0.081210 0.067150
7 0.426550 0.257770 0.085920 0.099980
9 0.534360 0.268710 0.073430 0.071870
0 0.629660 0.273430 0.065600 0.081210
0 0.757790 0.256210 0.081210 0.074980
0 0.124970 0.374960 0.101530 0.076540
6 0.237490 0.370290 0.095310 0.070270
11 0.328080 0.357790 0.073430 0.076540
5 0.531240 0.357790 0.073430 0.070270
8 0.634380 0.370290 0.081210 0.079650
6 0.746850 0.359350 0.085920 0.070270
11 0.846880 0.335910 0.090590 0.070270
8 0.145300 0.478100 0.099980 0.076540
8 0.451540 0.439050 0.081210 0.089040
1 0.539020 0.451540 0.074980 0.081210
6 0.646830 0.456210 0.076540 0.073430
7 0.848430 0.456210 0.121860 0.087480
4 0.118750 0.564020 0.110920 0.078100
1 0.228110 0.557790 0.110920 0.085920
10 0.342180 0.546850 0.090590 0.078100
4 0.426550 0.553080 0.071870 0.087480
5 0.531240 0.568730 0.068710 0.079650
8 0.637490 0.549970 0.074980 0.081210
8 0.760910 0.553080 0.081210 0.087480
10 0.846880 0.560910 0.109360 0.087480
1 0.131240 0.664040 0.134360 0.103090
11 0.246880 0.657770 0.087480 0.079650
3 0.323410 0.648430 0.062490 0.065600
0 0.440600 0.657770 0.067150 0.085920
6 0.540630 0.659370 0.078100 0.071870
4 0.646830 0.651540 0.092150 0.099980
2 0.735910 0.656210 0.084370 0.082760
9 0.828110 0.634380 0.074980 0.062490
5 0.248430 0.757790 0.084370 0.085920
5 0.348410 0.746850 0.081210 0.090590
5 0.143740 0.839050 0.107800 0.090590
0 0.374960 0.854660 0.074980 0.096860
2 0.539020 0.746850 0.074980 0.087480
9 0.632780 0.729690 0.060930 0.074980
6 0.553080 0.845270 0.073430 0.090590
11 0.735910 0.748410 0.081210 0.090590
3 0.839050 0.729690 0.085920 0.078100
