5 0.148410 0.154680 0.090590 0.104650
9 0.270270 0.167180 0.071870 0.082760
3 0.368730 0.176520 0.070270 0.085920
9 0.456210 0.164020 0.070270 0.074980
1 0.559350 0.160910 0.082760 0.121860
0 0.660930 0.168730 0.071870 0.089040
4 0.774960 0.160910 0.112470 0.132800
1 0.878100 0.168730 0.106250 0.115590
9 0.159350 0.260930 0.076540 0.065600
9 0.456210 0.278100 0.059330 0.065600
9 0.767180 0.281210 0.078100 0.071870
9 0.153120 0.448430 0.082760 0.062490
9 0.368730 0.592170 0.059330 0.056210
9 0.854660 0.581230 0.081210 0.070270
3 0.357790 0.274980 0.065600 0.060930
3 0.640600 0.287480 0.057770 0.067150
3 0.560910 0.360910 0.062490 0.062490
3 0.648430 0.389060 0.070270 0.060930
3 0.742180 0.393730 0.065600 0.067150
3 0.540630 0.474980 0.060930 0.065600
3 0.245270 0.568730 0.065600 0.059330
3 0.542180 0.564020 0.062490 0.059330
3 0.751520 0.570290 0.074980 0.064040
3 0.435930 0.657770 0.057770 0.056210
10 0.251540 0.254660 0.103090 0.110920
10 0.551520 0.271870 0.099980 0.099980
10 0.106250 0.671870 0.132800 0.090590
7 0.887480 0.284370 0.121860 0.106250
7 0.771850 0.482760 0.115590 0.079650
11 0.140580 0.360910 0.106250 0.081210
11 0.260930 0.359350 0.090590 0.085920
11 0.659370 0.567180 0.082760 0.074980
11 0.637490 0.673430 0.084370 0.084370
6 0.354680 0.374960 0.073430 0.078100
6 0.362460 0.679650 0.071870 0.073430
6 0.234380 0.762460 0.081210 0.071870
6 0.335910 0.751520 0.067150 0.067150
6 0.456210 0.781230 0.078100 0.085920
8 0.851540 0.384340 0.099980 0.076540
8 0.248430 0.487480 0.099980 0.073430
8 0.351520 0.474980 0.084370 0.085920
8 0.451540 0.473430 0.071870 0.070270
8 0.542180 0.773400 0.078100 0.089040
2 0.465600 0.374960 0.078100 0.081210
5 0.657770 0.481210 0.078100 0.065600
5 0.874980 0.485920 0.096860 0.073430
0 0.134360 0.553080 0.095310 0.070270
5 0.259370 0.656210 0.087480 0.070270
0 0.548410 0.671870 0.073430 0.076540
1 0.764020 0.671870 0.112470 0.096860
2 0.868710 0.678100 0.095310 0.076540
3 0.134360 0.771850 0.078100 0.068710
0 0.643720 0.774960 0.078100 0.079650
5 0.751520 0.773400 0.096860 0.087480
2 0.860930 0.776520 0.107800 0.084370
7 0.142180 0.881210 0.114030 0.121860
5 0.243720 0.873430 0.082760 0.101530
0 0.331240 0.859370 0.067150 0.107800
6 0.446880 0.893710 0.076540 0.099980
3 0.564020 0.871870 0.060930 0.078100
4 0.640600 0.885920 0.095310 0.128080
2 0.735910 0.882760 0.082760 0.101530
4 0.859370 0.896860 0.126530 0.126530
8 0.451540 0.576520 0.078100 0.067150
