1 0.667150 0.371850 0.082760 0.074980
1 0.443720 0.751520 0.068710 0.095310
1 0.440600 0.448430 0.064040 0.062490
1 0.749970 0.279650 0.089040 0.085920
4 0.517190 0.517190 0.065600 0.067150
0 0.282760 0.740580 0.067150 0.070270
0 0.595280 0.595280 0.059330 0.064040
2 0.365580 0.367180 0.064040 0.065600
2 0.592170 0.440600 0.065600 0.057770
2 0.653100 0.745300 0.060930 0.079650
2 0.295310 0.664040 0.067150 0.079650
5 0.290590 0.429660 0.073430 0.057770
5 0.817170 0.518750 0.081210 0.059330
3 0.296860 0.296860 0.060930 0.056210
3 0.443720 0.299980 0.051540 0.054660
3 0.589060 0.307800 0.057770 0.049990
3 0.367180 0.514030 0.056210 0.051540
3 0.593730 0.518750 0.049990 0.048430
3 0.517190 0.678100 0.049990 0.057770
3 0.746850 0.595280 0.065600 0.049990
