9 0.723410 0.579670 0.065600 0.068710
9 0.707800 0.504650 0.060930 0.070270
9 0.631220 0.378120 0.057770 0.064040
9 0.546850 0.507800 0.053100 0.062490
9 0.243720 0.507800 0.059330 0.068710
9 0.160910 0.445270 0.062490 0.067150
9 0.187460 0.368730 0.064040 0.062490
9 0.315590 0.371850 0.067150 0.064040
3 0.239050 0.357790 0.056210 0.068710
3 0.474980 0.378120 0.051540 0.068710
3 0.695310 0.360910 0.060930 0.067150
3 0.709360 0.426550 0.067150 0.067150
3 0.481210 0.432780 0.054660 0.067150
3 0.396840 0.439050 0.054660 0.071870
3 0.323410 0.515590 0.059330 0.073430
3 0.543740 0.367180 0.054660 0.074980
0 0.318750 0.592170 0.076540 0.071870
5 0.396840 0.364020 0.064040 0.095310
5 0.134360 0.585900 0.093710 0.090590
5 0.574960 0.574960 0.070270 0.079650
5 0.637490 0.493710 0.074980 0.084370
11 0.228110 0.582790 0.078100 0.089040
11 0.653100 0.581230 0.068710 0.079650
8 0.396840 0.573400 0.068710 0.078100
8 0.484370 0.579670 0.067150 0.084370
6 0.473430 0.496860 0.054660 0.078100
6 0.143740 0.504650 0.085920 0.076540
7 0.393730 0.489040 0.071870 0.098420
0 0.239050 0.429660 0.073430 0.089040
1 0.314030 0.426550 0.081210 0.112470
4 0.543740 0.418720 0.067150 0.099980
10 0.629660 0.410890 0.076540 0.103090
