5 0.507800 0.628110 0.032780 0.037490
1 0.551520 0.634380 0.035930 0.049990
5 0.507800 0.581230 0.031220 0.040600
1 0.699980 0.639050 0.042160 0.049990
5 0.737470 0.548410 0.040600 0.045270
4 0.515590 0.462490 0.034380 0.054660
0 0.745300 0.643720 0.039050 0.045270
4 0.596840 0.635930 0.035930 0.049990
0 0.640600 0.543740 0.032780 0.040600
2 0.432780 0.501530 0.029660 0.043720
1 0.553080 0.635930 0.032780 0.049990
2 0.456210 0.634380 0.032780 0.043720
1 0.699980 0.635930 0.040600 0.056210
2 0.595280 0.587460 0.032780 0.043720
4 0.515590 0.462490 0.039050 0.056210
2 0.678100 0.503090 0.031220 0.046880
4 0.596840 0.635930 0.034380 0.049990
5 0.507800 0.581230 0.029660 0.042160
2 0.429660 0.503090 0.035930 0.045270
5 0.509360 0.628110 0.029660 0.039050
2 0.457770 0.634380 0.035930 0.040600
5 0.735910 0.546850 0.035930 0.042160
2 0.681210 0.501530 0.031220 0.048430
0 0.639050 0.543740 0.028110 0.040600
2 0.600000 0.587460 0.035930 0.049990
0 0.745300 0.643720 0.035930 0.039050
3 0.510920 0.503090 0.031220 0.037490
3 0.459330 0.551520 0.024990 0.031220
3 0.460930 0.551520 0.026550 0.035930
3 0.512470 0.504650 0.023440 0.032780
3 0.556240 0.543740 0.028110 0.035930
3 0.553080 0.543740 0.024990 0.031220
3 0.590620 0.507800 0.028110 0.034380
3 0.601560 0.360910 0.023440 0.034380
3 0.640600 0.509360 0.026550 0.034380
3 0.603110 0.431220 0.021840 0.032780
3 0.639050 0.439050 0.028110 0.035930
3 0.590620 0.507800 0.023440 0.032780
3 0.604670 0.429660 0.028110 0.042160
3 0.640600 0.509360 0.024990 0.032780
3 0.601560 0.360910 0.026550 0.034380
5 0.507800 0.628110 0.032780 0.037490
3 0.637490 0.437490 0.023440 0.031220
