2 0.356240 0.112470 0.074980 0.104650
2 0.556240 0.096860 0.079650 0.120300
2 0.762460 0.095310 0.095310 0.109360
2 0.884370 0.201560 0.098420 0.106250
2 0.757790 0.207780 0.079650 0.107800
2 0.367180 0.207780 0.074980 0.117190
2 0.170290 0.317190 0.090590 0.085920
2 0.264040 0.418720 0.076540 0.081210
2 0.370290 0.421840 0.076540 0.087480
2 0.560910 0.315590 0.073430 0.089040
2 0.760910 0.409340 0.089040 0.085920
2 0.482760 0.506250 0.074980 0.070270
2 0.368730 0.623440 0.078100 0.085920
8 0.465600 0.229660 0.068710 0.090590
8 0.267150 0.321860 0.071870 0.074980
8 0.165580 0.426550 0.095310 0.079650
8 0.568730 0.420280 0.064040 0.079650
8 0.665600 0.518750 0.073430 0.073430
8 0.762460 0.320300 0.084370 0.087480
8 0.865600 0.518750 0.101530 0.085920
8 0.768730 0.709360 0.095310 0.093710
8 0.881210 0.834330 0.103090 0.121860
8 0.779670 0.829660 0.085920 0.112470
8 0.670270 0.834330 0.064040 0.118750
8 0.568730 0.835930 0.073430 0.096860
8 0.568730 0.724970 0.073430 0.096860
8 0.264040 0.731240 0.079650 0.114030
8 0.156240 0.854660 0.101530 0.117190
