5 0.795280 0.724970 0.087480 0.081210
5 0.787460 0.807780 0.101530 0.074980
3 0.570290 0.257770 0.062490 0.087480
3 0.565620 0.346850 0.065600 0.067150
3 0.565620 0.418720 0.073430 0.062490
3 0.568730 0.496860 0.067150 0.060930
3 0.565620 0.579670 0.060930 0.064040
3 0.576520 0.653100 0.071870 0.060930
3 0.549970 0.745300 0.057770 0.074980
2 0.792170 0.274980 0.103090 0.087480
2 0.787460 0.357790 0.095310 0.071870
2 0.787460 0.434380 0.114030 0.079650
0 0.243720 0.339020 0.073430 0.068710
0 0.240600 0.424990 0.089040 0.070270
0 0.240600 0.503090 0.081210 0.070270
0 0.239050 0.584340 0.090590 0.081210
0 0.237490 0.673430 0.103090 0.087480
0 0.237490 0.754680 0.084370 0.081210
0 0.240600 0.839050 0.079650 0.089040
