1 0.437490 0.381230 0.054660 0.101530
5 0.299980 0.323410 0.054660 0.071870
3 0.301530 0.389060 0.042160 0.053100
3 0.381230 0.331240 0.032780 0.051540
3 0.443720 0.324970 0.029660 0.048430
3 0.499980 0.323410 0.032780 0.053100
3 0.587460 0.321860 0.021840 0.023440
3 0.645270 0.334360 0.037490 0.054660
3 0.710920 0.335910 0.037490 0.053100
3 0.445270 0.462490 0.039050 0.054660
8 0.218720 0.448430 0.068710 0.070270
6 0.290590 0.454660 0.054660 0.068710
6 0.367180 0.462490 0.049990 0.067150
10 0.371850 0.379670 0.060930 0.092150
7 0.573400 0.378120 0.057770 0.093710
4 0.509360 0.384340 0.051540 0.092150
5 0.656210 0.390620 0.053100 0.065600
5 0.721860 0.389060 0.059330 0.068710
5 0.667150 0.457770 0.054660 0.067150
0 0.507800 0.464040 0.043720 0.062490
0 0.570290 0.459330 0.046880 0.065600
