0 0.412500 0.606230 0.034380 0.037490
0 0.417170 0.660930 0.034380 0.040600
6 0.526530 0.618720 0.035930 0.037490
6 0.368730 0.776520 0.034380 0.048430
11 0.364020 0.832780 0.035930 0.054660
5 0.299980 0.782790 0.040600 0.051540
5 0.354680 0.723410 0.037490 0.046880
5 0.412500 0.717190 0.037490 0.048430
8 0.470270 0.671870 0.039050 0.049990
11 0.598400 0.714030 0.042160 0.048430
5 0.589060 0.660930 0.040600 0.042160
4 0.581230 0.774960 0.046880 0.065600
1 0.532800 0.728080 0.043720 0.060930
10 0.529690 0.834330 0.043720 0.070270
8 0.578120 0.831220 0.039050 0.057770
7 0.645270 0.829660 0.056210 0.074980
