5 0.474980 0.060930 0.098420 0.121860
5 0.367180 0.579670 0.082760 0.084370
3 0.242160 0.143740 0.078100 0.087480
3 0.387460 0.274980 0.070270 0.087480
3 0.581230 0.171850 0.085920 0.090590
3 0.593730 0.260930 0.074980 0.092150
3 0.604670 0.476540 0.092150 0.068710
3 0.478100 0.574960 0.073430 0.064040
3 0.271870 0.384340 0.090590 0.084370
3 0.140580 0.257770 0.084370 0.087480
3 0.148410 0.490590 0.099980 0.084370
3 0.364020 0.701530 0.085920 0.081210
3 0.256210 0.696860 0.087480 0.070270
3 0.153120 0.826550 0.099980 0.070270
3 0.265600 0.831220 0.093710 0.081210
3 0.368730 0.834330 0.082760 0.098420
3 0.482760 0.815610 0.092150 0.089040
3 0.589060 0.814050 0.096860 0.085920
3 0.701530 0.696860 0.089040 0.079650
3 0.803110 0.689040 0.096860 0.089040
3 0.896860 0.682760 0.101530 0.082760
3 0.803110 0.804670 0.098420 0.089040
3 0.934360 0.798400 0.110920 0.096860
3 0.896860 0.584340 0.101530 0.068710
3 0.884370 0.068710 0.096860 0.104650
9 0.139020 0.048430 0.107800 0.095310
9 0.879650 0.179670 0.101530 0.093710
9 0.812500 0.279650 0.093710 0.081210
9 0.482760 0.251540 0.079650 0.089040
9 0.701530 0.818720 0.092150 0.096860
8 0.251540 0.249990 0.107800 0.103090
8 0.685920 0.582790 0.104650 0.099980
8 0.895310 0.370290 0.120300 0.099980
11 0.370290 0.365580 0.096860 0.101530
2 0.490590 0.698420 0.101530 0.096860
2 0.685920 0.157790 0.093710 0.117190
2 0.695310 0.364020 0.099980 0.096860
2 0.899980 0.471870 0.131240 0.084370
4 0.126530 0.595280 0.145300 0.095310
