3 0.242160 0.724970 0.071870 0.073430
3 0.317190 0.818720 0.087480 0.082760
3 0.406230 0.726530 0.060930 0.071870
3 0.560910 0.807780 0.067150 0.078100
3 0.621840 0.721860 0.068710 0.078100
3 0.771850 0.724970 0.084370 0.082760
3 0.699980 0.804670 0.070270 0.071870
0 0.256210 0.270270 0.084370 0.081210
0 0.487480 0.285920 0.059330 0.092150
0 0.406230 0.367180 0.060930 0.073430
0 0.560910 0.362460 0.065600 0.068710
0 0.634380 0.437490 0.068710 0.064040
0 0.703090 0.362460 0.081210 0.065600
0 0.790620 0.290590 0.087480 0.081210
2 0.257770 0.499980 0.090590 0.079650
2 0.485920 0.509360 0.084370 0.073430
5 0.784340 0.512470 0.101530 0.087480
5 0.403110 0.593730 0.079650 0.067150
5 0.628110 0.590620 0.079650 0.067150
