5 0.524970 0.793730 0.056210 0.087480
5 0.598400 0.723410 0.053100 0.068710
3 0.370290 0.781230 0.074980 0.068710
3 0.299980 0.721860 0.057770 0.062490
3 0.384340 0.639050 0.056210 0.062490
3 0.287480 0.573400 0.054660 0.057770
3 0.385900 0.504650 0.071870 0.060930
3 0.299980 0.440600 0.074980 0.054660
3 0.292150 0.348410 0.071870 0.049990
2 0.596840 0.501530 0.078100 0.065600
2 0.735910 0.643720 0.084370 0.067150
2 0.810890 0.787460 0.082760 0.076540
0 0.374960 0.356240 0.071870 0.057770
0 0.440600 0.278100 0.067150 0.065600
0 0.523410 0.353120 0.070270 0.067150
0 0.595280 0.268710 0.056210 0.065600
0 0.679650 0.342180 0.067150 0.051540
0 0.751520 0.259370 0.079650 0.071870
0 0.831220 0.349970 0.087480 0.060930
