4 0.778120 0.517190 0.068710 0.087480
1 0.718750 0.418720 0.056210 0.092150
2 0.664040 0.354680 0.042160 0.064040
5 0.414050 0.414050 0.045270 0.060930
5 0.345300 0.604670 0.056210 0.062490
0 0.685920 0.739020 0.048430 0.056210
3 0.640600 0.237490 0.029660 0.051540
3 0.459330 0.249990 0.028110 0.048430
3 0.376520 0.259370 0.031220 0.049990
3 0.449990 0.345300 0.029660 0.045270
3 0.581230 0.395280 0.032780 0.049990
3 0.617170 0.468710 0.034380 0.048430
3 0.381230 0.467150 0.035930 0.046880
3 0.573400 0.703090 0.039050 0.045270
7 0.337470 0.506250 0.065600 0.085920
10 0.224990 0.545300 0.079650 0.079650
6 0.479650 0.567180 0.043720 0.064040
6 0.520300 0.368730 0.035930 0.065600
9 0.568730 0.276540 0.031220 0.049990
9 0.778120 0.271870 0.032780 0.053100
9 0.831220 0.343740 0.037490 0.051540
9 0.554680 0.445270 0.034380 0.051540
9 0.489040 0.428110 0.034380 0.048430
9 0.295310 0.367180 0.039050 0.048430
9 0.539020 0.328080 0.028110 0.048430
9 0.562460 0.615610 0.037490 0.046880
11 0.798400 0.462490 0.053100 0.062490
11 0.326530 0.437490 0.045270 0.056210
