9 0.446880 0.420280 0.028110 0.032780
9 0.571850 0.499980 0.023440 0.026550
3 0.495310 0.464040 0.023440 0.024990
3 0.540630 0.340630 0.021840 0.032780
4 0.395280 0.548410 0.037490 0.034380
5 0.446880 0.506250 0.029660 0.029660
3 0.476540 0.590620 0.023440 0.023440
7 0.524970 0.546850 0.032780 0.034380
6 0.614050 0.592170 0.029660 0.028110
5 0.568730 0.646830 0.029660 0.028110
2 0.610890 0.470270 0.031220 0.031220
2 0.578120 0.417170 0.031220 0.035930
1 0.590620 0.376520 0.035930 0.046880
4 0.490590 0.412500 0.035930 0.046880
1 0.456210 0.329690 0.032780 0.051540
2 0.329690 0.373400 0.039050 0.035930
5 0.342180 0.634380 0.037490 0.029660
3 0.428110 0.643720 0.023440 0.023440
