10 0.259370 0.284370 0.089040 0.074980
10 0.262490 0.365580 0.085920 0.064040
10 0.187460 0.435930 0.087480 0.049990
10 0.479650 0.570290 0.056210 0.056210
10 0.623440 0.570290 0.065600 0.056210
10 0.487480 0.282760 0.056210 0.074980
10 0.621840 0.354680 0.062490 0.068710
9 0.349970 0.496860 0.049990 0.043720
9 0.268710 0.564020 0.046880 0.043720
9 0.417170 0.637490 0.045270 0.040600
9 0.271870 0.634380 0.054660 0.043720
9 0.290590 0.770290 0.043720 0.051540
9 0.693710 0.695310 0.046880 0.049990
9 0.484370 0.495310 0.040600 0.043720
9 0.562460 0.509360 0.039050 0.040600
9 0.612500 0.440600 0.049990 0.040600
9 0.545300 0.428110 0.043720 0.039050
9 0.414050 0.365580 0.045270 0.043720
7 0.696860 0.499980 0.070270 0.057770
7 0.698420 0.781230 0.074980 0.085920
7 0.331240 0.434380 0.076540 0.056210
7 0.335910 0.290590 0.071870 0.076540
7 0.621840 0.281210 0.065600 0.078100
6 0.334360 0.367180 0.062490 0.046880
6 0.203110 0.568730 0.064040 0.043720
6 0.195280 0.360910 0.067150 0.048430
6 0.271870 0.432780 0.059330 0.043720
4 0.478100 0.710920 0.051540 0.076540
4 0.556240 0.646830 0.062490 0.057770
4 0.623440 0.714030 0.059330 0.073430
4 0.549970 0.717190 0.054660 0.067150
1 0.553080 0.792170 0.060930 0.074980
