5 0.143740 0.173400 0.092150 0.085920
5 0.324970 0.171850 0.079650 0.090590
6 0.420280 0.160910 0.068710 0.101530
1 0.518750 0.168730 0.078100 0.110920
4 0.620280 0.148410 0.078100 0.120300
6 0.718750 0.170290 0.073430 0.090590
8 0.218720 0.262490 0.106250 0.071870
1 0.342180 0.265600 0.090590 0.093710
3 0.454660 0.287480 0.065600 0.057770
11 0.614050 0.276540 0.076540 0.082760
3 0.698420 0.278100 0.059330 0.065600
4 0.837490 0.264040 0.115590 0.110920
10 0.131240 0.378120 0.126530 0.087480
2 0.340630 0.395280 0.089040 0.068710
7 0.429660 0.364020 0.084370 0.082760
6 0.535910 0.376520 0.065600 0.067150
0 0.735910 0.365580 0.078100 0.070270
5 0.140580 0.478100 0.103090 0.065600
9 0.264040 0.478100 0.056210 0.057770
7 0.329690 0.459330 0.095310 0.068710
6 0.443720 0.481210 0.070270 0.057770
11 0.523410 0.464040 0.065600 0.068710
4 0.623440 0.468710 0.076540 0.074980
9 0.706250 0.473430 0.067150 0.060930
5 0.815610 0.456210 0.092150 0.065600
6 0.142180 0.564020 0.098420 0.071870
2 0.246880 0.560910 0.078100 0.074980
1 0.342180 0.557790 0.092150 0.073430
11 0.446880 0.584340 0.071870 0.074980
2 0.531240 0.556240 0.074980 0.073430
0 0.632780 0.570290 0.079650 0.071870
3 0.723410 0.567180 0.065600 0.064040
8 0.134360 0.679650 0.095310 0.071870
9 0.264040 0.649990 0.071870 0.064040
8 0.431220 0.671870 0.082760 0.071870
6 0.626550 0.648430 0.078100 0.071870
7 0.726530 0.656210 0.101530 0.093710
8 0.154680 0.760910 0.087480 0.078100
11 0.243720 0.756240 0.073430 0.087480
10 0.328080 0.776520 0.082760 0.098420
2 0.453100 0.757790 0.082760 0.084370
8 0.531240 0.751520 0.067150 0.084370
0 0.714030 0.732800 0.071870 0.071870
0 0.815610 0.745300 0.092150 0.082760
5 0.243720 0.864040 0.096860 0.089040
8 0.428110 0.854660 0.073430 0.082760
5 0.614050 0.835930 0.074980 0.089040
0 0.726530 0.862490 0.081210 0.090590
10 0.839050 0.864040 0.114030 0.117190
