9 0.285920 0.724970 0.062490 0.065600
9 0.303090 0.621840 0.056210 0.067150
9 0.317190 0.534360 0.053100 0.068710
9 0.479650 0.459330 0.046880 0.068710
9 0.410890 0.392170 0.045270 0.071870
9 0.334360 0.326530 0.049990 0.071870
9 0.343740 0.262490 0.043720 0.070270
9 0.353120 0.207780 0.043720 0.071870
11 0.281210 0.195280 0.060930 0.092150
8 0.265600 0.264040 0.070270 0.087480
6 0.262490 0.309360 0.067150 0.098420
11 0.196840 0.718750 0.087480 0.089040
8 0.203110 0.628110 0.090590 0.079650
6 0.228110 0.534360 0.076540 0.092150
7 0.237490 0.443720 0.089040 0.121860
10 0.249990 0.378120 0.078100 0.109360
3 0.760910 0.732800 0.064040 0.068710
3 0.568730 0.393730 0.045270 0.070270
3 0.749970 0.640600 0.059330 0.068710
3 0.740580 0.546850 0.054660 0.070270
3 0.734360 0.464040 0.051540 0.070270
3 0.715590 0.332800 0.048430 0.074980
3 0.699980 0.265600 0.045270 0.073430
3 0.703090 0.207780 0.043720 0.073430
2 0.656210 0.543740 0.074980 0.084370
5 0.862490 0.724970 0.093710 0.092150
0 0.832780 0.535910 0.079650 0.096860
1 0.820280 0.449990 0.093710 0.128080
4 0.809340 0.384340 0.085920 0.109360
0 0.796840 0.320300 0.070270 0.101530
2 0.784340 0.264040 0.074980 0.092150
5 0.774960 0.203110 0.064040 0.093710
