7 0.684370 0.579670 0.068710 0.057770
11 0.673430 0.492150 0.053100 0.048430
10 0.459330 0.424990 0.048430 0.064040
6 0.531240 0.653100 0.040600 0.040600
8 0.531240 0.589060 0.043720 0.043720
8 0.687480 0.221840 0.056210 0.060930
11 0.856210 0.740580 0.067150 0.048430
9 0.682760 0.296860 0.039050 0.045270
9 0.601560 0.357790 0.034380 0.045270
9 0.679650 0.368730 0.037490 0.042160
9 0.843720 0.509360 0.051540 0.040600
9 0.465600 0.504650 0.034380 0.039050
2 0.756240 0.676540 0.057770 0.049990
2 0.462490 0.235930 0.042160 0.062490
0 0.603110 0.221840 0.037490 0.062490
1 0.451540 0.656210 0.048430 0.048430
4 0.453100 0.343740 0.046880 0.074980
5 0.373400 0.417170 0.046880 0.054660
5 0.287480 0.514030 0.053100 0.048430
3 0.317190 0.301530 0.034380 0.042160
3 0.831220 0.290590 0.045270 0.043720
3 0.849990 0.592170 0.048430 0.037490
3 0.381230 0.584340 0.037490 0.035930
3 0.432780 0.748410 0.037490 0.037490
