1 0.640600 0.542180 0.084370 0.068710
4 0.260930 0.153120 0.082760 0.103090
4 0.260930 0.235930 0.087480 0.089040
4 0.257770 0.314030 0.093710 0.073430
4 0.265600 0.393730 0.093710 0.073430
6 0.637490 0.176520 0.062490 0.076540
6 0.704650 0.254660 0.067150 0.065600
6 0.709360 0.399950 0.073430 0.060930
6 0.781230 0.534360 0.074980 0.054660
7 0.792170 0.153120 0.095310 0.090590
7 0.793730 0.242160 0.101530 0.090590
7 0.793730 0.318750 0.098420 0.076540
7 0.789060 0.396840 0.098420 0.068710
7 0.784340 0.467150 0.099980 0.062490
10 0.564020 0.685920 0.073430 0.089040
10 0.634380 0.685920 0.081210 0.089040
10 0.706250 0.682760 0.087480 0.090590
10 0.779670 0.682760 0.093710 0.084370
10 0.782790 0.606230 0.106250 0.074980
10 0.560910 0.548410 0.074980 0.071870
10 0.710920 0.470270 0.095310 0.074980
