9 0.359350 0.320300 0.028110 0.042160
9 0.451540 0.368730 0.026550 0.040600
9 0.445270 0.407780 0.028110 0.040600
9 0.437490 0.453100 0.026550 0.039050
9 0.342180 0.504650 0.029660 0.039050
9 0.334360 0.551520 0.031220 0.040600
9 0.331240 0.609340 0.032780 0.037490
9 0.335910 0.660930 0.031220 0.037490
11 0.490590 0.549970 0.032780 0.048430
11 0.265600 0.659370 0.042160 0.043720
10 0.446880 0.548410 0.043720 0.060930
8 0.299980 0.364020 0.042160 0.051540
8 0.262490 0.610890 0.048430 0.043720
6 0.299980 0.398400 0.035930 0.053100
6 0.273430 0.543740 0.040600 0.046880
9 0.342180 0.503090 0.040600 0.043720
7 0.282760 0.498420 0.053100 0.064040
9 0.334360 0.551520 0.037490 0.039050
3 0.501530 0.324970 0.031220 0.042160
9 0.334360 0.609340 0.043720 0.039050
3 0.503090 0.464040 0.028110 0.042160
9 0.335910 0.660930 0.043720 0.035930
3 0.589060 0.334360 0.029660 0.040600
9 0.445270 0.406230 0.034380 0.042160
3 0.590620 0.368730 0.026550 0.039050
9 0.437490 0.454660 0.035930 0.042160
3 0.553080 0.564020 0.031220 0.037490
9 0.451540 0.368730 0.031220 0.042160
3 0.490590 0.604670 0.031220 0.034380
3 0.445270 0.509360 0.029660 0.037490
3 0.499980 0.324970 0.029660 0.046880
0 0.640600 0.407780 0.035930 0.051540
3 0.404670 0.410890 0.032780 0.045270
0 0.539020 0.460930 0.031220 0.048430
3 0.504650 0.465600 0.032780 0.043720
4 0.651540 0.451540 0.046880 0.064040
3 0.445270 0.504650 0.035930 0.026550
2 0.589060 0.509360 0.039050 0.045270
3 0.490590 0.604670 0.039050 0.043720
2 0.642160 0.367180 0.040600 0.048430
3 0.553080 0.562460 0.026550 0.040600
5 0.639050 0.323410 0.034380 0.053100
3 0.593730 0.370290 0.029660 0.045270
5 0.659370 0.662490 0.040600 0.048430
3 0.590620 0.331240 0.032780 0.039050
1 0.540630 0.659370 0.045270 0.057770
11 0.265600 0.659370 0.054660 0.046880
3 0.403110 0.410890 0.028110 0.040600
11 0.493710 0.551520 0.040600 0.053100
11 0.264040 0.659370 0.046880 0.049990
11 0.490590 0.551520 0.039050 0.048430
8 0.262490 0.607780 0.049990 0.040600
6 0.274980 0.542180 0.042160 0.048430
7 0.282760 0.496860 0.053100 0.062490
10 0.446880 0.548410 0.043720 0.060930
9 0.335910 0.660930 0.039050 0.034380
9 0.331240 0.607780 0.034380 0.039050
9 0.335910 0.551520 0.037490 0.039050
9 0.340630 0.504650 0.035930 0.039050
9 0.451540 0.368730 0.029660 0.042160
9 0.443720 0.406230 0.031220 0.040600
9 0.437490 0.454660 0.031220 0.040600
6 0.299980 0.399950 0.040600 0.051540
8 0.298420 0.364020 0.045270 0.054660
3 0.503090 0.326530 0.032780 0.046880
3 0.503090 0.465600 0.037490 0.043720
3 0.403110 0.410890 0.034380 0.045270
3 0.554680 0.564020 0.031220 0.040600
3 0.490590 0.607780 0.039050 0.040600
1 0.540630 0.660930 0.046880 0.057770
5 0.657770 0.664040 0.042160 0.046880
2 0.589060 0.510920 0.037490 0.046880
4 0.649990 0.453100 0.048430 0.065600
5 0.639050 0.323410 0.034380 0.054660
2 0.642160 0.367180 0.040600 0.046880
0 0.640600 0.409340 0.039050 0.048430
0 0.539020 0.460930 0.032780 0.049990
