3 0.449990 0.593730 0.071870 0.060930
3 0.378120 0.668710 0.060930 0.068710
3 0.531240 0.676540 0.074980 0.073430
3 0.609340 0.596840 0.079650 0.078100
3 0.309360 0.592170 0.084370 0.073430
3 0.537470 0.371850 0.065600 0.067150
3 0.670270 0.679650 0.079650 0.076540
5 0.304650 0.757790 0.081210 0.085920
5 0.689040 0.760910 0.074980 0.074980
0 0.237490 0.228110 0.084370 0.070270
0 0.240600 0.306250 0.090590 0.064040
0 0.240600 0.382790 0.096860 0.081210
0 0.774960 0.203110 0.096860 0.099980
0 0.768730 0.289040 0.092150 0.078100
0 0.774960 0.368730 0.104650 0.067150
0 0.462490 0.376520 0.067150 0.071870
2 0.615610 0.379670 0.076540 0.081210
2 0.214050 0.662490 0.114030 0.078100
2 0.768730 0.685920 0.085920 0.079650
