9 0.318750 0.818720 0.060930 0.064040
9 0.334360 0.634380 0.053100 0.064040
9 0.399950 0.640600 0.049990 0.064040
9 0.410890 0.492150 0.045270 0.067150
9 0.340630 0.376520 0.043720 0.065600
9 0.343740 0.323410 0.043720 0.067150
9 0.179670 0.306250 0.049990 0.065600
9 0.171850 0.351520 0.051540 0.067150
11 0.235930 0.821840 0.084370 0.087480
6 0.253100 0.643720 0.074980 0.087480
7 0.254660 0.556240 0.085920 0.114030
6 0.268710 0.431220 0.064040 0.089040
8 0.268710 0.384340 0.068710 0.082760
11 0.278100 0.318750 0.059330 0.084370
10 0.471870 0.299980 0.057770 0.101530
8 0.156240 0.396840 0.078100 0.081210
3 0.593730 0.796840 0.053100 0.067150
3 0.743740 0.703090 0.056210 0.068710
3 0.728080 0.612500 0.053100 0.067150
3 0.715590 0.534360 0.051540 0.064040
3 0.562460 0.487480 0.045270 0.065600
3 0.668710 0.349970 0.045270 0.067150
3 0.665600 0.293710 0.042160 0.064040
3 0.831220 0.254660 0.049990 0.068710
5 0.732800 0.285920 0.059330 0.084370
5 0.856210 0.773400 0.085920 0.085920
0 0.810890 0.596840 0.076540 0.090590
0 0.870270 0.340630 0.073430 0.095310
2 0.632780 0.474980 0.065600 0.082760
4 0.701530 0.460930 0.070270 0.101530
1 0.793730 0.517190 0.087480 0.117190
2 0.849990 0.290590 0.074980 0.084370
