3 0.234380 0.289040 0.064040 0.051540
3 0.296860 0.290590 0.070270 0.054660
3 0.373400 0.284370 0.059330 0.057770
3 0.437490 0.281210 0.057770 0.064040
3 0.509360 0.281210 0.059330 0.057770
3 0.581230 0.274980 0.051540 0.057770
3 0.665600 0.267150 0.056210 0.064040
3 0.748410 0.262490 0.057770 0.057770
3 0.737470 0.351520 0.051540 0.054660
3 0.579670 0.356240 0.051540 0.051540
3 0.431220 0.357790 0.056210 0.048430
3 0.370290 0.359350 0.059330 0.046880
3 0.299980 0.367180 0.059330 0.054660
3 0.237490 0.368730 0.062490 0.054660
3 0.514030 0.426550 0.054660 0.046880
3 0.432780 0.435930 0.054660 0.051540
3 0.371850 0.434380 0.056210 0.045270
3 0.307800 0.431220 0.062490 0.045270
3 0.240600 0.437490 0.068710 0.043720
3 0.732800 0.503090 0.049990 0.053100
3 0.510920 0.498420 0.049990 0.048430
3 0.237490 0.503090 0.062490 0.045270
3 0.251540 0.559350 0.064040 0.042160
3 0.596840 0.578120 0.056210 0.056210
3 0.670270 0.659370 0.051540 0.059330
3 0.585900 0.649990 0.051540 0.049990
3 0.439050 0.645270 0.053100 0.051540
3 0.368730 0.654660 0.059330 0.054660
3 0.239050 0.634380 0.064040 0.049990
3 0.239050 0.706250 0.065600 0.054660
3 0.296860 0.715590 0.060930 0.053100
3 0.362460 0.721860 0.065600 0.051540
3 0.442160 0.721860 0.059330 0.064040
3 0.512470 0.737470 0.051540 0.065600
3 0.576520 0.742180 0.054660 0.062490
3 0.746850 0.737470 0.053100 0.057770
3 0.745300 0.821840 0.056210 0.076540
3 0.645270 0.806230 0.048430 0.064040
3 0.573400 0.814050 0.051540 0.062490
3 0.510920 0.804670 0.048430 0.068710
3 0.446880 0.789060 0.057770 0.060930
3 0.370290 0.793730 0.057770 0.056210
3 0.304650 0.781230 0.060930 0.059330
3 0.231220 0.779670 0.067150 0.056210
