10 0.678100 0.749970 0.081210 0.082760
10 0.753120 0.596840 0.101530 0.068710
10 0.448430 0.531240 0.065600 0.062490
10 0.307800 0.596840 0.087480 0.076540
10 0.220280 0.299980 0.093710 0.079650
10 0.523410 0.373400 0.065600 0.070270
10 0.449990 0.207780 0.074980 0.104650
7 0.373400 0.454660 0.078100 0.067150
7 0.292150 0.370290 0.081210 0.074980
7 0.376520 0.295310 0.076540 0.071870
7 0.295310 0.218720 0.099980 0.087480
7 0.299980 0.756240 0.082760 0.101530
6 0.220280 0.220280 0.078100 0.079650
6 0.676540 0.517190 0.068710 0.073430
6 0.231220 0.521860 0.084370 0.065600
6 0.229660 0.667150 0.085920 0.065600
4 0.600000 0.521860 0.070270 0.067150
4 0.528080 0.670270 0.065600 0.079650
4 0.674980 0.368730 0.071870 0.079650
4 0.600000 0.217170 0.074980 0.096860
1 0.456210 0.456210 0.078100 0.062490
