9 0.303090 0.821840 0.062490 0.067150
9 0.479650 0.635930 0.051540 0.067150
9 0.315590 0.634380 0.054660 0.067150
9 0.392170 0.492150 0.048430 0.070270
9 0.318750 0.378120 0.045270 0.067150
9 0.109360 0.600000 0.065600 0.068710
6 0.617170 0.534360 0.060930 0.092150
6 0.114030 0.528080 0.084370 0.093710
11 0.320300 0.318750 0.056210 0.087480
10 0.121860 0.456210 0.089040 0.104650
8 0.131240 0.403110 0.082760 0.084370
9 0.153120 0.310920 0.053100 0.068710
9 0.146850 0.356240 0.053100 0.068710
8 0.246880 0.387460 0.071870 0.082760
11 0.242160 0.634380 0.076540 0.090590
7 0.218720 0.724970 0.103090 0.112470
5 0.246880 0.439050 0.067150 0.087480
4 0.451540 0.303090 0.057770 0.101530
3 0.543740 0.484370 0.046880 0.068710
3 0.581230 0.790620 0.057770 0.071870
3 0.728080 0.693710 0.059330 0.068710
3 0.646830 0.346850 0.048430 0.068710
3 0.643720 0.292150 0.046880 0.070270
5 0.842160 0.762460 0.089040 0.092150
0 0.793730 0.587460 0.076540 0.096860
1 0.721860 0.320300 0.079650 0.126530
2 0.899980 0.496860 0.092150 0.090590
3 0.871870 0.443720 0.062490 0.071870
3 0.856210 0.396840 0.060930 0.070270
0 0.846880 0.334360 0.074980 0.098420
2 0.824990 0.284370 0.078100 0.090590
3 0.804670 0.249990 0.053100 0.070270
