10 0.600000 0.376520 0.057770 0.062490
10 0.600000 0.578120 0.059330 0.054660
10 0.540630 0.774960 0.060930 0.082760
10 0.337470 0.639050 0.068710 0.062490
10 0.195280 0.446880 0.082760 0.053100
10 0.468710 0.573400 0.054660 0.053100
10 0.476540 0.306250 0.053100 0.070270
9 0.404670 0.384340 0.049990 0.039050
9 0.528080 0.440600 0.043720 0.043720
9 0.592170 0.453100 0.049990 0.042160
9 0.543740 0.517190 0.039050 0.035930
9 0.470270 0.504650 0.042160 0.037490
9 0.346850 0.506250 0.045270 0.042160
9 0.271870 0.568730 0.053100 0.042160
9 0.407780 0.639050 0.043720 0.043720
9 0.665600 0.690590 0.046880 0.046880
9 0.284370 0.764020 0.049990 0.054660
9 0.270270 0.634380 0.046880 0.043720
7 0.668710 0.509360 0.068710 0.053100
7 0.670270 0.773400 0.073430 0.076540
7 0.603110 0.703090 0.059330 0.073430
7 0.334360 0.310920 0.062490 0.070270
7 0.601560 0.306250 0.060930 0.068710
6 0.668710 0.454660 0.049990 0.043720
6 0.409340 0.767180 0.045270 0.059330
6 0.204670 0.570290 0.059330 0.043720
6 0.329690 0.384340 0.056210 0.045270
4 0.467150 0.384340 0.051540 0.060930
4 0.537470 0.645270 0.049990 0.060930
4 0.404670 0.512470 0.057770 0.051540
4 0.668710 0.389060 0.057770 0.056210
1 0.190620 0.309360 0.082760 0.068710
