3 0.468710 0.396840 0.057770 0.051540
3 0.235930 0.481210 0.065600 0.054660
3 0.392170 0.478100 0.056210 0.056210
3 0.309360 0.546850 0.062490 0.056210
3 0.224990 0.624990 0.071870 0.053100
3 0.387460 0.621840 0.059330 0.054660
3 0.465600 0.710920 0.064040 0.070270
1 0.548410 0.478100 0.062490 0.062490
1 0.462490 0.559350 0.073430 0.067150
1 0.534360 0.635930 0.062490 0.082760
1 0.624990 0.728080 0.074980 0.106250
0 0.295310 0.396840 0.081210 0.060930
0 0.378120 0.318750 0.071870 0.062490
5 0.701530 0.562460 0.067150 0.062490
5 0.801560 0.556240 0.081210 0.064040
2 0.456210 0.324970 0.068710 0.070270
2 0.612500 0.556240 0.073430 0.068710
2 0.304650 0.715590 0.087480 0.079650
2 0.445270 0.793730 0.078100 0.074980
4 0.623440 0.395280 0.074980 0.081210
