5 0.612500 0.576520 0.059330 0.053100
5 0.451540 0.429660 0.060930 0.060930
4 0.221840 0.357790 0.101530 0.082760
3 0.524970 0.218720 0.045270 0.067150
3 0.678100 0.274980 0.064040 0.059330
3 0.679650 0.506250 0.056210 0.059330
3 0.309360 0.664040 0.060930 0.054660
3 0.532800 0.651540 0.054660 0.057770
3 0.462490 0.571850 0.049990 0.059330
3 0.528080 0.432780 0.046880 0.043720
2 0.457770 0.279650 0.065600 0.068710
2 0.378120 0.518750 0.070270 0.057770
2 0.771850 0.581230 0.081210 0.062490
2 0.220280 0.210890 0.076540 0.087480
1 0.224990 0.660930 0.099980 0.076540
1 0.774960 0.412500 0.101530 0.070270
1 0.703090 0.743740 0.090590 0.099980
1 0.223440 0.503090 0.101530 0.060930
0 0.304650 0.274980 0.079650 0.068710
0 0.685920 0.353120 0.068710 0.062490
