9 0.340630 0.146850 0.062490 0.076540
9 0.334360 0.234380 0.065600 0.071870
9 0.317190 0.321860 0.062490 0.065600
9 0.306250 0.410890 0.064040 0.060930
9 0.278100 0.493710 0.060930 0.059330
9 0.249990 0.593730 0.065600 0.060930
9 0.246880 0.681210 0.060930 0.060930
9 0.228110 0.771850 0.067150 0.065600
11 0.257770 0.128080 0.090590 0.099980
8 0.240600 0.215610 0.096860 0.089040
6 0.220280 0.296860 0.093710 0.089040
10 0.203110 0.393730 0.103090 0.089040
7 0.184340 0.478100 0.112470 0.090590
6 0.168730 0.573400 0.092150 0.071870
8 0.146850 0.659370 0.101530 0.079650
11 0.124970 0.759350 0.093710 0.085920
3 0.746850 0.221840 0.060930 0.074980
3 0.731240 0.309360 0.060930 0.068710
3 0.734360 0.403110 0.060930 0.065600
3 0.709360 0.484370 0.060930 0.057770
3 0.701530 0.573400 0.060930 0.056210
3 0.687480 0.660930 0.060930 0.056210
3 0.676540 0.753120 0.062490 0.057770
3 0.662490 0.840600 0.067150 0.065600
5 0.753120 0.856210 0.093710 0.087480
2 0.771850 0.764020 0.101530 0.078100
0 0.781230 0.681210 0.095310 0.074980
1 0.793730 0.581230 0.109360 0.090590
4 0.809340 0.495310 0.101530 0.087480
0 0.821840 0.409340 0.089040 0.085920
5 0.834330 0.228110 0.089040 0.101530
2 0.831220 0.324970 0.098420 0.089040
