3 0.282760 0.320300 0.059330 0.064040
3 0.278100 0.403110 0.064040 0.056210
3 0.279650 0.462490 0.081210 0.056210
3 0.284370 0.551520 0.068710 0.062490
3 0.362460 0.540630 0.062490 0.068710
3 0.284370 0.618720 0.068710 0.062490
3 0.293710 0.685920 0.053100 0.068710
5 0.174960 0.221840 0.092150 0.092150
5 0.196840 0.767180 0.081210 0.087480
2 0.503090 0.235930 0.071870 0.084370
2 0.498420 0.479650 0.071870 0.074980
2 0.493710 0.768730 0.074980 0.089040
3 0.579670 0.324970 0.073430 0.071870
3 0.662490 0.398400 0.068710 0.062490
3 0.739020 0.474980 0.081210 0.062490
3 0.657770 0.556240 0.071870 0.062490
3 0.570290 0.624990 0.074980 0.074980
3 0.659370 0.692150 0.068710 0.081210
3 0.729690 0.778120 0.074980 0.093710
