9 0.217170 0.349970 0.034380 0.040600
9 0.274980 0.351520 0.029660 0.035930
9 0.403110 0.351520 0.028110 0.035930
9 0.487480 0.310920 0.028110 0.035930
9 0.212500 0.399950 0.032780 0.037490
9 0.357790 0.401560 0.032780 0.029660
9 0.403110 0.395280 0.026550 0.032780
9 0.364020 0.440600 0.028110 0.031220
9 0.270270 0.489040 0.032780 0.029660
9 0.445270 0.451540 0.029660 0.032780
9 0.492150 0.451540 0.032780 0.028110
9 0.449990 0.492150 0.031220 0.028110
9 0.487480 0.492150 0.028110 0.029660
9 0.496860 0.524970 0.029660 0.029660
9 0.534360 0.526530 0.026550 0.031220
9 0.217170 0.584340 0.039050 0.026550
9 0.268710 0.534360 0.032780 0.035930
9 0.404670 0.532800 0.032780 0.029660
9 0.440600 0.532800 0.029660 0.031220
9 0.351520 0.574960 0.028110 0.031220
9 0.403110 0.574960 0.028110 0.035930
9 0.348410 0.620280 0.032780 0.032780
9 0.453100 0.617170 0.031220 0.032780
9 0.489040 0.574960 0.029660 0.032780
3 0.357790 0.306250 0.028110 0.032780
3 0.432780 0.307800 0.031220 0.037490
3 0.262490 0.390620 0.035930 0.035930
3 0.349970 0.354680 0.029660 0.034380
3 0.482760 0.357790 0.028110 0.032780
3 0.442160 0.356240 0.037490 0.037490
3 0.523410 0.357790 0.032780 0.037490
3 0.318750 0.396840 0.032780 0.037490
3 0.442160 0.401560 0.031220 0.031220
3 0.307800 0.445270 0.028110 0.028110
3 0.212500 0.442160 0.032780 0.032780
3 0.399950 0.442160 0.029660 0.029660
3 0.315590 0.482760 0.037490 0.032780
3 0.364020 0.490590 0.031220 0.031220
3 0.404670 0.489040 0.035930 0.029660
3 0.537470 0.492150 0.029660 0.029660
3 0.209340 0.534360 0.040600 0.029660
3 0.315590 0.532800 0.029660 0.034380
3 0.312470 0.582790 0.029660 0.035930
3 0.453100 0.568730 0.029660 0.031220
3 0.217170 0.632780 0.040600 0.026550
3 0.264040 0.631220 0.039050 0.034380
3 0.492150 0.614050 0.029660 0.028110
3 0.539020 0.612500 0.029660 0.034380
