4 0.671870 0.228110 0.071870 0.096860
4 0.301530 0.584340 0.087480 0.062490
4 0.376520 0.657770 0.071870 0.065600
4 0.517190 0.654660 0.062490 0.070270
1 0.676540 0.510920 0.074980 0.062490
9 0.242160 0.228110 0.057770 0.060930
9 0.243720 0.309360 0.062490 0.053100
9 0.382790 0.310920 0.051540 0.054660
9 0.462490 0.307800 0.046880 0.056210
9 0.523410 0.374960 0.053100 0.054660
9 0.660930 0.381230 0.051540 0.054660
9 0.600000 0.453100 0.045270 0.051540
9 0.449990 0.582790 0.051540 0.053100
9 0.592170 0.659370 0.056210 0.056210
9 0.453100 0.734360 0.049990 0.056210
9 0.234380 0.662490 0.062490 0.053100
6 0.589060 0.303090 0.053100 0.064040
6 0.384340 0.521860 0.064040 0.054660
6 0.662490 0.667150 0.064040 0.060930
6 0.668710 0.598400 0.060930 0.053100
7 0.309360 0.228110 0.081210 0.093710
7 0.535910 0.224990 0.051540 0.099980
7 0.226550 0.373400 0.087480 0.071870
7 0.379670 0.365580 0.070270 0.074980
7 0.767180 0.451540 0.089040 0.062490
10 0.296860 0.731240 0.085920 0.081210
10 0.665600 0.740580 0.082760 0.085920
10 0.746850 0.743740 0.076540 0.082760
10 0.746850 0.665600 0.084370 0.071870
10 0.526530 0.514030 0.060930 0.064040
10 0.445270 0.443720 0.062490 0.065600
10 0.309360 0.442160 0.084370 0.071870
