8 0.201560 0.182790 0.092150 0.076540
8 0.421840 0.362460 0.070270 0.074980
8 0.690590 0.249990 0.082760 0.079650
8 0.303090 0.453100 0.071870 0.067150
8 0.220280 0.556240 0.095310 0.068710
8 0.699980 0.835930 0.085920 0.085920
6 0.293710 0.165580 0.074980 0.085920
6 0.387460 0.160910 0.065600 0.082760
6 0.810890 0.440600 0.085920 0.060930
6 0.114030 0.459330 0.092150 0.060930
6 0.303090 0.659370 0.073430 0.070270
6 0.804670 0.735910 0.081210 0.076540
9 0.493710 0.192170 0.056210 0.067150
9 0.585900 0.348410 0.056210 0.056210
9 0.323410 0.756240 0.062490 0.067150
5 0.589060 0.170290 0.067150 0.087480
5 0.679650 0.164020 0.076540 0.087480
5 0.214050 0.357790 0.087480 0.070270
5 0.495310 0.457770 0.060930 0.062490
5 0.518750 0.645270 0.060930 0.068710
5 0.523410 0.835930 0.060930 0.090590
11 0.210890 0.273430 0.085920 0.079650
11 0.512470 0.543740 0.064040 0.065600
11 0.689040 0.545300 0.076540 0.064040
11 0.699980 0.632780 0.078100 0.073430
7 0.295310 0.278100 0.096860 0.096860
7 0.582790 0.632780 0.082760 0.085920
7 0.110920 0.645270 0.124970 0.090590
2 0.495310 0.353120 0.067150 0.068710
2 0.210890 0.478100 0.081210 0.067150
2 0.423440 0.554680 0.067150 0.067150
2 0.410890 0.834330 0.068710 0.099980
10 0.801560 0.267150 0.112470 0.101530
10 0.087480 0.365580 0.126530 0.084370
10 0.596840 0.746850 0.081210 0.104650
1 0.707800 0.364020 0.099980 0.084370
1 0.804670 0.534360 0.110920 0.076540
1 0.215610 0.667150 0.106250 0.090590
4 0.121860 0.868710 0.123410 0.121860
4 0.826550 0.640600 0.115590 0.087480
4 0.401560 0.260930 0.076540 0.096860
0 0.603110 0.456210 0.062490 0.060930
3 0.704650 0.465600 0.059330 0.054660
3 0.695310 0.715590 0.057770 0.060930
3 0.326530 0.554680 0.056210 0.053100
0 0.412500 0.653100 0.062490 0.070270
0 0.442160 0.732800 0.057770 0.078100
0 0.114030 0.753120 0.090590 0.076540
0 0.234380 0.837490 0.078100 0.085920
