1 0.420280 0.418720 0.059330 0.114030
5 0.265600 0.357790 0.057770 0.081210
3 0.265600 0.431220 0.046880 0.062490
3 0.342180 0.434380 0.042160 0.060930
3 0.353120 0.368730 0.039050 0.062490
3 0.428110 0.362460 0.032780 0.054660
3 0.487480 0.360910 0.032780 0.062490
3 0.578120 0.374960 0.040600 0.062490
3 0.585900 0.435930 0.045270 0.062490
0 0.501530 0.510920 0.049990 0.074980
0 0.571850 0.507800 0.053100 0.078100
5 0.681210 0.504650 0.068710 0.076540
5 0.662490 0.429660 0.062490 0.076540
5 0.646830 0.362460 0.060930 0.079650
4 0.499980 0.421840 0.057770 0.106250
8 0.167180 0.496860 0.082760 0.082760
6 0.249990 0.503090 0.062490 0.079650
6 0.339020 0.512470 0.056210 0.079650
3 0.429660 0.510920 0.042160 0.060930
