10 0.284370 0.314030 0.071870 0.071870
10 0.271870 0.460930 0.070270 0.056210
10 0.559350 0.465600 0.059330 0.056210
10 0.565620 0.526530 0.056210 0.051540
10 0.706250 0.524970 0.078100 0.053100
10 0.692150 0.596840 0.079650 0.062490
10 0.417170 0.745300 0.056210 0.074980
9 0.415610 0.392170 0.048430 0.045270
9 0.481210 0.457770 0.043720 0.042160
9 0.418720 0.462490 0.039050 0.045270
9 0.353120 0.526530 0.043720 0.046880
9 0.431220 0.521860 0.042160 0.043720
9 0.493710 0.587460 0.040600 0.043720
9 0.424990 0.585900 0.043720 0.043720
9 0.493710 0.659370 0.039050 0.043720
9 0.421840 0.659370 0.040600 0.049990
9 0.359350 0.664040 0.043720 0.048430
9 0.679650 0.254660 0.048430 0.049990
7 0.487480 0.387460 0.056210 0.064040
7 0.557790 0.251540 0.060930 0.074980
7 0.629660 0.528080 0.064040 0.053100
7 0.278100 0.595280 0.068710 0.057770
7 0.765580 0.251540 0.082760 0.079650
6 0.762460 0.521860 0.049990 0.046880
6 0.431220 0.246880 0.046880 0.062490
6 0.357790 0.604670 0.043720 0.051540
6 0.618720 0.256210 0.049990 0.057770
4 0.360910 0.240600 0.056210 0.078100
4 0.356240 0.459330 0.057770 0.049990
4 0.489040 0.524970 0.056210 0.057770
4 0.554680 0.596840 0.064040 0.067150
1 0.274980 0.748410 0.068710 0.079650
