3 0.720300 0.540630 0.062490 0.057770
3 0.804670 0.454660 0.068710 0.053100
3 0.481210 0.206230 0.051540 0.060930
3 0.403110 0.623440 0.053100 0.053100
3 0.559350 0.617170 0.054660 0.056210
3 0.215610 0.701530 0.060930 0.054660
3 0.728080 0.292150 0.059330 0.065600
1 0.649990 0.370290 0.084370 0.085920
1 0.474980 0.710920 0.074980 0.095310
1 0.209340 0.621840 0.101530 0.068710
1 0.481210 0.453100 0.062490 0.065600
2 0.393730 0.800000 0.065600 0.090590
2 0.728080 0.715590 0.081210 0.082760
2 0.309360 0.282760 0.076540 0.074980
2 0.807780 0.284370 0.085920 0.085920
6 0.556240 0.289040 0.054660 0.074980
6 0.648430 0.556240 0.068710 0.056210
6 0.224990 0.446880 0.073430 0.060930
6 0.393730 0.185900 0.056210 0.085920
9 0.473430 0.542180 0.049990 0.054660
9 0.560910 0.457770 0.051540 0.051540
9 0.401560 0.457770 0.053100 0.051540
9 0.645270 0.293710 0.054660 0.060930
11 0.220280 0.534360 0.082760 0.053100
11 0.293710 0.800000 0.068710 0.082760
11 0.818720 0.803110 0.087480 0.084370
0 0.399950 0.378120 0.057770 0.065600
0 0.299980 0.540630 0.067150 0.057770
5 0.645270 0.800000 0.068710 0.079650
5 0.653100 0.464040 0.068710 0.057770
8 0.399950 0.292150 0.074980 0.070270
8 0.309360 0.706250 0.084370 0.067150
4 0.564020 0.192170 0.068710 0.107800
10 0.215610 0.267150 0.106250 0.103090
