7 0.701530 0.459330 0.057770 0.039050
5 0.690590 0.656210 0.042160 0.042160
5 0.637490 0.721860 0.040600 0.045270
11 0.684370 0.820280 0.045270 0.051540
6 0.584340 0.771850 0.035930 0.046880
8 0.534360 0.706250 0.039050 0.048430
6 0.589060 0.664040 0.034380 0.039050
5 0.482760 0.664040 0.034380 0.040600
10 0.476540 0.551520 0.039050 0.040600
0 0.418720 0.449990 0.034380 0.032780
1 0.312470 0.449990 0.049990 0.039050
11 0.307800 0.610890 0.039050 0.039050
8 0.367180 0.657770 0.035930 0.043720
5 0.312470 0.770290 0.039050 0.046880
0 0.312470 0.815610 0.037490 0.048430
4 0.478100 0.774960 0.037490 0.064040
