2 0.664040 0.095310 0.106250 0.128080
2 0.351520 0.210890 0.084370 0.096860
2 0.465600 0.306250 0.084370 0.106250
2 0.560910 0.307800 0.089040 0.093710
2 0.256210 0.303090 0.093710 0.090590
2 0.259370 0.407780 0.098420 0.081210
2 0.367180 0.514030 0.089040 0.092150
2 0.465600 0.504650 0.081210 0.089040
2 0.768730 0.520300 0.085920 0.092150
2 0.887480 0.407780 0.095310 0.078100
2 0.131240 0.617170 0.132800 0.089040
2 0.568730 0.631220 0.082760 0.092150
2 0.454660 0.726530 0.112470 0.095310
8 0.162460 0.215610 0.096860 0.089040
8 0.551520 0.095310 0.078100 0.137470
8 0.864040 0.095310 0.098420 0.121860
8 0.657770 0.203110 0.081210 0.099980
8 0.768730 0.207780 0.090590 0.107800
8 0.767180 0.314030 0.101530 0.090590
8 0.157790 0.517190 0.112470 0.092150
8 0.259370 0.620280 0.087480 0.082760
8 0.681210 0.626550 0.081210 0.078100
8 0.890590 0.634380 0.104650 0.101530
8 0.570290 0.745300 0.081210 0.107800
8 0.248430 0.835930 0.103090 0.104650
8 0.365580 0.818720 0.089040 0.110920
8 0.784340 0.835930 0.079650 0.126530
8 0.906250 0.848430 0.099980 0.109360
8 0.815610 0.373400 0.367180 0.195280
8 0.670270 0.509360 0.095310 0.084370
