10 0.331240 0.728080 0.071870 0.095310
10 0.478100 0.735910 0.060930 0.096860
10 0.624990 0.734360 0.074980 0.093710
10 0.773400 0.734360 0.096860 0.101530
10 0.773400 0.440600 0.099980 0.074980
10 0.774960 0.365580 0.103090 0.062490
10 0.776520 0.298420 0.087480 0.079650
7 0.334360 0.367180 0.076540 0.067150
7 0.239050 0.739020 0.087480 0.087480
7 0.546850 0.732800 0.065600 0.093710
7 0.701530 0.724970 0.079650 0.089040
7 0.406230 0.724970 0.064040 0.099980
9 0.406230 0.298420 0.057770 0.056210
9 0.485920 0.371850 0.049990 0.053100
9 0.620280 0.506250 0.057770 0.056210
9 0.692150 0.578120 0.056210 0.056210
9 0.764020 0.645270 0.060930 0.049990
9 0.692150 0.645270 0.056210 0.051540
9 0.620280 0.646830 0.059330 0.056210
9 0.548410 0.653100 0.051540 0.059330
9 0.479650 0.651540 0.057770 0.051540
9 0.412500 0.648430 0.057770 0.053100
9 0.268710 0.651540 0.078100 0.048430
6 0.406230 0.370290 0.056210 0.064040
6 0.482760 0.443720 0.054660 0.056210
6 0.482760 0.514030 0.060930 0.060930
6 0.548410 0.437490 0.051540 0.056210
1 0.332800 0.293710 0.081210 0.076540
4 0.621840 0.220280 0.068710 0.098420
4 0.699980 0.207780 0.081210 0.087480
4 0.781230 0.207780 0.098420 0.099980
4 0.703090 0.295310 0.084370 0.074980
