3 0.270270 0.303090 0.026550 0.035930
3 0.267150 0.345300 0.026550 0.034380
3 0.531240 0.374960 0.024990 0.031220
3 0.568730 0.407780 0.024990 0.032780
3 0.567180 0.457770 0.026550 0.029660
3 0.523410 0.449990 0.023440 0.028110
3 0.529690 0.420280 0.028110 0.031220
3 0.490590 0.406230 0.023440 0.029660
3 0.435930 0.446880 0.024990 0.028110
3 0.479650 0.493710 0.023440 0.024990
3 0.442160 0.482760 0.023440 0.028110
3 0.390620 0.443720 0.024990 0.028110
3 0.393730 0.490590 0.024990 0.026550
3 0.432780 0.537470 0.024990 0.024990
3 0.389060 0.537470 0.028110 0.026550
3 0.337470 0.539020 0.026550 0.026550
3 0.345300 0.479650 0.028110 0.028110
3 0.290590 0.523410 0.029660 0.029660
3 0.284370 0.571850 0.029660 0.026550
3 0.243720 0.523410 0.031220 0.026550
3 0.237490 0.568730 0.031220 0.024990
3 0.232780 0.615610 0.031220 0.026550
9 0.567180 0.329690 0.024990 0.032780
9 0.570290 0.365580 0.024990 0.031220
9 0.532800 0.324970 0.024990 0.032780
9 0.495310 0.323410 0.024990 0.032780
9 0.446880 0.312470 0.024990 0.032780
9 0.407780 0.314030 0.023440 0.031220
9 0.442160 0.365580 0.024990 0.032780
9 0.442160 0.403110 0.024990 0.031220
9 0.401560 0.359350 0.024990 0.031220
9 0.401560 0.398400 0.024990 0.031220
9 0.354680 0.353120 0.024990 0.031220
9 0.362460 0.314030 0.024990 0.034380
9 0.317190 0.307800 0.026550 0.035930
9 0.310920 0.353120 0.024990 0.032780
9 0.260930 0.387460 0.028110 0.031220
9 0.310920 0.398400 0.028110 0.029660
9 0.354680 0.395280 0.024990 0.031220
9 0.262490 0.437490 0.031220 0.029660
9 0.307800 0.431220 0.028110 0.029660
9 0.343740 0.443720 0.026550 0.028110
9 0.298420 0.481210 0.029660 0.028110
9 0.254660 0.481210 0.028110 0.029660
9 0.479650 0.373400 0.026550 0.032780
9 0.482760 0.443720 0.024990 0.028110
3 0.518750 0.487480 0.024990 0.028110
3 0.281210 0.621840 0.031220 0.031220
