0 0.276540 0.295310 0.067150 0.078100
0 0.360910 0.368730 0.070270 0.062490
0 0.434380 0.432780 0.054660 0.065600
0 0.501530 0.515590 0.064040 0.054660
0 0.578120 0.581230 0.049990 0.060930
0 0.659370 0.679650 0.074980 0.074980
0 0.756240 0.749970 0.084370 0.087480
2 0.743740 0.354680 0.089040 0.074980
2 0.737470 0.431220 0.068710 0.067150
2 0.740580 0.512470 0.070270 0.073430
3 0.501530 0.224990 0.053100 0.079650
3 0.571850 0.217170 0.053100 0.087480
3 0.657770 0.217170 0.056210 0.070270
3 0.723410 0.220280 0.067150 0.082760
3 0.431220 0.739020 0.049990 0.081210
3 0.356240 0.746850 0.064040 0.079650
3 0.276540 0.746850 0.067150 0.068710
5 0.189060 0.665600 0.098420 0.070270
5 0.190620 0.762460 0.087480 0.098420
