11 0.409340 0.743740 0.068710 0.073430
11 0.410890 0.664040 0.070270 0.067150
11 0.476540 0.664040 0.081210 0.073430
11 0.553080 0.374960 0.065600 0.064040
9 0.264040 0.392170 0.078100 0.053100
9 0.331240 0.459330 0.064040 0.059330
9 0.251540 0.524970 0.059330 0.064040
9 0.557790 0.593730 0.056210 0.054660
9 0.620280 0.582790 0.059330 0.068710
9 0.693710 0.590620 0.064040 0.051540
9 0.617170 0.448430 0.062490 0.059330
9 0.679650 0.446880 0.062490 0.057770
9 0.610890 0.312470 0.056210 0.051540
9 0.676540 0.309360 0.064040 0.062490
9 0.328080 0.228110 0.056210 0.068710
8 0.190620 0.299980 0.071870 0.085920
8 0.407780 0.303090 0.067150 0.078100
8 0.410890 0.448430 0.068710 0.060930
8 0.265600 0.746850 0.068710 0.084370
7 0.415610 0.521860 0.076540 0.064040
6 0.556240 0.518750 0.071870 0.059330
6 0.553080 0.449990 0.070270 0.070270
6 0.478100 0.306250 0.060930 0.076540
6 0.559350 0.734360 0.084370 0.081210
6 0.337470 0.746850 0.062490 0.082760
5 0.412500 0.379670 0.074980 0.068710
5 0.265600 0.592170 0.074980 0.070270
3 0.482760 0.379670 0.059330 0.057770
3 0.624990 0.654660 0.064040 0.065600
3 0.690590 0.653100 0.070270 0.064040
3 0.335910 0.664040 0.064040 0.062490
3 0.409340 0.592170 0.068710 0.062490
3 0.476540 0.520300 0.073430 0.062490
3 0.184340 0.596840 0.071870 0.062490
2 0.556240 0.657770 0.074980 0.070270
2 0.623440 0.515590 0.062490 0.054660
2 0.692150 0.512470 0.074980 0.068710
0 0.176520 0.753120 0.071870 0.079650
0 0.481210 0.739020 0.056210 0.076540
0 0.479650 0.595280 0.062490 0.065600
0 0.271870 0.665600 0.064040 0.065600
0 0.340630 0.301530 0.062490 0.071870
0 0.620280 0.232780 0.060930 0.089040
0 0.553080 0.298420 0.062490 0.079650
