11 0.529690 0.248430 0.060930 0.081210
11 0.524970 0.720300 0.049990 0.084370
11 0.456210 0.706250 0.054660 0.070270
11 0.456210 0.785900 0.062490 0.073430
9 0.292150 0.337470 0.064040 0.065600
9 0.292150 0.412500 0.054660 0.059330
9 0.232780 0.562460 0.051540 0.049990
9 0.232780 0.645270 0.056210 0.064040
9 0.524970 0.334360 0.048430 0.059330
9 0.606230 0.340630 0.053100 0.053100
9 0.687480 0.417170 0.051540 0.049990
9 0.604670 0.565620 0.056210 0.065600
9 0.665600 0.632780 0.053100 0.065600
9 0.689040 0.337470 0.065600 0.060930
9 0.762460 0.415610 0.062490 0.065600
8 0.451540 0.415610 0.067150 0.068710
8 0.603110 0.412500 0.054660 0.070270
8 0.534360 0.498420 0.060930 0.067150
8 0.600000 0.717190 0.068710 0.090590
7 0.304650 0.581230 0.081210 0.062490
6 0.378120 0.331240 0.068710 0.074980
6 0.379670 0.504650 0.067150 0.062490
6 0.456210 0.568730 0.059330 0.068710
6 0.604670 0.492150 0.056210 0.071870
6 0.521860 0.410890 0.062490 0.062490
5 0.248430 0.781230 0.076540 0.087480
5 0.387460 0.573400 0.062490 0.070270
3 0.690590 0.243720 0.057770 0.062490
3 0.749970 0.701530 0.059330 0.067150
3 0.681210 0.703090 0.054660 0.064040
3 0.532800 0.567180 0.051540 0.057770
3 0.367180 0.407780 0.048430 0.051540
3 0.381230 0.696860 0.057770 0.071870
3 0.443720 0.634380 0.051540 0.059330
2 0.679650 0.562460 0.053100 0.071870
2 0.782790 0.329690 0.085920 0.073430
2 0.220280 0.484370 0.074980 0.084370
0 0.604670 0.254660 0.062490 0.067150
0 0.446880 0.257770 0.068710 0.079650
0 0.298420 0.490590 0.073430 0.073430
0 0.306250 0.654660 0.073430 0.064040
0 0.535910 0.635930 0.057770 0.068710
0 0.692150 0.490590 0.070270 0.057770
0 0.456210 0.489040 0.057770 0.065600
