10 0.474980 0.476540 0.078100 0.071870
10 0.464040 0.648430 0.068710 0.087480
10 0.629660 0.639050 0.078100 0.074980
10 0.628110 0.473430 0.079650 0.062490
10 0.314030 0.560910 0.092150 0.074980
10 0.390620 0.712470 0.074980 0.081210
10 0.549970 0.801560 0.059330 0.110920
7 0.379670 0.228110 0.064040 0.099980
7 0.309360 0.398400 0.085920 0.078100
7 0.229660 0.815610 0.093710 0.110920
7 0.793730 0.635930 0.103090 0.074980
7 0.545300 0.559350 0.064040 0.065600
6 0.232780 0.557790 0.087480 0.070270
6 0.706250 0.710920 0.071870 0.065600
6 0.543740 0.317190 0.056210 0.081210
6 0.387460 0.567180 0.068710 0.065600
4 0.221840 0.310920 0.107800 0.085920
4 0.787460 0.234380 0.104650 0.109360
4 0.464040 0.403110 0.078100 0.070270
1 0.467150 0.553080 0.074980 0.068710
