10 0.503090 0.196840 0.074980 0.104650
10 0.592170 0.193730 0.078100 0.117190
10 0.676540 0.195280 0.078100 0.115590
10 0.765580 0.193730 0.095310 0.107800
10 0.764020 0.276540 0.090590 0.085920
10 0.754680 0.362460 0.112470 0.089040
10 0.757790 0.449990 0.112470 0.078100
4 0.754680 0.529690 0.109360 0.071870
4 0.759350 0.614050 0.106250 0.078100
4 0.759350 0.695310 0.103090 0.093710
4 0.756240 0.784340 0.104650 0.104650
1 0.176520 0.368730 0.118750 0.081210
7 0.174960 0.446880 0.112470 0.071870
7 0.168730 0.524970 0.118750 0.065600
7 0.170290 0.610890 0.121860 0.076540
7 0.165580 0.699980 0.120300 0.092150
7 0.168730 0.796840 0.110920 0.104650
6 0.342180 0.284370 0.070270 0.071870
6 0.429660 0.367180 0.065600 0.065600
6 0.507800 0.451540 0.057770 0.057770
6 0.592170 0.531240 0.062490 0.060930
