0 0.360910 0.620280 0.068710 0.079650
0 0.293710 0.696860 0.056210 0.090590
0 0.210890 0.765580 0.084370 0.087480
0 0.437490 0.692150 0.057770 0.087480
0 0.509360 0.773400 0.084370 0.098420
0 0.587460 0.693710 0.060930 0.092150
0 0.656210 0.618720 0.065600 0.079650
2 0.207780 0.310920 0.074980 0.067150
2 0.770290 0.318750 0.090590 0.074980
2 0.748410 0.549970 0.089040 0.081210
3 0.290590 0.321860 0.060930 0.057770
3 0.364020 0.312470 0.068710 0.057770
3 0.437490 0.315590 0.056210 0.059330
3 0.528080 0.315590 0.049990 0.053100
3 0.593730 0.314030 0.056210 0.056210
3 0.664040 0.323410 0.068710 0.062490
3 0.449990 0.471870 0.068710 0.056210
5 0.267150 0.234380 0.093710 0.073430
5 0.684370 0.221840 0.071870 0.081210
