10 0.379670 0.526530 0.074980 0.071870
10 0.534360 0.524970 0.068710 0.062490
10 0.682760 0.440600 0.074980 0.068710
10 0.609340 0.298420 0.060930 0.081210
10 0.534360 0.365580 0.057770 0.078100
10 0.460930 0.220280 0.059330 0.098420
10 0.384340 0.365580 0.078100 0.081210
7 0.235930 0.370290 0.101530 0.078100
7 0.757790 0.206230 0.090590 0.096860
7 0.681210 0.601560 0.071870 0.064040
7 0.610890 0.757790 0.085920 0.103090
7 0.456210 0.448430 0.078100 0.064040
6 0.314030 0.298420 0.068710 0.078100
6 0.610890 0.445270 0.067150 0.068710
6 0.757790 0.446880 0.071870 0.070270
6 0.456210 0.670270 0.068710 0.065600
4 0.224990 0.529690 0.101530 0.060930
4 0.529690 0.601560 0.073430 0.059330
4 0.770290 0.684370 0.096860 0.085920
4 0.228110 0.751520 0.107800 0.089040
1 0.535910 0.449990 0.068710 0.073430
