3 0.378120 0.778120 0.051540 0.067150
11 0.476540 0.474980 0.056210 0.085920
7 0.556240 0.532800 0.070270 0.115590
5 0.253100 0.534360 0.067150 0.087480
3 0.478100 0.359350 0.040600 0.067150
1 0.549970 0.403110 0.064040 0.115590
8 0.053100 0.756240 0.101530 0.081210
9 0.084370 0.679650 0.068710 0.067150
11 0.106250 0.601560 0.082760 0.087480
9 0.123410 0.546850 0.060930 0.065600
6 0.137470 0.478100 0.074980 0.090590
10 0.153120 0.414050 0.079650 0.101530
8 0.168730 0.365580 0.073430 0.078100
9 0.115590 0.365580 0.051540 0.064040
9 0.189060 0.323410 0.049990 0.065600
9 0.200000 0.281210 0.046880 0.064040
9 0.131240 0.320300 0.048430 0.067150
9 0.142180 0.279650 0.048430 0.065600
9 0.715590 0.699980 0.053100 0.067150
6 0.692150 0.474980 0.056210 0.090590
3 0.953080 0.800000 0.074980 0.074980
3 0.937470 0.737470 0.073430 0.073430
3 0.924970 0.673430 0.065600 0.068710
5 0.915590 0.606230 0.084370 0.090590
2 0.899980 0.537470 0.085920 0.084370
3 0.881210 0.487480 0.057770 0.068710
3 0.868710 0.437490 0.054660 0.067150
0 0.865600 0.378120 0.067150 0.090590
2 0.848430 0.328080 0.070270 0.082760
3 0.832780 0.296860 0.048430 0.068710
4 0.921860 0.337470 0.079650 0.106250
0 0.906250 0.296860 0.067150 0.096860
