9 0.298420 0.190620 0.049990 0.073430
9 0.299980 0.262490 0.051540 0.068710
9 0.290590 0.337470 0.053100 0.067150
9 0.287480 0.418720 0.054660 0.064040
9 0.265600 0.499980 0.059330 0.064040
9 0.245270 0.600000 0.059330 0.059330
9 0.246880 0.690590 0.062490 0.059330
9 0.234380 0.790620 0.065600 0.056210
11 0.126530 0.790620 0.095310 0.071870
8 0.140580 0.687480 0.101530 0.068710
6 0.162460 0.587460 0.092150 0.082760
7 0.171850 0.487480 0.104650 0.107800
10 0.184340 0.409340 0.093710 0.099980
6 0.196840 0.324970 0.078100 0.095310
8 0.212500 0.256210 0.081210 0.087480
11 0.220280 0.184340 0.073430 0.096860
3 0.684370 0.203110 0.045270 0.071870
3 0.684370 0.278100 0.046880 0.070270
3 0.701530 0.357790 0.046880 0.068710
3 0.690590 0.434380 0.051540 0.065600
3 0.701530 0.518750 0.051540 0.064040
3 0.699980 0.606230 0.054660 0.062490
3 0.706250 0.706250 0.056210 0.057770
3 0.709360 0.800000 0.060930 0.056210
5 0.809340 0.803110 0.087480 0.073430
2 0.807780 0.706250 0.095310 0.070270
0 0.803110 0.612500 0.081210 0.079650
1 0.792170 0.506250 0.096860 0.107800
4 0.793730 0.424990 0.085920 0.101530
0 0.784340 0.346850 0.071870 0.095310
2 0.779670 0.274980 0.078100 0.087480
5 0.765580 0.195280 0.067150 0.095310
