10 0.140580 0.120300 0.129690 0.120300
0 0.262490 0.126530 0.084370 0.092150
5 0.376520 0.153120 0.067150 0.089040
8 0.564020 0.148410 0.082760 0.089040
5 0.751520 0.139020 0.082760 0.095310
0 0.165580 0.248430 0.090590 0.071870
0 0.268710 0.259370 0.084370 0.078100
8 0.456210 0.246880 0.074980 0.090590
2 0.537470 0.245270 0.065600 0.078100
10 0.670270 0.239050 0.087480 0.101530
11 0.751520 0.254660 0.073430 0.081210
8 0.840600 0.253100 0.096860 0.084370
7 0.254660 0.345300 0.098420 0.081210
6 0.356240 0.351520 0.082760 0.074980
8 0.557790 0.335910 0.071870 0.071870
9 0.720300 0.356240 0.070270 0.056210
8 0.853100 0.337470 0.099980 0.073430
3 0.260930 0.431220 0.070270 0.056210
0 0.349970 0.435930 0.074980 0.060930
2 0.449990 0.451540 0.068710 0.065600
11 0.542180 0.426550 0.065600 0.065600
1 0.642160 0.453100 0.101530 0.084370
2 0.735910 0.448430 0.073430 0.070270
6 0.837490 0.448430 0.087480 0.062490
5 0.168730 0.542180 0.098420 0.064040
9 0.276540 0.526530 0.064040 0.060930
4 0.356240 0.531240 0.089040 0.076540
11 0.460930 0.539020 0.070270 0.070270
6 0.539020 0.528080 0.057770 0.067150
7 0.651540 0.554680 0.098420 0.081210
9 0.714030 0.529690 0.070270 0.053100
5 0.834330 0.539020 0.099980 0.067150
0 0.242160 0.631220 0.078100 0.082760
6 0.445270 0.632780 0.076540 0.074980
7 0.551520 0.646830 0.081210 0.093710
2 0.634380 0.614050 0.071870 0.078100
10 0.835930 0.635930 0.124970 0.099980
4 0.143740 0.742180 0.112470 0.117190
3 0.281210 0.715590 0.056210 0.062490
11 0.365580 0.724970 0.070270 0.082760
3 0.521860 0.717190 0.049990 0.064040
1 0.629660 0.742180 0.087480 0.112470
8 0.748410 0.742180 0.096860 0.085920
6 0.260930 0.823440 0.076540 0.087480
6 0.548410 0.834330 0.067150 0.093710
4 0.356240 0.849990 0.087480 0.140580
1 0.459330 0.831220 0.081210 0.124970
5 0.642160 0.828110 0.070270 0.085920
5 0.817170 0.831220 0.085920 0.095310
