5 0.521860 0.646830 0.071870 0.110920
5 0.384340 0.539020 0.074980 0.101530
1 0.724970 0.424990 0.074980 0.156240
4 0.303090 0.434380 0.092150 0.134360
2 0.157790 0.439050 0.082760 0.099980
2 0.717190 0.215610 0.053100 0.092150
0 0.201560 0.314030 0.064040 0.098420
3 0.626550 0.537470 0.054660 0.081210
3 0.854660 0.473430 0.057770 0.081210
3 0.628110 0.176520 0.029660 0.070270
3 0.335910 0.189060 0.035930 0.065600
3 0.184340 0.614050 0.067150 0.084370
8 0.226550 0.265600 0.056210 0.090590
8 0.628110 0.367180 0.054660 0.107800
6 0.715590 0.365580 0.057770 0.114030
10 0.412500 0.429660 0.078100 0.139020
11 0.520300 0.271870 0.046880 0.087480
11 0.767180 0.168730 0.046880 0.078100
7 0.620280 0.239050 0.054660 0.145300
9 0.520300 0.442160 0.046880 0.078100
9 0.357790 0.326530 0.045270 0.071870
9 0.387460 0.270270 0.039050 0.070270
9 0.307800 0.270270 0.042160 0.070270
9 0.545300 0.179670 0.031220 0.064040
