9 0.315590 0.306250 0.026550 0.032780
9 0.360910 0.309360 0.024990 0.029660
9 0.409340 0.310920 0.026550 0.031220
9 0.446880 0.309360 0.024990 0.029660
9 0.442160 0.360910 0.023440 0.029660
9 0.353120 0.349970 0.024990 0.031220
9 0.309360 0.349970 0.026550 0.028110
9 0.259370 0.384340 0.026550 0.029660
9 0.310920 0.395280 0.026550 0.028110
9 0.353120 0.392170 0.024990 0.029660
9 0.399950 0.396840 0.024990 0.031220
9 0.399950 0.356240 0.023440 0.031220
9 0.442160 0.401560 0.024990 0.028110
9 0.478100 0.370290 0.024990 0.032780
9 0.260930 0.435930 0.029660 0.028110
9 0.306250 0.429660 0.026550 0.029660
9 0.343740 0.440600 0.028110 0.026550
9 0.482760 0.440600 0.023440 0.026550
9 0.296860 0.479650 0.026550 0.026550
9 0.253100 0.479650 0.028110 0.028110
9 0.495310 0.320300 0.024990 0.032780
9 0.532800 0.323410 0.023440 0.029660
9 0.567180 0.326530 0.023440 0.029660
9 0.568730 0.364020 0.024990 0.028110
3 0.268710 0.301530 0.026550 0.035930
3 0.265600 0.343740 0.028110 0.034380
3 0.242160 0.521860 0.031220 0.028110
3 0.343740 0.478100 0.026550 0.031220
3 0.389060 0.442160 0.026550 0.028110
3 0.432780 0.443720 0.024990 0.028110
3 0.529690 0.373400 0.024990 0.031220
3 0.489040 0.406230 0.026550 0.031220
3 0.528080 0.418720 0.028110 0.029660
3 0.567180 0.406230 0.024990 0.028110
3 0.565620 0.456210 0.028110 0.029660
3 0.521860 0.448430 0.026550 0.029660
3 0.517190 0.485920 0.026550 0.028110
3 0.478100 0.492150 0.026550 0.028110
3 0.440600 0.479650 0.028110 0.028110
3 0.431220 0.534360 0.026550 0.026550
3 0.393730 0.489040 0.026550 0.026550
3 0.385900 0.535910 0.028110 0.028110
3 0.335910 0.537470 0.026550 0.026550
3 0.290590 0.523410 0.028110 0.028110
3 0.282760 0.568730 0.031220 0.028110
3 0.237490 0.565620 0.032780 0.029660
3 0.279650 0.620280 0.029660 0.026550
3 0.231220 0.612500 0.031220 0.029660
