3 0.332800 0.654660 0.059330 0.074980
9 0.804670 0.654660 0.082760 0.078100
9 0.784340 0.568730 0.067150 0.079650
5 0.707800 0.554680 0.078100 0.095310
0 0.614050 0.560910 0.068710 0.098420
0 0.339020 0.557790 0.082760 0.085920
3 0.526530 0.481210 0.056210 0.070270
3 0.528080 0.553080 0.057770 0.073430
3 0.764020 0.414050 0.057770 0.073430
3 0.778120 0.484370 0.067150 0.067150
3 0.679650 0.479650 0.054660 0.068710
3 0.598400 0.403110 0.049990 0.076540
3 0.193730 0.398400 0.064040 0.078100
7 0.431220 0.540630 0.079650 0.121860
6 0.145300 0.553080 0.098420 0.098420
6 0.246880 0.554680 0.081210 0.107800
9 0.181230 0.474980 0.065600 0.071870
9 0.260930 0.481210 0.064040 0.073430
9 0.282760 0.403110 0.062490 0.081210
9 0.346850 0.409340 0.051540 0.078100
9 0.685920 0.410890 0.054660 0.073430
9 0.439050 0.471870 0.057770 0.070270
5 0.439050 0.406230 0.067150 0.090590
10 0.515590 0.384340 0.070270 0.123410
4 0.356240 0.460930 0.081210 0.118750
1 0.612500 0.460930 0.081210 0.118750
