5 0.560910 0.734360 0.078100 0.085920
5 0.576520 0.834330 0.087480 0.095310
3 0.804670 0.285920 0.060930 0.068710
3 0.817170 0.351520 0.073430 0.057770
3 0.810890 0.429660 0.090590 0.057770
3 0.807780 0.509360 0.085920 0.060930
3 0.801560 0.596840 0.084370 0.054660
3 0.812500 0.662490 0.084370 0.056210
3 0.801560 0.751520 0.078100 0.068710
2 0.499980 0.260930 0.079650 0.081210
2 0.504650 0.332800 0.092150 0.051540
2 0.506250 0.420280 0.081210 0.064040
0 0.257770 0.237490 0.078100 0.078100
0 0.256210 0.329690 0.085920 0.067150
0 0.257770 0.423440 0.090590 0.070270
0 0.253100 0.509360 0.129690 0.065600
0 0.260930 0.579670 0.114030 0.060930
0 0.257770 0.662490 0.093710 0.078100
0 0.246880 0.839050 0.098420 0.099980
