10 0.374960 0.621840 0.078100 0.068710
10 0.603110 0.470270 0.078100 0.074980
10 0.371850 0.464040 0.074980 0.057770
10 0.220280 0.468710 0.112470 0.073430
10 0.685920 0.220280 0.084370 0.103090
10 0.687480 0.620280 0.071870 0.076540
10 0.523410 0.615610 0.068710 0.071870
7 0.442160 0.778120 0.067150 0.092150
7 0.449990 0.310920 0.074980 0.085920
7 0.448430 0.542180 0.070270 0.070270
7 0.601560 0.398400 0.079650 0.071870
7 0.762460 0.460930 0.095310 0.079650
6 0.376520 0.226550 0.064040 0.085920
6 0.679650 0.539020 0.071870 0.070270
6 0.231220 0.687480 0.093710 0.074980
6 0.374960 0.539020 0.070270 0.068710
4 0.598400 0.317190 0.070270 0.090590
4 0.676540 0.385900 0.082760 0.073430
4 0.682760 0.701530 0.084370 0.093710
4 0.529690 0.696860 0.076540 0.087480
1 0.290590 0.315590 0.089040 0.084370
