3 0.228110 0.206230 0.057770 0.065600
3 0.312470 0.218720 0.062490 0.065600
3 0.534360 0.231220 0.053100 0.060930
3 0.600000 0.232780 0.057770 0.060930
3 0.668710 0.240600 0.056210 0.057770
3 0.745300 0.248430 0.060930 0.056210
3 0.232780 0.287480 0.056210 0.064040
3 0.307800 0.287480 0.056210 0.057770
3 0.606230 0.309360 0.062490 0.056210
3 0.673430 0.314030 0.057770 0.054660
3 0.732800 0.324970 0.057770 0.056210
3 0.234380 0.351520 0.054660 0.053100
3 0.299980 0.370290 0.054660 0.049990
3 0.598400 0.379670 0.059330 0.051540
3 0.673430 0.384340 0.060930 0.049990
3 0.740580 0.392170 0.057770 0.046880
3 0.231220 0.449990 0.062490 0.056210
3 0.306250 0.448430 0.062490 0.051540
3 0.381230 0.456210 0.051540 0.053100
3 0.524970 0.454660 0.051540 0.054660
3 0.595280 0.457770 0.054660 0.053100
3 0.667150 0.462490 0.057770 0.056210
3 0.737470 0.462490 0.067150 0.054660
3 0.232780 0.529690 0.057770 0.057770
3 0.306250 0.523410 0.056210 0.056210
3 0.596840 0.529690 0.054660 0.048430
3 0.668710 0.523410 0.060930 0.048430
3 0.753120 0.539020 0.064040 0.046880
3 0.229660 0.609340 0.060930 0.053100
3 0.306250 0.612500 0.057770 0.053100
3 0.603110 0.601560 0.056210 0.054660
3 0.667150 0.601560 0.057770 0.054660
3 0.743740 0.593730 0.064040 0.054660
3 0.228110 0.689040 0.059330 0.059330
3 0.299980 0.681210 0.049990 0.060930
3 0.600000 0.671870 0.056210 0.060930
3 0.668710 0.674980 0.062490 0.056210
3 0.746850 0.664040 0.068710 0.054660
3 0.229660 0.760910 0.059330 0.064040
3 0.299980 0.773400 0.049990 0.065600
3 0.384340 0.759350 0.051540 0.059330
3 0.590620 0.746850 0.057770 0.064040
3 0.674980 0.748410 0.062490 0.062490
3 0.749970 0.742180 0.064040 0.054660
