0 0.792170 0.800000 0.078100 0.074980
0 0.401560 0.562460 0.057770 0.060930
1 0.696860 0.415610 0.081210 0.079650
1 0.617170 0.496860 0.068710 0.067150
1 0.478100 0.487480 0.064040 0.071870
1 0.699980 0.818720 0.085920 0.099980
2 0.329690 0.490590 0.073430 0.065600
2 0.549970 0.564020 0.065600 0.067150
2 0.403110 0.714030 0.065600 0.074980
2 0.609340 0.878100 0.064040 0.090590
3 0.265600 0.421840 0.062490 0.053100
3 0.407780 0.426550 0.056210 0.056210
3 0.542180 0.434380 0.049990 0.053100
3 0.615610 0.353120 0.051540 0.056210
3 0.551520 0.643720 0.049990 0.049990
3 0.323410 0.629660 0.060930 0.053100
3 0.468710 0.806230 0.054660 0.062490
4 0.479650 0.342180 0.065600 0.089040
5 0.770290 0.643720 0.078100 0.064040
5 0.485920 0.562460 0.051540 0.053100
