9 0.168730 0.210890 0.079650 0.084370
9 0.165580 0.435930 0.085920 0.065600
9 0.592170 0.520300 0.064040 0.074980
9 0.771850 0.423440 0.074980 0.073430
9 0.679650 0.631220 0.076540 0.064040
3 0.292150 0.237490 0.076540 0.084370
3 0.389060 0.223440 0.059330 0.085920
3 0.485920 0.221840 0.062490 0.079650
3 0.582790 0.318750 0.062490 0.064040
3 0.503090 0.407780 0.056210 0.064040
3 0.384340 0.526530 0.062490 0.056210
3 0.493710 0.712470 0.068710 0.068710
3 0.384340 0.739020 0.064040 0.067150
3 0.789060 0.729690 0.081210 0.073430
3 0.903090 0.721860 0.093710 0.076540
3 0.893710 0.517190 0.089040 0.076540
3 0.779670 0.514030 0.078100 0.064040
3 0.764020 0.242160 0.071870 0.082760
3 0.676540 0.135910 0.068710 0.085920
3 0.290590 0.429660 0.068710 0.071870
3 0.167180 0.640600 0.078100 0.070270
3 0.482760 0.837490 0.065600 0.073430
3 0.376520 0.857770 0.057770 0.084370
3 0.165580 0.867150 0.085920 0.079650
3 0.593730 0.849990 0.071870 0.079650
3 0.904650 0.820280 0.101530 0.073430
3 0.584340 0.220280 0.059330 0.095310
3 0.689040 0.414050 0.076540 0.068710
8 0.710920 0.837490 0.107800 0.096860
8 0.284370 0.734360 0.087480 0.078100
8 0.276540 0.121860 0.096860 0.114030
4 0.578120 0.123410 0.117190 0.143740
5 0.278100 0.874980 0.084370 0.104650
5 0.181230 0.107800 0.090590 0.110920
2 0.376520 0.115590 0.079650 0.137470
2 0.474980 0.121860 0.079650 0.124970
2 0.770290 0.123410 0.084370 0.121860
2 0.679650 0.231220 0.074980 0.096860
11 0.596840 0.728080 0.093710 0.081210
