11 0.381230 0.484370 0.059330 0.065600
11 0.553080 0.496860 0.067150 0.060930
11 0.631220 0.664040 0.071870 0.070270
11 0.368730 0.671870 0.065600 0.079650
10 0.357790 0.287480 0.078100 0.093710
10 0.467150 0.303090 0.078100 0.092150
10 0.156240 0.287480 0.114030 0.098420
9 0.635930 0.764020 0.057770 0.064040
9 0.715590 0.735910 0.059330 0.065600
9 0.542180 0.310920 0.057770 0.062490
8 0.270270 0.210890 0.079650 0.087480
8 0.285920 0.489040 0.070270 0.068710
8 0.171850 0.482760 0.076540 0.076540
8 0.639050 0.568730 0.065600 0.070270
8 0.639050 0.406230 0.082760 0.068710
8 0.823440 0.387460 0.092150 0.068710
7 0.270270 0.390620 0.082760 0.085920
7 0.170290 0.390620 0.106250 0.085920
7 0.748410 0.203110 0.107800 0.112470
6 0.737470 0.392170 0.073430 0.064040
6 0.832780 0.482760 0.089040 0.070270
6 0.837490 0.296860 0.089040 0.070270
6 0.834330 0.215610 0.081210 0.078100
6 0.167180 0.195280 0.087480 0.078100
6 0.649990 0.485920 0.078100 0.065600
5 0.364020 0.218720 0.064040 0.084370
5 0.178120 0.571850 0.081210 0.070270
5 0.171850 0.668710 0.085920 0.068710
5 0.474980 0.474980 0.059330 0.057770
5 0.726530 0.568730 0.082760 0.065600
5 0.637490 0.204670 0.078100 0.089040
4 0.828110 0.565620 0.107800 0.071870
4 0.456210 0.579670 0.070270 0.076540
4 0.545300 0.576520 0.074980 0.074980
3 0.273430 0.299980 0.057770 0.057770
3 0.739020 0.667150 0.065600 0.062490
3 0.815610 0.660930 0.074980 0.070270
2 0.360910 0.401560 0.074980 0.064040
2 0.473430 0.195280 0.065600 0.087480
2 0.729690 0.496860 0.078100 0.062490
2 0.554680 0.407780 0.067150 0.068710
1 0.553080 0.192170 0.078100 0.117190
1 0.364020 0.582790 0.074980 0.081210
1 0.471870 0.398400 0.076540 0.081210
0 0.632780 0.314030 0.068710 0.071870
0 0.746850 0.301530 0.087480 0.076540
0 0.454660 0.668710 0.068710 0.071870
0 0.542180 0.654660 0.064040 0.068710
0 0.276540 0.595280 0.074980 0.074980
