1 0.568730 0.662490 0.076540 0.139020
2 0.840600 0.706250 0.090590 0.109360
2 0.423440 0.424990 0.056210 0.090590
5 0.535910 0.378120 0.045270 0.081210
5 0.628110 0.285920 0.043720 0.078100
4 0.515590 0.229660 0.048430 0.106250
0 0.520300 0.496860 0.051540 0.095310
3 0.614050 0.437490 0.042160 0.073430
8 0.373400 0.632780 0.067150 0.107800
8 0.659370 0.239050 0.043720 0.081210
11 0.712470 0.284370 0.040600 0.071870
10 0.398400 0.315590 0.060930 0.112470
6 0.179670 0.617170 0.087480 0.099980
9 0.321860 0.493710 0.049990 0.067150
9 0.524970 0.434380 0.039050 0.068710
9 0.621840 0.331240 0.034380 0.067150
9 0.389060 0.245270 0.032780 0.054660
