3 0.248430 0.232780 0.067150 0.062490
3 0.389060 0.235930 0.056210 0.068710
3 0.456210 0.239050 0.053100 0.074980
3 0.601560 0.239050 0.056210 0.071870
3 0.740580 0.239050 0.065600 0.068710
3 0.248430 0.309360 0.059330 0.062490
3 0.314030 0.310920 0.054660 0.064040
3 0.382790 0.304650 0.059330 0.068710
3 0.456210 0.315590 0.056210 0.060930
3 0.524970 0.306250 0.051540 0.064040
3 0.603110 0.309360 0.053100 0.051540
3 0.673430 0.315590 0.053100 0.062490
3 0.746850 0.312470 0.059330 0.062490
3 0.248430 0.376520 0.057770 0.056210
3 0.312470 0.378120 0.056210 0.059330
3 0.449990 0.382790 0.051540 0.060930
3 0.521860 0.373400 0.049990 0.060930
3 0.598400 0.371850 0.049990 0.059330
3 0.745300 0.378120 0.056210 0.056210
3 0.240600 0.448430 0.064040 0.062490
3 0.309360 0.456210 0.056210 0.054660
3 0.387460 0.453100 0.062490 0.056210
3 0.462490 0.451540 0.048430 0.057770
3 0.526530 0.456210 0.056210 0.062490
3 0.596840 0.446880 0.051540 0.062490
3 0.668710 0.446880 0.051540 0.059330
3 0.745300 0.456210 0.056210 0.057770
3 0.240600 0.517190 0.060930 0.057770
3 0.307800 0.528080 0.059330 0.056210
3 0.453100 0.523410 0.051540 0.056210
3 0.515590 0.518750 0.046880 0.056210
3 0.598400 0.528080 0.051540 0.049990
3 0.673430 0.524970 0.053100 0.056210
3 0.303090 0.598400 0.073430 0.046880
3 0.379670 0.584340 0.054660 0.056210
3 0.465600 0.601560 0.049990 0.056210
3 0.528080 0.595280 0.053100 0.046880
3 0.296860 0.679650 0.062490 0.060930
3 0.371850 0.674980 0.054660 0.060930
3 0.460930 0.674980 0.056210 0.060930
3 0.299980 0.746850 0.065600 0.060930
3 0.378120 0.757790 0.056210 0.057770
3 0.465600 0.742180 0.048430 0.056210
3 0.532800 0.753120 0.057770 0.062490
