3 0.724970 0.778120 0.067150 0.068710
3 0.817170 0.693710 0.074980 0.062490
3 0.815610 0.462490 0.084370 0.053100
3 0.568730 0.215610 0.053100 0.068710
3 0.565620 0.384340 0.056210 0.054660
3 0.568730 0.459330 0.043720 0.051540
3 0.567180 0.540630 0.056210 0.056210
3 0.487480 0.534360 0.046880 0.051540
3 0.485920 0.460930 0.043720 0.049990
3 0.249990 0.315590 0.067150 0.057770
3 0.332800 0.385900 0.062490 0.057770
3 0.337470 0.540630 0.062490 0.048430
3 0.332800 0.687480 0.056210 0.062490
3 0.240600 0.706250 0.067150 0.060930
3 0.720300 0.531240 0.057770 0.049990
4 0.492150 0.292150 0.076540 0.093710
5 0.329690 0.467150 0.074980 0.056210
5 0.565620 0.781230 0.071870 0.087480
8 0.246880 0.607780 0.084370 0.071870
8 0.715590 0.618720 0.074980 0.082760
2 0.407780 0.704650 0.065600 0.089040
2 0.489040 0.696860 0.062490 0.087480
2 0.578120 0.610890 0.073430 0.062490
2 0.649990 0.307800 0.060930 0.074980
