3 0.240600 0.217170 0.049990 0.064040
3 0.310920 0.231220 0.053100 0.062490
3 0.384340 0.226550 0.045270 0.062490
3 0.457770 0.242160 0.046880 0.060930
3 0.521860 0.226550 0.043720 0.062490
3 0.585900 0.237490 0.043720 0.057770
3 0.659370 0.232780 0.053100 0.059330
3 0.735910 0.231220 0.056210 0.054660
3 0.734360 0.289040 0.051540 0.054660
3 0.653100 0.295310 0.053100 0.056210
3 0.590620 0.298420 0.049990 0.053100
3 0.520300 0.296860 0.051540 0.060930
3 0.365580 0.293710 0.056210 0.060930
3 0.301530 0.289040 0.051540 0.051540
3 0.237490 0.296860 0.056210 0.059330
3 0.742180 0.367180 0.053100 0.054660
3 0.664040 0.370290 0.053100 0.056210
3 0.589060 0.360910 0.046880 0.056210
3 0.446880 0.362460 0.049990 0.059330
3 0.365580 0.360910 0.056210 0.059330
3 0.298420 0.354680 0.056210 0.056210
3 0.224990 0.362460 0.051540 0.053100
3 0.229660 0.439050 0.062490 0.057770
3 0.298420 0.434380 0.056210 0.056210
3 0.289040 0.506250 0.057770 0.051540
3 0.220280 0.507800 0.062490 0.048430
3 0.209340 0.579670 0.060930 0.048430
3 0.284370 0.571850 0.064040 0.054660
3 0.282760 0.648430 0.065600 0.043720
3 0.212500 0.668710 0.065600 0.048430
3 0.206230 0.749970 0.067150 0.045270
3 0.295310 0.739020 0.051540 0.059330
3 0.376520 0.579670 0.049990 0.053100
3 0.445270 0.589060 0.043720 0.056210
3 0.370290 0.662490 0.053100 0.054660
3 0.521860 0.723410 0.049990 0.056210
3 0.673430 0.728080 0.051540 0.054660
3 0.670270 0.653100 0.056210 0.053100
3 0.668710 0.582790 0.059330 0.049990
3 0.662490 0.437490 0.057770 0.045270
3 0.740580 0.440600 0.056210 0.057770
3 0.746850 0.578120 0.062490 0.045270
3 0.753120 0.654660 0.068710 0.056210
3 0.756240 0.735910 0.065600 0.053100
