10 0.693710 0.228110 0.074980 0.099980
10 0.612500 0.389060 0.064040 0.074980
10 0.539020 0.459330 0.062490 0.060930
10 0.389060 0.614050 0.074980 0.071870
10 0.470270 0.390620 0.068710 0.074980
10 0.310920 0.315590 0.084370 0.082760
10 0.392170 0.240600 0.076540 0.092150
7 0.687480 0.467150 0.079650 0.062490
7 0.612500 0.534360 0.064040 0.062490
7 0.539020 0.604670 0.062490 0.067150
7 0.462490 0.764020 0.068710 0.087480
7 0.240600 0.681210 0.095310 0.078100
6 0.326530 0.392170 0.062490 0.059330
6 0.331240 0.465600 0.059330 0.059330
6 0.548410 0.757790 0.054660 0.071870
6 0.245270 0.748410 0.084370 0.064040
4 0.770290 0.381230 0.098420 0.076540
4 0.770290 0.767180 0.093710 0.093710
4 0.314030 0.609340 0.082760 0.068710
4 0.471870 0.237490 0.062490 0.092150
1 0.390620 0.390620 0.065600 0.070270
