3 0.514030 0.257770 0.071870 0.067150
1 0.706250 0.268710 0.095310 0.114030
11 0.590620 0.285920 0.078100 0.081210
6 0.315590 0.303090 0.095310 0.076540
3 0.459330 0.318750 0.068710 0.067150
9 0.604670 0.343740 0.068710 0.062490
8 0.676540 0.367180 0.095310 0.078100
9 0.431220 0.371850 0.071870 0.062490
3 0.592170 0.398400 0.076540 0.059330
5 0.784340 0.399950 0.090590 0.078100
5 0.298420 0.409340 0.099980 0.071870
2 0.434380 0.429660 0.093710 0.067150
8 0.693710 0.439050 0.098420 0.082760
10 0.501530 0.476540 0.098420 0.073430
9 0.429660 0.487480 0.076540 0.056210
0 0.276540 0.492150 0.107800 0.059330
3 0.456210 0.545300 0.073430 0.059330
3 0.323410 0.545300 0.078100 0.054660
2 0.717190 0.548410 0.099980 0.067150
6 0.382790 0.576520 0.090590 0.062490
3 0.284370 0.601560 0.087480 0.054660
11 0.632780 0.606230 0.087480 0.064040
0 0.512470 0.618720 0.085920 0.068710
3 0.826550 0.654660 0.081210 0.059330
3 0.435930 0.659370 0.076540 0.059330
9 0.746850 0.662490 0.078100 0.064040
9 0.506250 0.693710 0.081210 0.062490
9 0.245270 0.695310 0.098420 0.062490
7 0.354680 0.703090 0.118750 0.071870
9 0.814050 0.734360 0.082760 0.064040
4 0.723410 0.737470 0.099980 0.081210
9 0.585900 0.745300 0.082760 0.064040
