3 0.557790 0.309360 0.049990 0.053100
3 0.626550 0.309360 0.048430 0.053100
3 0.704650 0.229660 0.053100 0.056210
3 0.629660 0.454660 0.051540 0.043720
3 0.471870 0.607780 0.046880 0.045270
3 0.318750 0.771850 0.056210 0.060930
3 0.635930 0.535910 0.054660 0.045270
1 0.801560 0.532800 0.106250 0.051540
1 0.471870 0.703090 0.064040 0.087480
1 0.321860 0.529690 0.074980 0.059330
1 0.478100 0.534360 0.060930 0.059330
2 0.793730 0.460930 0.084370 0.054660
2 0.334360 0.209340 0.068710 0.076540
2 0.401560 0.460930 0.059330 0.057770
2 0.253100 0.464040 0.057770 0.062490
6 0.559350 0.612500 0.054660 0.059330
6 0.417170 0.376520 0.049990 0.054660
6 0.401560 0.609340 0.054660 0.056210
6 0.476540 0.781230 0.051540 0.068710
9 0.556240 0.390620 0.048430 0.049990
9 0.479650 0.467150 0.046880 0.043720
9 0.315590 0.689040 0.051540 0.054660
9 0.474980 0.231220 0.049990 0.059330
11 0.710920 0.457770 0.068710 0.053100
11 0.707800 0.624990 0.073430 0.062490
11 0.390620 0.774960 0.059330 0.074980
0 0.549970 0.459330 0.051540 0.049990
0 0.703090 0.770290 0.074980 0.073430
5 0.553080 0.529690 0.059330 0.056210
5 0.629660 0.378120 0.060930 0.065600
8 0.321860 0.615610 0.068710 0.068710
8 0.720300 0.298420 0.070270 0.073430
4 0.320300 0.371850 0.079650 0.078100
10 0.396840 0.693710 0.070270 0.076540
