5 0.435930 0.390620 0.053100 0.054660
0 0.435930 0.332800 0.039050 0.048430
8 0.493710 0.512470 0.045270 0.049990
11 0.543740 0.571850 0.053100 0.035930
4 0.546850 0.454660 0.060930 0.053100
10 0.607780 0.451540 0.067150 0.049990
7 0.548410 0.385900 0.067150 0.053100
1 0.553080 0.270270 0.059330 0.067150
11 0.485920 0.218720 0.046880 0.049990
5 0.493710 0.276540 0.053100 0.048430
6 0.596840 0.292150 0.054660 0.043720
8 0.596840 0.340630 0.060930 0.049990
5 0.637490 0.393730 0.048430 0.035930
6 0.640600 0.343740 0.062490 0.037490
5 0.685920 0.226550 0.048430 0.053100
0 0.696860 0.343740 0.056210 0.039050
