10 0.273430 0.329690 0.089040 0.074980
10 0.270270 0.410890 0.090590 0.065600
10 0.274980 0.784340 0.084370 0.093710
10 0.504650 0.710920 0.060930 0.095310
10 0.431220 0.328080 0.064040 0.078100
10 0.501530 0.329690 0.059330 0.082760
10 0.731240 0.484370 0.087480 0.065600
7 0.279650 0.639050 0.093710 0.084370
7 0.351520 0.785900 0.084370 0.096860
7 0.574960 0.790620 0.073430 0.096860
7 0.726530 0.628110 0.084370 0.071870
7 0.656210 0.323410 0.073430 0.084370
6 0.357790 0.479650 0.053100 0.049990
6 0.635930 0.632780 0.056210 0.064040
6 0.804670 0.790620 0.079650 0.082760
6 0.724970 0.331240 0.068710 0.057770
4 0.578120 0.481210 0.059330 0.059330
4 0.499980 0.559350 0.064040 0.064040
4 0.274980 0.553080 0.098420 0.060930
4 0.818720 0.404670 0.098420 0.068710
1 0.421840 0.484370 0.065600 0.056210
