0 0.299980 0.817170 0.090590 0.099980
0 0.384340 0.820280 0.065600 0.107800
0 0.465600 0.820280 0.081210 0.114030
0 0.546850 0.809340 0.067150 0.114030
0 0.629660 0.815610 0.064040 0.101530
0 0.698420 0.818720 0.071870 0.121860
0 0.778120 0.810890 0.085920 0.099980
2 0.209340 0.231220 0.090590 0.090590
2 0.303090 0.234380 0.078100 0.087480
2 0.379670 0.240600 0.062490 0.092150
3 0.215610 0.490590 0.090590 0.087480
3 0.306250 0.481210 0.071870 0.074980
3 0.376520 0.484370 0.060930 0.073430
3 0.449990 0.482760 0.067150 0.067150
3 0.539020 0.481210 0.062490 0.067150
3 0.621840 0.479650 0.071870 0.085920
3 0.709360 0.501530 0.070270 0.084370
5 0.707800 0.243720 0.079650 0.099980
5 0.790620 0.249990 0.074980 0.114030
