4 0.082760 0.137470 0.131240 0.121860
4 0.320300 0.765580 0.092150 0.112470
4 0.610890 0.456210 0.087480 0.074980
10 0.814050 0.139020 0.120300 0.117190
10 0.214050 0.543740 0.110920 0.078100
10 0.499980 0.545300 0.078100 0.078100
0 0.114030 0.256210 0.093710 0.078100
0 0.218720 0.264040 0.082760 0.076540
0 0.223440 0.453100 0.082760 0.062490
0 0.312470 0.449990 0.070270 0.062490
0 0.614050 0.835930 0.070270 0.092150
6 0.317190 0.234380 0.071870 0.081210
6 0.501530 0.253100 0.064040 0.078100
6 0.693710 0.342180 0.078100 0.067150
6 0.306250 0.642160 0.071870 0.071870
6 0.685920 0.740580 0.074980 0.081210
6 0.217170 0.845270 0.082760 0.090590
2 0.407780 0.249990 0.071870 0.089040
2 0.509360 0.353120 0.070270 0.071870
2 0.210890 0.359350 0.096860 0.071870
2 0.604670 0.546850 0.071870 0.073430
5 0.607780 0.246880 0.073430 0.081210
5 0.600000 0.340630 0.070270 0.074980
5 0.501530 0.737470 0.065600 0.082760
5 0.723410 0.660930 0.081210 0.076540
5 0.804670 0.835930 0.089040 0.092150
5 0.520300 0.837490 0.062490 0.093710
8 0.695310 0.234380 0.076540 0.092150
8 0.792170 0.245270 0.084370 0.087480
8 0.304650 0.339020 0.074980 0.079650
8 0.406230 0.349970 0.070270 0.078100
8 0.114030 0.734360 0.090590 0.092150
8 0.110920 0.845270 0.103090 0.099980
3 0.426550 0.432780 0.054660 0.053100
3 0.239050 0.732800 0.065600 0.067150
9 0.226550 0.654660 0.068710 0.060930
7 0.509360 0.445270 0.074980 0.074980
7 0.718750 0.445270 0.107800 0.074980
7 0.414050 0.632780 0.079650 0.090590
11 0.317190 0.531240 0.076540 0.065600
11 0.414050 0.532800 0.065600 0.065600
11 0.710920 0.540630 0.081210 0.067150
11 0.510920 0.618720 0.064040 0.071870
1 0.409340 0.754680 0.078100 0.110920
1 0.615610 0.632780 0.089040 0.092150
1 0.603110 0.732800 0.087480 0.109360
