0 0.493710 0.467150 0.035930 0.029660
0 0.409340 0.467150 0.037490 0.031220
0 0.629660 0.498420 0.032780 0.032780
0 0.451540 0.506250 0.034380 0.031220
0 0.532800 0.507800 0.035930 0.028110
0 0.532800 0.554680 0.037490 0.029660
3 0.373400 0.426550 0.031220 0.028110
3 0.406230 0.423440 0.031220 0.026550
3 0.449990 0.420280 0.028110 0.029660
3 0.493710 0.424990 0.029660 0.026550
3 0.535910 0.418720 0.029660 0.026550
3 0.576520 0.417170 0.028110 0.028110
3 0.629660 0.424990 0.031220 0.032780
3 0.371850 0.459330 0.032780 0.028110
3 0.456210 0.474980 0.031220 0.023440
3 0.623440 0.459330 0.029660 0.028110
3 0.542180 0.467150 0.029660 0.029660
3 0.585900 0.460930 0.031220 0.032780
3 0.374960 0.501530 0.035930 0.028110
3 0.345300 0.543740 0.037490 0.029660
3 0.410890 0.545300 0.029660 0.029660
3 0.460930 0.554680 0.032780 0.028110
3 0.496860 0.549970 0.026550 0.029660
3 0.498420 0.504650 0.034380 0.028110
3 0.576520 0.507800 0.031220 0.029660
3 0.576520 0.553080 0.029660 0.029660
3 0.626550 0.546850 0.026550 0.029660
3 0.534360 0.598400 0.029660 0.031220
3 0.496860 0.590620 0.026550 0.031220
9 0.342180 0.590620 0.040600 0.028110
9 0.381230 0.590620 0.032780 0.028110
9 0.418720 0.593730 0.031220 0.028110
9 0.454660 0.585900 0.031220 0.028110
9 0.573400 0.595280 0.031220 0.026550
9 0.624990 0.585900 0.031220 0.031220
9 0.339020 0.626550 0.034380 0.028110
9 0.374960 0.629660 0.035930 0.026550
9 0.414050 0.628110 0.029660 0.029660
9 0.453100 0.631220 0.032780 0.028110
9 0.496860 0.629660 0.029660 0.029660
9 0.534360 0.646830 0.029660 0.028110
9 0.626550 0.639050 0.029660 0.029660
9 0.382790 0.676540 0.031220 0.028110
9 0.423440 0.676540 0.029660 0.029660
9 0.540630 0.676540 0.028110 0.029660
9 0.578120 0.692150 0.026550 0.028110
9 0.632780 0.682760 0.031220 0.031220
9 0.581230 0.726530 0.026550 0.032780
9 0.540630 0.721860 0.026550 0.031220
9 0.507800 0.724970 0.028110 0.029660
9 0.459330 0.721860 0.031220 0.028110
9 0.412500 0.715590 0.031220 0.035930
9 0.335910 0.714030 0.032780 0.028110
6 0.376520 0.710920 0.039050 0.032780
6 0.342180 0.665600 0.042160 0.032780
6 0.454660 0.678100 0.035930 0.034380
6 0.495310 0.678100 0.035930 0.037490
6 0.632780 0.728080 0.032780 0.039050
6 0.582790 0.635930 0.037490 0.037490
3 0.409340 0.504650 0.028110 0.023440
