5 0.193730 0.760910 0.092150 0.107800
5 0.190620 0.665600 0.085920 0.064040
3 0.501530 0.217170 0.053100 0.078100
3 0.567180 0.212500 0.062490 0.074980
3 0.654660 0.203110 0.059330 0.081210
3 0.728080 0.200000 0.070270 0.084370
3 0.274980 0.762460 0.056210 0.074980
3 0.356240 0.751520 0.073430 0.082760
3 0.437490 0.737470 0.065600 0.087480
2 0.753120 0.343740 0.084370 0.062490
2 0.743740 0.431220 0.096860 0.068710
2 0.753120 0.509360 0.084370 0.064040
0 0.270270 0.293710 0.074980 0.079650
0 0.356240 0.365580 0.071870 0.062490
0 0.432780 0.428110 0.064040 0.059330
0 0.498420 0.512470 0.059330 0.053100
0 0.579670 0.584340 0.049990 0.056210
0 0.660930 0.676540 0.062490 0.074980
0 0.760910 0.751520 0.092150 0.093710
