11 0.464040 0.631220 0.064040 0.064040
11 0.534360 0.557790 0.065600 0.067150
11 0.524970 0.492150 0.065600 0.056210
11 0.449990 0.278100 0.064040 0.073430
9 0.323410 0.428110 0.062490 0.051540
9 0.393730 0.424990 0.054660 0.049990
9 0.449990 0.417170 0.048430 0.045270
9 0.593730 0.348410 0.060930 0.065600
9 0.662490 0.410890 0.064040 0.053100
9 0.670270 0.556240 0.059330 0.056210
9 0.403110 0.696860 0.054660 0.059330
9 0.339020 0.696860 0.060930 0.051540
9 0.334360 0.564020 0.064040 0.056210
9 0.390620 0.564020 0.049990 0.049990
9 0.674980 0.771850 0.056210 0.071870
8 0.603110 0.265600 0.056210 0.078100
8 0.459330 0.356240 0.070270 0.068710
8 0.600000 0.548410 0.070270 0.070270
8 0.535910 0.768730 0.068710 0.087480
7 0.606230 0.776520 0.079650 0.096860
6 0.676540 0.489040 0.065600 0.057770
6 0.465600 0.762460 0.065600 0.082760
6 0.534360 0.699980 0.056210 0.074980
6 0.454660 0.490590 0.060930 0.048430
6 0.459330 0.562460 0.067150 0.068710
5 0.382790 0.284370 0.065600 0.073430
5 0.595280 0.628110 0.057770 0.054660
3 0.328080 0.764020 0.053100 0.057770
3 0.531240 0.626550 0.056210 0.062490
3 0.598400 0.418720 0.062490 0.045270
3 0.537470 0.356240 0.042160 0.057770
3 0.390620 0.354680 0.064040 0.054660
3 0.326530 0.367180 0.056210 0.051540
3 0.593730 0.481210 0.067150 0.060930
2 0.328080 0.496860 0.068710 0.062490
2 0.396840 0.490590 0.053100 0.074980
2 0.657770 0.340630 0.049990 0.070270
0 0.524970 0.279650 0.065600 0.082760
0 0.674980 0.634380 0.068710 0.070270
0 0.671870 0.698420 0.056210 0.068710
0 0.399950 0.773400 0.062490 0.082760
0 0.462490 0.696860 0.059330 0.078100
0 0.531240 0.418720 0.059330 0.059330
0 0.326530 0.632780 0.062490 0.065600
