3 0.265600 0.189060 0.065600 0.068710
3 0.348410 0.193730 0.068710 0.078100
3 0.439050 0.200000 0.064040 0.074980
3 0.514030 0.204670 0.053100 0.071870
3 0.568730 0.212500 0.064040 0.071870
3 0.646830 0.220280 0.060930 0.071870
3 0.714030 0.224990 0.056210 0.065600
3 0.789060 0.228110 0.068710 0.068710
3 0.271870 0.279650 0.068710 0.068710
3 0.360910 0.268710 0.064040 0.070270
3 0.442160 0.271870 0.057770 0.071870
3 0.506250 0.274980 0.049990 0.064040
3 0.576520 0.289040 0.056210 0.076540
3 0.654660 0.287480 0.060930 0.060930
3 0.721860 0.293710 0.056210 0.071870
3 0.773400 0.301530 0.057770 0.057770
3 0.359350 0.356240 0.064040 0.064040
3 0.578120 0.370290 0.062490 0.067150
3 0.648430 0.364020 0.062490 0.062490
3 0.779670 0.374960 0.065600 0.070270
3 0.434380 0.424990 0.064040 0.065600
3 0.567180 0.431220 0.067150 0.056210
3 0.762460 0.443720 0.065600 0.062490
3 0.362460 0.499980 0.064040 0.062490
3 0.778120 0.515590 0.071870 0.054660
3 0.429660 0.573400 0.068710 0.064040
3 0.571850 0.576520 0.062490 0.064040
3 0.768730 0.576520 0.073430 0.064040
3 0.281210 0.648430 0.065600 0.062490
3 0.345300 0.648430 0.056210 0.060930
3 0.424990 0.649990 0.067150 0.057770
3 0.493710 0.649990 0.057770 0.070270
3 0.565620 0.653100 0.065600 0.071870
3 0.635930 0.649990 0.062490 0.068710
3 0.709360 0.646830 0.064040 0.062490
3 0.773400 0.649990 0.068710 0.062490
3 0.265600 0.731240 0.064040 0.064040
3 0.346850 0.734360 0.056210 0.071870
3 0.429660 0.728080 0.060930 0.067150
3 0.493710 0.724970 0.053100 0.060930
3 0.562460 0.718750 0.065600 0.057770
3 0.637490 0.731240 0.064040 0.060930
3 0.709360 0.717190 0.060930 0.065600
3 0.773400 0.721860 0.067150 0.067150
