10 0.524970 0.351520 0.099980 0.098420
10 0.432780 0.543740 0.087480 0.084370
10 0.248430 0.531240 0.131240 0.090590
10 0.342180 0.623440 0.112470 0.078100
10 0.417170 0.812500 0.103090 0.121860
10 0.804670 0.710920 0.110920 0.106250
10 0.707800 0.342180 0.089040 0.095310
10 0.148410 0.621840 0.132800 0.090590
10 0.432780 0.443720 0.087480 0.074980
7 0.418720 0.262490 0.099980 0.093710
7 0.254660 0.359350 0.117190 0.068710
10 0.146850 0.620280 0.135910 0.095310
7 0.521860 0.445270 0.096860 0.084370
10 0.435930 0.445270 0.099980 0.084370
7 0.804670 0.542180 0.107800 0.090590
10 0.240600 0.524970 0.117190 0.087480
7 0.340630 0.724970 0.107800 0.103090
7 0.718750 0.248430 0.110920 0.106250
7 0.334360 0.443720 0.104650 0.079650
10 0.521860 0.348410 0.095310 0.096860
4 0.159350 0.281210 0.142180 0.093710
7 0.253100 0.357790 0.109360 0.078100
4 0.153120 0.451540 0.131240 0.079650
4 0.521860 0.709360 0.089040 0.093710
4 0.254660 0.718750 0.106250 0.090590
4 0.604670 0.146850 0.081210 0.128080
4 0.440600 0.159350 0.114030 0.115590
1 0.242160 0.165580 0.126530 0.120300
1 0.728080 0.135910 0.096860 0.110920
1 0.679650 0.453100 0.089040 0.078100
1 0.701530 0.624990 0.084370 0.092150
1 0.612500 0.814050 0.078100 0.124970
1 0.510920 0.821840 0.092150 0.106250
1 0.160910 0.806230 0.131240 0.104650
1 0.329690 0.343740 0.095310 0.081210
4 0.257770 0.717190 0.106250 0.092150
7 0.704650 0.810890 0.101530 0.112470
