11 0.423440 0.176520 0.057770 0.051540
11 0.484370 0.242160 0.049990 0.039050
5 0.648430 0.189060 0.028110 0.048430
5 0.601560 0.364020 0.043720 0.049990
5 0.553080 0.490590 0.046880 0.037490
5 0.456210 0.556240 0.046880 0.053100
8 0.451540 0.496860 0.053100 0.043720
8 0.554680 0.310920 0.043720 0.043720
6 0.610890 0.301530 0.037490 0.045270
6 0.553080 0.246880 0.039050 0.046880
0 0.659370 0.306250 0.037490 0.046880
0 0.493710 0.304650 0.039050 0.043720
7 0.492150 0.364020 0.046880 0.049990
1 0.553080 0.360910 0.037490 0.045270
10 0.557790 0.423440 0.043720 0.032780
4 0.504650 0.434380 0.037490 0.056210
