8 0.257770 0.345300 0.032780 0.051540
8 0.468710 0.335910 0.037490 0.051540
5 0.409340 0.392170 0.035930 0.048430
5 0.462490 0.385900 0.034380 0.046880
5 0.418720 0.653100 0.034380 0.043720
5 0.478100 0.651540 0.032780 0.039050
10 0.243720 0.543740 0.048430 0.059330
1 0.242160 0.482760 0.049990 0.059330
7 0.578120 0.473430 0.040600 0.062490
4 0.578120 0.526530 0.043720 0.057770
6 0.354680 0.390620 0.035930 0.048430
6 0.418720 0.485920 0.029660 0.043720
11 0.364020 0.348410 0.032780 0.043720
11 0.562460 0.381230 0.031220 0.048430
0 0.360910 0.489040 0.037490 0.045270
0 0.354680 0.545300 0.037490 0.043720
3 0.301530 0.495310 0.035930 0.043720
3 0.304650 0.445270 0.042160 0.040600
3 0.364020 0.445270 0.028110 0.043720
3 0.412500 0.445270 0.039050 0.037490
3 0.460930 0.428110 0.032780 0.035930
3 0.515590 0.426550 0.035930 0.045270
3 0.474980 0.485920 0.034380 0.035930
3 0.415610 0.546850 0.029660 0.046880
9 0.290590 0.659370 0.035930 0.035930
9 0.351520 0.609340 0.034380 0.042160
9 0.417170 0.600000 0.032780 0.034380
9 0.473430 0.593730 0.032780 0.035930
9 0.304650 0.543740 0.034380 0.039050
9 0.528080 0.585900 0.032780 0.032780
9 0.471870 0.539020 0.032780 0.040600
9 0.518750 0.535910 0.037490 0.042160
