6 0.629660 0.376520 0.045270 0.060930
6 0.609340 0.523410 0.059330 0.070270
6 0.770290 0.389060 0.071870 0.054660
6 0.403110 0.381230 0.046880 0.046880
4 0.557790 0.381230 0.062490 0.059330
4 0.537470 0.600000 0.056210 0.078100
4 0.537470 0.676540 0.065600 0.065600
4 0.249990 0.593730 0.089040 0.056210
7 0.557790 0.228110 0.059330 0.074980
7 0.243720 0.671870 0.076540 0.065600
7 0.246880 0.520300 0.079650 0.071870
7 0.254660 0.371850 0.076540 0.070270
7 0.256210 0.292150 0.081210 0.078100
1 0.543740 0.518750 0.060930 0.059330
10 0.556240 0.304650 0.060930 0.070270
10 0.693710 0.524970 0.081210 0.070270
10 0.549970 0.456210 0.062490 0.064040
10 0.535910 0.759350 0.068710 0.068710
10 0.243720 0.756240 0.081210 0.079650
10 0.256210 0.443720 0.076540 0.060930
9 0.337470 0.382790 0.049990 0.059330
9 0.474980 0.381230 0.043720 0.056210
9 0.692150 0.387460 0.056210 0.056210
9 0.760910 0.528080 0.060930 0.065600
9 0.615610 0.735910 0.059330 0.060930
9 0.682760 0.737470 0.054660 0.054660
9 0.462490 0.737470 0.051540 0.060930
9 0.385900 0.735910 0.043720 0.062490
9 0.471870 0.523410 0.040600 0.054660
9 0.406230 0.512470 0.040600 0.049990
9 0.334360 0.515590 0.043720 0.053100
