11 0.260930 0.379670 0.081210 0.082760
11 0.265600 0.465600 0.076540 0.070270
11 0.448430 0.843720 0.062490 0.095310
11 0.726530 0.740580 0.068710 0.076540
10 0.362460 0.279650 0.081210 0.096860
10 0.849990 0.653100 0.123410 0.085920
10 0.839050 0.848430 0.117190 0.112470
9 0.626550 0.274980 0.054660 0.064040
8 0.268710 0.193730 0.081210 0.087480
8 0.337470 0.742180 0.071870 0.076540
8 0.259370 0.756240 0.078100 0.079650
8 0.734360 0.834330 0.082760 0.087480
8 0.842160 0.762460 0.085920 0.078100
8 0.721860 0.465600 0.090590 0.073430
7 0.251540 0.556240 0.101530 0.087480
7 0.645270 0.735910 0.085920 0.101530
7 0.826550 0.379670 0.104650 0.099980
6 0.440600 0.273430 0.056210 0.078100
6 0.160910 0.278100 0.084370 0.076540
6 0.554680 0.848430 0.060930 0.085920
6 0.651540 0.853100 0.070270 0.085920
6 0.823440 0.560910 0.090590 0.070270
6 0.162460 0.840600 0.085920 0.093710
5 0.439050 0.185900 0.062490 0.085920
5 0.739020 0.285920 0.084370 0.074980
5 0.154680 0.568730 0.085920 0.070270
5 0.354680 0.835930 0.070270 0.090590
5 0.268710 0.840600 0.073430 0.090590
5 0.724970 0.657770 0.074980 0.071870
4 0.135910 0.378120 0.120300 0.087480
4 0.542180 0.746850 0.071870 0.095310
4 0.821840 0.168730 0.107800 0.115590
3 0.271870 0.298420 0.064040 0.062490
3 0.276540 0.645270 0.062490 0.057770
2 0.635930 0.185900 0.079650 0.101530
2 0.451540 0.742180 0.071870 0.076540
2 0.728080 0.542180 0.076540 0.065600
2 0.840600 0.481210 0.096860 0.067150
1 0.153120 0.473430 0.114030 0.081210
1 0.156240 0.754680 0.115590 0.101530
1 0.724970 0.360910 0.089040 0.085920
0 0.554680 0.198400 0.059330 0.084370
0 0.528080 0.292150 0.056210 0.081210
0 0.714030 0.189060 0.070270 0.092150
0 0.828110 0.276540 0.082760 0.078100
0 0.154680 0.664040 0.085920 0.078100
