0 0.381230 0.309360 0.049990 0.060930
0 0.315590 0.514030 0.046880 0.053100
0 0.390620 0.724970 0.067150 0.070270
0 0.523410 0.509360 0.049990 0.054660
0 0.453100 0.384340 0.051540 0.056210
0 0.653100 0.303090 0.053100 0.067150
0 0.659370 0.373400 0.059330 0.079650
2 0.321860 0.453100 0.059330 0.062490
2 0.242160 0.453100 0.076540 0.064040
2 0.743740 0.512470 0.064040 0.053100
3 0.248430 0.323410 0.054660 0.054660
3 0.314030 0.315590 0.053100 0.051540
3 0.589060 0.312470 0.048430 0.067150
3 0.521860 0.378120 0.057770 0.060930
3 0.453100 0.449990 0.056210 0.056210
3 0.315590 0.729690 0.059330 0.060930
3 0.596840 0.579670 0.060930 0.068710
5 0.723410 0.239050 0.067150 0.071870
6 0.592170 0.434380 0.059330 0.067150
6 0.387460 0.381230 0.053100 0.065600
6 0.656210 0.440600 0.054660 0.053100
6 0.590620 0.371850 0.054660 0.051540
6 0.590620 0.235930 0.049990 0.071870
6 0.523410 0.437490 0.056210 0.054660
7 0.654660 0.218720 0.067150 0.087480
8 0.384340 0.239050 0.054660 0.064040
8 0.317190 0.245270 0.062490 0.082760
8 0.453100 0.239050 0.071870 0.064040
8 0.745300 0.304650 0.073430 0.051540
9 0.257770 0.240600 0.048430 0.076540
9 0.243720 0.379670 0.068710 0.054660
9 0.318750 0.379670 0.059330 0.064040
9 0.734360 0.439050 0.065600 0.064040
9 0.737470 0.368730 0.067150 0.060930
9 0.593730 0.504650 0.064040 0.060930
9 0.667150 0.579670 0.064040 0.057770
9 0.321860 0.585900 0.065600 0.057770
9 0.253100 0.523410 0.059330 0.062490
9 0.456210 0.656210 0.068710 0.056210
9 0.315590 0.653100 0.057770 0.065600
11 0.457770 0.509360 0.053100 0.057770
11 0.460930 0.307800 0.049990 0.074980
11 0.518750 0.315590 0.051540 0.064040
11 0.521860 0.240600 0.049990 0.076540
