9 0.648430 0.517190 0.053100 0.057770
9 0.656210 0.587460 0.056210 0.051540
9 0.720300 0.453100 0.059330 0.049990
9 0.728080 0.381230 0.060930 0.057770
9 0.724970 0.514030 0.057770 0.056210
9 0.735910 0.587460 0.068710 0.057770
9 0.723410 0.667150 0.068710 0.053100
9 0.729690 0.731240 0.064040 0.048430
9 0.745300 0.803110 0.062490 0.062490
9 0.585900 0.729690 0.053100 0.053100
9 0.518750 0.729690 0.054660 0.056210
1 0.518750 0.821840 0.065600 0.087480
6 0.518750 0.587460 0.056210 0.054660
6 0.440600 0.735910 0.060930 0.064040
6 0.229660 0.293710 0.076540 0.067150
6 0.443720 0.814050 0.056210 0.065600
7 0.373400 0.517190 0.070270 0.051540
7 0.659370 0.378120 0.074980 0.074980
7 0.220280 0.595280 0.099980 0.059330
7 0.220280 0.820280 0.093710 0.087480
7 0.523410 0.665600 0.060930 0.068710
10 0.514030 0.517190 0.059330 0.062490
10 0.587460 0.445270 0.067150 0.067150
10 0.292150 0.454660 0.081210 0.064040
10 0.218720 0.521860 0.101530 0.062490
10 0.373400 0.667150 0.068710 0.065600
10 0.295310 0.814050 0.079650 0.087480
10 0.728080 0.301530 0.081210 0.087480
4 0.220280 0.374960 0.095310 0.073430
4 0.298420 0.728080 0.082760 0.071870
4 0.374960 0.818720 0.068710 0.093710
4 0.221840 0.665600 0.096860 0.064040
