4 0.174960 0.149970 0.107800 0.101530
0 0.203110 0.256210 0.076540 0.067150
10 0.181230 0.340630 0.110920 0.078100
0 0.209340 0.440600 0.076540 0.053100
1 0.198400 0.607780 0.101530 0.070270
8 0.206230 0.685920 0.071870 0.076540
8 0.203110 0.784340 0.084370 0.081210
6 0.296860 0.784340 0.070270 0.073430
3 0.315590 0.684370 0.054660 0.053100
9 0.303090 0.612500 0.056210 0.049990
6 0.378120 0.604670 0.060930 0.057770
0 0.399950 0.792170 0.057770 0.074980
2 0.484370 0.774960 0.060930 0.081210
5 0.568730 0.781230 0.056210 0.078100
0 0.656210 0.779670 0.059330 0.074980
6 0.723410 0.693710 0.065600 0.067150
1 0.643720 0.684370 0.071870 0.085920
3 0.487480 0.676540 0.048430 0.053100
11 0.559350 0.579670 0.057770 0.059330
6 0.826550 0.587460 0.076540 0.057770
1 0.656210 0.592170 0.076540 0.073430
2 0.645270 0.514030 0.060930 0.059330
11 0.743740 0.507800 0.071870 0.056210
2 0.818720 0.429660 0.084370 0.060930
4 0.648430 0.431220 0.074980 0.065600
11 0.470270 0.503090 0.057770 0.056210
5 0.560910 0.431220 0.057770 0.057770
5 0.828110 0.320300 0.081210 0.068710
5 0.640600 0.324970 0.062490 0.067150
5 0.646830 0.239050 0.062490 0.074980
8 0.740580 0.337470 0.067150 0.068710
8 0.559350 0.317190 0.062490 0.070270
8 0.462490 0.337470 0.060930 0.071870
8 0.371850 0.328080 0.060930 0.071870
0 0.379670 0.429660 0.059330 0.054660
2 0.474980 0.226550 0.060930 0.081210
10 0.374960 0.156240 0.081210 0.103090
7 0.543740 0.151520 0.070270 0.107800
6 0.632780 0.149970 0.057770 0.081210
6 0.742180 0.156240 0.067150 0.079650
10 0.839050 0.134360 0.103090 0.106250
11 0.265600 0.142180 0.074980 0.082760
5 0.835930 0.785900 0.078100 0.068710
7 0.843720 0.709360 0.103090 0.092150
4 0.301530 0.518750 0.090590 0.067150
7 0.204670 0.520300 0.087480 0.067150
