10 0.476540 0.537470 0.037490 0.040600
7 0.593730 0.548410 0.049990 0.043720
0 0.535910 0.485920 0.032780 0.034380
5 0.484370 0.645270 0.034380 0.040600
6 0.587460 0.646830 0.037490 0.039050
8 0.423440 0.690590 0.035930 0.048430
4 0.371850 0.639050 0.043720 0.051540
11 0.314030 0.593730 0.037490 0.039050
0 0.328080 0.746850 0.034380 0.045270
8 0.482760 0.796840 0.034380 0.056210
6 0.581230 0.748410 0.035930 0.045270
11 0.632780 0.795280 0.039050 0.051540
5 0.632780 0.699980 0.040600 0.045270
5 0.684370 0.740580 0.043720 0.045270
5 0.684370 0.637490 0.042160 0.040600
1 0.379670 0.537470 0.039050 0.043720
