6 0.429660 0.140580 0.071870 0.090590
0 0.612500 0.129690 0.062490 0.096860
5 0.846880 0.148410 0.103090 0.092150
3 0.131240 0.254660 0.089040 0.071870
11 0.240600 0.243720 0.098420 0.098420
9 0.349970 0.262490 0.071870 0.070270
2 0.442160 0.243720 0.081210 0.081210
5 0.640600 0.240600 0.079650 0.090590
5 0.740580 0.231220 0.087480 0.085920
9 0.143740 0.356240 0.078100 0.065600
2 0.243720 0.342180 0.082760 0.071870
4 0.337470 0.345300 0.089040 0.079650
6 0.446880 0.339020 0.073430 0.074980
0 0.543740 0.342180 0.073430 0.084370
3 0.659370 0.351520 0.060930 0.067150
11 0.735910 0.334360 0.074980 0.073430
1 0.851540 0.343740 0.117190 0.095310
10 0.126530 0.439050 0.115590 0.082760
8 0.221840 0.445270 0.084370 0.071870
8 0.343740 0.443720 0.082760 0.074980
5 0.453100 0.434380 0.071870 0.065600
4 0.551520 0.445270 0.074980 0.076540
10 0.634380 0.451540 0.090590 0.071870
1 0.749970 0.445270 0.101530 0.081210
4 0.857770 0.434380 0.107800 0.073430
7 0.134360 0.537470 0.129690 0.084370
6 0.335910 0.540630 0.082760 0.070270
1 0.445270 0.543740 0.076540 0.076540
8 0.531240 0.551520 0.074980 0.071870
8 0.837490 0.515590 0.095310 0.076540
11 0.140580 0.662490 0.103090 0.093710
6 0.239050 0.639050 0.085920 0.081210
8 0.351520 0.623440 0.085920 0.081210
5 0.456210 0.635930 0.074980 0.078100
11 0.646830 0.639050 0.078100 0.084370
6 0.735910 0.618720 0.081210 0.087480
0 0.843720 0.623440 0.103090 0.082760
0 0.232780 0.735910 0.095310 0.078100
0 0.359350 0.715590 0.085920 0.084370
9 0.448430 0.718750 0.062490 0.071870
7 0.554680 0.732800 0.090590 0.114030
3 0.726530 0.710920 0.060930 0.074980
6 0.835930 0.724970 0.087480 0.095310
7 0.140580 0.843720 0.126530 0.124970
8 0.242160 0.824990 0.090590 0.090590
5 0.354680 0.832780 0.076540 0.098420
2 0.529690 0.829660 0.074980 0.090590
2 0.721860 0.818720 0.095310 0.107800
10 0.846880 0.817170 0.132800 0.124970
