3 0.409340 0.789060 0.053100 0.068710
11 0.474980 0.478100 0.059330 0.087480
7 0.559350 0.526530 0.073430 0.118750
5 0.259370 0.559350 0.070270 0.089040
3 0.464040 0.362460 0.043720 0.068710
1 0.540630 0.396840 0.067150 0.117190
8 0.084370 0.803110 0.104650 0.084370
9 0.106250 0.721860 0.071870 0.070270
11 0.118750 0.640600 0.085920 0.089040
9 0.131240 0.587460 0.062490 0.068710
6 0.137470 0.515590 0.078100 0.093710
10 0.146850 0.449990 0.082760 0.103090
8 0.156240 0.399950 0.074980 0.081210
9 0.103090 0.406230 0.054660 0.065600
9 0.171850 0.356240 0.051540 0.067150
9 0.178120 0.314030 0.048430 0.065600
9 0.112470 0.359350 0.051540 0.067150
9 0.121860 0.318750 0.049990 0.065600
9 0.735910 0.678100 0.056210 0.068710
6 0.687480 0.453100 0.059330 0.092150
3 0.971850 0.749970 0.056210 0.076540
3 0.959350 0.690590 0.074980 0.074980
3 0.940630 0.628110 0.067150 0.071870
5 0.923410 0.562460 0.087480 0.092150
2 0.901530 0.493710 0.089040 0.087480
3 0.876540 0.446880 0.059330 0.070270
3 0.859370 0.399950 0.057770 0.068710
0 0.849990 0.340630 0.070270 0.093710
2 0.828110 0.293710 0.071870 0.084370
3 0.809340 0.262490 0.049990 0.070270
4 0.903090 0.293710 0.082760 0.107800
0 0.884370 0.254660 0.070270 0.098420
