10 0.701530 0.679650 0.071870 0.081210
10 0.468710 0.667150 0.065600 0.090590
10 0.392170 0.667150 0.071870 0.084370
10 0.307800 0.668710 0.085920 0.087480
10 0.235930 0.664040 0.093710 0.085920
10 0.232780 0.740580 0.090590 0.085920
10 0.318750 0.749970 0.082760 0.098420
4 0.468710 0.193730 0.068710 0.103090
4 0.548410 0.195280 0.062490 0.106250
4 0.629660 0.190620 0.067150 0.101530
4 0.710920 0.195280 0.081210 0.103090
4 0.795280 0.190620 0.092150 0.101530
6 0.542180 0.674980 0.056210 0.078100
6 0.617170 0.670270 0.059330 0.074980
6 0.773400 0.668710 0.068710 0.064040
6 0.396840 0.745300 0.062490 0.074980
7 0.468710 0.746850 0.068710 0.096860
7 0.542180 0.753120 0.060930 0.096860
7 0.621840 0.757790 0.068710 0.093710
7 0.704650 0.760910 0.087480 0.103090
7 0.795280 0.757790 0.090590 0.101530
