3 0.329690 0.289040 0.067150 0.078100
3 0.245270 0.368730 0.068710 0.071870
3 0.410890 0.364020 0.060930 0.062490
3 0.479650 0.289040 0.074980 0.071870
3 0.629660 0.371850 0.067150 0.068710
3 0.710920 0.290590 0.070270 0.073430
3 0.771850 0.378120 0.087480 0.064040
5 0.403110 0.512470 0.074980 0.079650
5 0.634380 0.504650 0.079650 0.060930
2 0.249990 0.587460 0.098420 0.084370
2 0.549970 0.584340 0.078100 0.081210
2 0.779670 0.589060 0.081210 0.084370
0 0.232780 0.840600 0.095310 0.109360
0 0.326530 0.748410 0.071870 0.093710
0 0.409340 0.662490 0.078100 0.087480
0 0.478100 0.740580 0.071870 0.081210
0 0.557790 0.820280 0.071870 0.085920
0 0.637490 0.734360 0.073430 0.085920
0 0.779670 0.800000 0.090590 0.092150
