9 0.407780 0.309360 0.034380 0.043720
9 0.424990 0.434380 0.032780 0.045270
9 0.382790 0.499980 0.034380 0.042160
9 0.389060 0.621840 0.034380 0.043720
9 0.396840 0.759350 0.034380 0.051540
9 0.484370 0.612500 0.032780 0.042160
9 0.439050 0.560910 0.034380 0.042160
9 0.471870 0.493710 0.034380 0.042160
11 0.512470 0.365580 0.037490 0.048430
11 0.351520 0.759350 0.042160 0.067150
7 0.331240 0.571850 0.048430 0.046880
8 0.318750 0.374960 0.054660 0.060930
8 0.496860 0.687480 0.040600 0.070270
10 0.523410 0.615610 0.037490 0.051540
6 0.476540 0.549970 0.034380 0.045270
6 0.471870 0.435930 0.035930 0.048430
1 0.412500 0.362460 0.035930 0.051540
2 0.531240 0.692150 0.037490 0.076540
2 0.521860 0.431220 0.035930 0.054660
5 0.503090 0.290590 0.037490 0.054660
5 0.624990 0.600000 0.040600 0.049990
0 0.568730 0.543740 0.035930 0.045270
0 0.615610 0.545300 0.037490 0.048430
3 0.570290 0.603110 0.031220 0.043720
3 0.631220 0.718750 0.034380 0.046880
3 0.628110 0.667150 0.034380 0.045270
3 0.606230 0.482760 0.034380 0.042160
3 0.609340 0.418720 0.034380 0.043720
3 0.606230 0.362460 0.034380 0.043720
3 0.603110 0.290590 0.035930 0.048430
4 0.524970 0.554680 0.037490 0.054660
3 0.518750 0.489040 0.034380 0.045270
