2 0.581230 0.621840 0.034380 0.032780
2 0.537470 0.617170 0.039050 0.035930
1 0.535910 0.576520 0.035930 0.037490
2 0.578120 0.537470 0.035930 0.032780
0 0.493710 0.576520 0.029660 0.031220
2 0.534360 0.453100 0.031220 0.032780
0 0.403110 0.576520 0.037490 0.035930
0 0.270270 0.540630 0.037490 0.037490
0 0.414050 0.370290 0.035930 0.037490
0 0.365580 0.332800 0.037490 0.039050
0 0.368730 0.485920 0.035930 0.032780
5 0.317190 0.579670 0.040600 0.034380
5 0.359350 0.574960 0.037490 0.034380
5 0.409340 0.492150 0.037490 0.035930
5 0.373400 0.403110 0.031220 0.039050
5 0.442160 0.624990 0.042160 0.037490
5 0.496860 0.621840 0.037490 0.035930
5 0.582790 0.334360 0.035930 0.042160
5 0.581230 0.409340 0.035930 0.042160
3 0.279650 0.493710 0.037490 0.034380
3 0.274980 0.581230 0.035930 0.028110
3 0.265600 0.614050 0.037490 0.032780
3 0.324970 0.532800 0.037490 0.032780
3 0.329690 0.492150 0.031220 0.031220
3 0.371850 0.446880 0.029660 0.032780
3 0.579670 0.490590 0.031220 0.031220
4 0.490590 0.529690 0.035930 0.042160
4 0.490590 0.329690 0.039050 0.056210
1 0.537470 0.531240 0.040600 0.045270
1 0.492150 0.485920 0.040600 0.048430
4 0.534360 0.492150 0.037490 0.046880
9 0.285920 0.378120 0.032780 0.035930
9 0.287480 0.415610 0.032780 0.029660
9 0.285920 0.460930 0.032780 0.032780
9 0.332800 0.451540 0.031220 0.032780
9 0.454660 0.457770 0.032780 0.032780
9 0.454660 0.414050 0.031220 0.029660
9 0.489040 0.368730 0.031220 0.031220
9 0.532800 0.368730 0.032780 0.034380
6 0.287480 0.337470 0.042160 0.045270
6 0.326530 0.414050 0.037490 0.042160
6 0.446880 0.529690 0.035930 0.039050
6 0.534360 0.337470 0.037490 0.045270
6 0.578120 0.371850 0.037490 0.040600
8 0.359350 0.535910 0.039050 0.040600
8 0.410890 0.535910 0.039050 0.037490
8 0.448430 0.340630 0.034380 0.040600
8 0.409340 0.410890 0.034380 0.046880
11 0.445270 0.573400 0.032780 0.040600
11 0.304650 0.623440 0.043720 0.035930
8 0.356240 0.617170 0.039050 0.042160
8 0.395280 0.620280 0.040600 0.034380
11 0.448430 0.495310 0.031220 0.035930
11 0.409340 0.454660 0.035930 0.032780
7 0.581230 0.574960 0.040600 0.043720
7 0.532800 0.406230 0.040600 0.051540
10 0.365580 0.365580 0.046880 0.054660
10 0.489040 0.409340 0.040600 0.054660
10 0.487480 0.446880 0.037490 0.051540
11 0.326530 0.332800 0.040600 0.037490
11 0.417170 0.335910 0.040600 0.040600
6 0.451540 0.373400 0.037490 0.039050
7 0.578120 0.446880 0.039050 0.051540
