11 0.464040 0.503090 0.074980 0.060930
11 0.396840 0.432780 0.078100 0.059330
11 0.398400 0.368730 0.068710 0.064040
11 0.671870 0.504650 0.068710 0.064040
9 0.243720 0.646830 0.067150 0.051540
9 0.403110 0.709360 0.054660 0.059330
9 0.465600 0.645270 0.067150 0.053100
9 0.534360 0.720300 0.057770 0.059330
9 0.606230 0.426550 0.043720 0.051540
9 0.459330 0.367180 0.054660 0.060930
9 0.459330 0.306250 0.068710 0.051540
9 0.595280 0.298420 0.048430 0.081210
9 0.328080 0.307800 0.054660 0.060930
9 0.595280 0.368730 0.045270 0.054660
9 0.324970 0.368730 0.062490 0.064040
8 0.318750 0.568730 0.073430 0.070270
8 0.249990 0.504650 0.082760 0.054660
8 0.460930 0.573400 0.062490 0.064040
8 0.671870 0.431220 0.068710 0.065600
7 0.234380 0.787460 0.103090 0.084370
6 0.321860 0.499980 0.074980 0.056210
6 0.739020 0.437490 0.062490 0.068710
6 0.253100 0.432780 0.071870 0.062490
6 0.456210 0.428110 0.056210 0.065600
6 0.523410 0.429660 0.059330 0.064040
5 0.601560 0.714030 0.059330 0.067150
5 0.398400 0.571850 0.065600 0.068710
3 0.401560 0.501530 0.060930 0.068710
3 0.532800 0.501530 0.068710 0.054660
3 0.596840 0.570290 0.068710 0.060930
3 0.528080 0.574960 0.065600 0.046880
3 0.670270 0.351520 0.057770 0.049990
3 0.665600 0.292150 0.067150 0.057770
3 0.267150 0.299980 0.068710 0.059330
2 0.521860 0.296860 0.049990 0.068710
2 0.749970 0.293710 0.073430 0.074980
2 0.532800 0.368730 0.081210 0.057770
0 0.246880 0.362460 0.078100 0.059330
0 0.384340 0.643720 0.060930 0.065600
0 0.320300 0.634380 0.068710 0.074980
0 0.756240 0.789060 0.093710 0.090590
0 0.598400 0.498420 0.049990 0.068710
0 0.398400 0.296860 0.062490 0.085920
0 0.318750 0.431220 0.073430 0.068710
