10 0.210890 0.348410 0.092150 0.078100
10 0.440600 0.346850 0.065600 0.074980
10 0.748410 0.498420 0.098420 0.068710
10 0.601560 0.653100 0.070270 0.081210
10 0.445270 0.728080 0.071870 0.087480
10 0.207780 0.573400 0.106250 0.060930
10 0.360910 0.493710 0.071870 0.059330
7 0.285920 0.426550 0.087480 0.071870
7 0.742180 0.265600 0.098420 0.084370
7 0.748410 0.349970 0.103090 0.081210
7 0.442160 0.570290 0.070270 0.070270
7 0.365580 0.801560 0.079650 0.115590
6 0.440600 0.424990 0.074980 0.076540
6 0.528080 0.429660 0.078100 0.070270
6 0.668710 0.568730 0.082760 0.081210
6 0.293710 0.720300 0.082760 0.070270
4 0.589060 0.267150 0.060930 0.096860
4 0.590620 0.489040 0.065600 0.067150
4 0.676540 0.807780 0.087480 0.109360
4 0.212500 0.796840 0.103090 0.093710
1 0.214050 0.270270 0.099980 0.087480
