11 0.600000 0.410890 0.071870 0.071870
11 0.520300 0.692150 0.048430 0.078100
11 0.464040 0.689040 0.059330 0.073430
11 0.460930 0.760910 0.056210 0.079650
9 0.309360 0.420280 0.060930 0.064040
9 0.381230 0.487480 0.056210 0.053100
9 0.312470 0.556240 0.068710 0.054660
9 0.668710 0.476540 0.065600 0.059330
9 0.735910 0.478100 0.068710 0.062490
9 0.664040 0.332800 0.070270 0.064040
9 0.737470 0.329690 0.073430 0.070270
9 0.368730 0.262490 0.065600 0.067150
9 0.601560 0.626550 0.062490 0.051540
9 0.670270 0.620280 0.062490 0.065600
9 0.739020 0.620280 0.064040 0.056210
8 0.234380 0.340630 0.073430 0.074980
8 0.446880 0.339020 0.076540 0.067150
8 0.454660 0.484370 0.070270 0.059330
8 0.328080 0.760910 0.071870 0.079650
7 0.457770 0.557790 0.068710 0.074980
6 0.601560 0.760910 0.064040 0.085920
6 0.601560 0.551520 0.062490 0.067150
6 0.598400 0.481210 0.076540 0.067150
6 0.523410 0.335910 0.070270 0.067150
6 0.395280 0.765580 0.057770 0.089040
5 0.456210 0.414050 0.068710 0.068710
5 0.323410 0.621840 0.073430 0.073430
3 0.254660 0.629660 0.062490 0.060930
3 0.462490 0.621840 0.060930 0.062490
3 0.528080 0.553080 0.053100 0.057770
3 0.667150 0.685920 0.057770 0.057770
3 0.739020 0.681210 0.064040 0.057770
3 0.390620 0.684370 0.060930 0.062490
3 0.528080 0.404670 0.068710 0.068710
2 0.601560 0.696860 0.073430 0.068710
2 0.742180 0.551520 0.078100 0.070270
2 0.668710 0.548410 0.074980 0.079650
0 0.246880 0.756240 0.060930 0.079650
0 0.332800 0.692150 0.060930 0.070270
0 0.528080 0.762460 0.054660 0.082760
0 0.671870 0.243720 0.068710 0.074980
0 0.381230 0.340630 0.071870 0.070270
0 0.603110 0.331240 0.059330 0.068710
0 0.532800 0.620280 0.057770 0.062490
