3 0.187460 0.453100 0.082760 0.067150
3 0.535910 0.440600 0.062490 0.062490
3 0.551520 0.615610 0.062490 0.057770
3 0.704650 0.612500 0.070270 0.064040
3 0.821840 0.784340 0.071870 0.065600
3 0.187460 0.807780 0.087480 0.074980
3 0.812500 0.367180 0.076540 0.071870
1 0.459330 0.264040 0.074980 0.109360
1 0.548410 0.162460 0.070270 0.124970
1 0.643720 0.529690 0.087480 0.071870
1 0.459330 0.728080 0.081210 0.110920
2 0.282760 0.354680 0.074980 0.082760
2 0.720300 0.268710 0.087480 0.071870
2 0.278100 0.706250 0.106250 0.084370
2 0.632780 0.717190 0.073430 0.106250
5 0.626550 0.267150 0.067150 0.093710
5 0.362460 0.537470 0.074980 0.074980
0 0.367180 0.185900 0.076540 0.093710
0 0.184340 0.189060 0.106250 0.106250
4 0.464040 0.526530 0.079650 0.082760
