0 0.468710 0.446880 0.037490 0.029660
0 0.465600 0.492150 0.037490 0.032780
0 0.548410 0.495310 0.040600 0.028110
0 0.592170 0.535910 0.039050 0.029660
0 0.504650 0.534360 0.037490 0.032780
0 0.368730 0.501530 0.029660 0.034380
6 0.506250 0.320300 0.037490 0.034380
6 0.546850 0.320300 0.039050 0.037490
6 0.654660 0.335910 0.042160 0.034380
6 0.418720 0.364020 0.031220 0.032780
9 0.367180 0.315590 0.026550 0.029660
9 0.421840 0.307800 0.031220 0.029660
9 0.459330 0.321860 0.032780 0.029660
9 0.465600 0.353120 0.026550 0.028110
9 0.506250 0.368730 0.029660 0.026550
9 0.548410 0.365580 0.026550 0.029660
9 0.585900 0.373400 0.028110 0.026550
9 0.628110 0.370290 0.028110 0.031220
9 0.617170 0.321860 0.029660 0.028110
9 0.576520 0.321860 0.028110 0.031220
9 0.659370 0.374960 0.034380 0.026550
9 0.656210 0.407780 0.034380 0.024990
9 0.618720 0.410890 0.032780 0.028110
9 0.581230 0.407780 0.032780 0.028110
9 0.546850 0.412500 0.029660 0.026550
9 0.424990 0.406230 0.029660 0.028110
9 0.378120 0.410890 0.024990 0.031220
9 0.373400 0.360910 0.024990 0.029660
3 0.371850 0.453100 0.026550 0.026550
3 0.423440 0.446880 0.026550 0.024990
3 0.421840 0.495310 0.031220 0.029660
9 0.417170 0.273430 0.024990 0.028110
9 0.459330 0.278100 0.024990 0.028110
9 0.490590 0.274980 0.026550 0.026550
9 0.540630 0.276540 0.029660 0.024990
9 0.587460 0.282760 0.028110 0.024990
9 0.664040 0.285920 0.031220 0.026550
6 0.623440 0.289040 0.037490 0.032780
3 0.464040 0.403110 0.026550 0.023440
3 0.504650 0.409340 0.026550 0.023440
3 0.503090 0.451540 0.026550 0.024990
3 0.539020 0.445270 0.028110 0.021840
3 0.501530 0.495310 0.024990 0.023440
3 0.543740 0.524970 0.028110 0.021840
3 0.459330 0.534360 0.024990 0.023440
3 0.548410 0.581230 0.028110 0.024990
3 0.506250 0.574960 0.026550 0.021840
3 0.462490 0.581230 0.024990 0.026550
3 0.414050 0.539020 0.024990 0.024990
3 0.376520 0.542180 0.021840 0.024990
3 0.370290 0.574960 0.024990 0.023440
3 0.423440 0.582790 0.026550 0.023440
3 0.592170 0.574960 0.028110 0.021840
3 0.626550 0.573400 0.031220 0.023440
3 0.628110 0.539020 0.029660 0.020280
3 0.624990 0.496860 0.029660 0.023440
3 0.590620 0.493710 0.029660 0.023440
3 0.587460 0.454660 0.028110 0.021840
3 0.656210 0.456210 0.029660 0.021840
