0 0.370290 0.487480 0.031220 0.035930
0 0.367180 0.531240 0.032780 0.034380
0 0.270270 0.539020 0.039050 0.031220
0 0.404670 0.574960 0.031220 0.032780
0 0.496860 0.576520 0.028110 0.031220
6 0.289040 0.335910 0.035930 0.042160
6 0.415610 0.370290 0.028110 0.040600
6 0.453100 0.370290 0.028110 0.037490
6 0.573400 0.378120 0.028110 0.039050
6 0.328080 0.414050 0.032780 0.035930
9 0.337470 0.335910 0.026550 0.028110
9 0.285920 0.376520 0.028110 0.031220
9 0.289040 0.414050 0.028110 0.029660
9 0.285920 0.459330 0.029660 0.029660
9 0.335910 0.451540 0.028110 0.028110
9 0.412500 0.415610 0.024990 0.029660
9 0.376520 0.403110 0.026550 0.028110
9 0.339020 0.364020 0.028110 0.032780
9 0.376520 0.339020 0.024990 0.032780
9 0.406230 0.332800 0.024990 0.034380
9 0.456210 0.331240 0.024990 0.031220
9 0.503090 0.334360 0.020280 0.032780
9 0.492150 0.370290 0.026550 0.031220
9 0.532800 0.367180 0.023440 0.031220
9 0.585900 0.329690 0.021840 0.031220
9 0.459330 0.412500 0.021840 0.031220
9 0.498420 0.418720 0.026550 0.032780
9 0.542180 0.412500 0.024990 0.032780
9 0.581230 0.414050 0.023440 0.031220
9 0.578120 0.448430 0.024990 0.028110
9 0.534360 0.453100 0.024990 0.031220
9 0.492150 0.449990 0.024990 0.029660
9 0.456210 0.456210 0.023440 0.031220
6 0.537470 0.332800 0.026550 0.037490
0 0.449990 0.534360 0.026550 0.032780
3 0.278100 0.495310 0.028110 0.026550
3 0.329690 0.490590 0.031220 0.028110
3 0.374960 0.448430 0.028110 0.029660
3 0.412500 0.453100 0.024990 0.029660
3 0.326530 0.534360 0.029660 0.023440
3 0.501530 0.496860 0.023440 0.029660
3 0.409340 0.492150 0.026550 0.026550
3 0.448430 0.489040 0.024990 0.029660
3 0.501530 0.535910 0.021840 0.029660
3 0.542180 0.540630 0.024990 0.024990
3 0.576520 0.496860 0.024990 0.026550
3 0.540630 0.587460 0.024990 0.024990
3 0.540630 0.624990 0.028110 0.026550
3 0.501530 0.623440 0.024990 0.023440
3 0.453100 0.626550 0.026550 0.026550
3 0.359350 0.624990 0.028110 0.024990
3 0.404670 0.620280 0.028110 0.023440
3 0.318750 0.623440 0.031220 0.023440
3 0.267150 0.614050 0.031220 0.024990
3 0.276540 0.579670 0.031220 0.026550
3 0.312470 0.579670 0.029660 0.028110
3 0.357790 0.574960 0.024990 0.024990
3 0.448430 0.568730 0.024990 0.023440
3 0.406230 0.537470 0.029660 0.026550
