9 0.437490 0.351520 0.023440 0.029660
3 0.381230 0.396840 0.023440 0.026550
9 0.431220 0.396840 0.023440 0.028110
3 0.485920 0.409340 0.024990 0.024990
3 0.520300 0.373400 0.024990 0.026550
3 0.514030 0.414050 0.023440 0.026550
3 0.339020 0.448430 0.023440 0.024990
3 0.385900 0.445270 0.023440 0.026550
3 0.443720 0.490590 0.023440 0.023440
9 0.437490 0.449990 0.023440 0.024990
9 0.342180 0.489040 0.024990 0.024990
9 0.384340 0.493710 0.024990 0.024990
3 0.470270 0.489040 0.023440 0.023440
9 0.473430 0.440600 0.023440 0.024990
9 0.521860 0.446880 0.026550 0.024990
9 0.526530 0.485920 0.026550 0.023440
9 0.557790 0.370290 0.026550 0.026550
9 0.559350 0.407780 0.028110 0.024990
9 0.598400 0.370290 0.028110 0.026550
3 0.637490 0.371850 0.029660 0.026550
3 0.610890 0.412500 0.029660 0.024990
9 0.645270 0.414050 0.029660 0.024990
3 0.604670 0.460930 0.028110 0.023440
9 0.640600 0.459330 0.029660 0.023440
9 0.604670 0.492150 0.029660 0.023440
9 0.340630 0.539020 0.024990 0.024990
9 0.378120 0.549970 0.024990 0.024990
9 0.424990 0.587460 0.023440 0.024990
3 0.340630 0.574960 0.024990 0.024990
3 0.389060 0.589060 0.023440 0.023440
3 0.426550 0.532800 0.023440 0.023440
3 0.465600 0.535910 0.023440 0.023440
3 0.479650 0.573400 0.026550 0.023440
3 0.523410 0.540630 0.028110 0.023440
3 0.560910 0.529690 0.028110 0.024990
9 0.524970 0.582790 0.026550 0.024990
3 0.554680 0.578120 0.028110 0.021840
3 0.596840 0.534360 0.029660 0.021840
9 0.648430 0.537470 0.031220 0.021840
9 0.606230 0.581230 0.031220 0.023440
9 0.603110 0.618720 0.029660 0.024990
3 0.560910 0.673430 0.028110 0.023440
3 0.646830 0.667150 0.032780 0.021840
9 0.426550 0.614050 0.024990 0.026550
3 0.467150 0.623440 0.024990 0.026550
9 0.471870 0.673430 0.024990 0.023440
9 0.526530 0.665600 0.028110 0.024990
3 0.379670 0.623440 0.024990 0.024990
