3 0.526530 0.281210 0.026550 0.028110
3 0.564020 0.287480 0.028110 0.028110
3 0.642160 0.292150 0.028110 0.024990
3 0.689040 0.332800 0.031220 0.024990
3 0.626550 0.374960 0.029660 0.023440
3 0.568730 0.362460 0.028110 0.024990
3 0.529690 0.360910 0.028110 0.026550
3 0.492150 0.417170 0.026550 0.023440
3 0.568730 0.412500 0.028110 0.026550
3 0.642160 0.418720 0.029660 0.023440
3 0.684370 0.414050 0.031220 0.023440
3 0.567180 0.451540 0.028110 0.021840
9 0.681210 0.446880 0.031220 0.021840
9 0.639050 0.456210 0.031220 0.021840
9 0.684370 0.495310 0.031220 0.021840
9 0.689040 0.532800 0.031220 0.023440
9 0.604670 0.504650 0.029660 0.021840
9 0.649990 0.571850 0.029660 0.021840
9 0.579670 0.579670 0.026550 0.023440
9 0.531240 0.582790 0.026550 0.023440
9 0.492150 0.546850 0.026550 0.023440
6 0.531240 0.535910 0.034380 0.026550
6 0.571850 0.535910 0.034380 0.026550
6 0.443720 0.592170 0.031220 0.026550
6 0.403110 0.540630 0.029660 0.026550
6 0.649990 0.492150 0.039050 0.024990
6 0.609340 0.581230 0.032780 0.026550
9 0.448430 0.449990 0.024990 0.021840
9 0.524970 0.446880 0.026550 0.023440
9 0.484370 0.490590 0.026550 0.023440
9 0.524970 0.493710 0.028110 0.023440
3 0.404670 0.401560 0.024990 0.024990
3 0.443720 0.364020 0.026550 0.024990
0 0.485920 0.321860 0.032780 0.032780
0 0.490590 0.367180 0.032780 0.031220
0 0.571850 0.331240 0.035930 0.032780
0 0.607780 0.324970 0.035930 0.031220
0 0.690590 0.368730 0.042160 0.029660
0 0.606230 0.417170 0.034380 0.028110
9 0.399950 0.479650 0.023440 0.023440
