9 0.285920 0.335910 0.028110 0.029660
6 0.337470 0.342180 0.029660 0.039050
6 0.289040 0.376520 0.032780 0.035930
9 0.323410 0.382790 0.024990 0.029660
9 0.374960 0.339020 0.023440 0.029660
9 0.370290 0.373400 0.023440 0.029660
9 0.407780 0.340630 0.021840 0.031220
9 0.412500 0.379670 0.021840 0.029660
3 0.454660 0.343740 0.020280 0.029660
3 0.496860 0.373400 0.023440 0.029660
3 0.540630 0.371850 0.021840 0.031220
3 0.573400 0.371850 0.021840 0.031220
3 0.574960 0.407780 0.021840 0.028110
3 0.454660 0.410890 0.020280 0.028110
3 0.493710 0.407780 0.023440 0.028110
0 0.532800 0.407780 0.024990 0.037490
3 0.579670 0.449990 0.023440 0.028110
3 0.524970 0.456210 0.021840 0.026550
0 0.495310 0.453100 0.024990 0.034380
3 0.445270 0.459330 0.021840 0.026550
9 0.407780 0.417170 0.023440 0.029660
9 0.414050 0.453100 0.021840 0.028110
9 0.374960 0.414050 0.023440 0.028110
9 0.367180 0.453100 0.023440 0.026550
9 0.321860 0.423440 0.024990 0.028110
9 0.284370 0.410890 0.026550 0.028110
6 0.321860 0.454660 0.031220 0.034380
9 0.278100 0.459330 0.028110 0.026550
9 0.274980 0.507800 0.028110 0.026550
6 0.320300 0.495310 0.032780 0.031220
9 0.370290 0.496860 0.023440 0.026550
3 0.409340 0.495310 0.023440 0.024990
3 0.451540 0.496860 0.023440 0.024990
3 0.495310 0.496860 0.023440 0.024990
3 0.534360 0.540630 0.021840 0.023440
3 0.574960 0.492150 0.021840 0.026550
0 0.532800 0.493710 0.024990 0.032780
3 0.579670 0.535910 0.021840 0.024990
0 0.490590 0.534360 0.024990 0.031220
3 0.582790 0.574960 0.021840 0.024990
3 0.492150 0.574960 0.021840 0.023440
3 0.539020 0.585900 0.023440 0.023440
3 0.574960 0.629660 0.024990 0.023440
3 0.542180 0.621840 0.023440 0.023440
3 0.451540 0.626550 0.023440 0.023440
0 0.501530 0.629660 0.028110 0.026550
3 0.446880 0.574960 0.023440 0.023440
0 0.445270 0.532800 0.024990 0.031220
3 0.403110 0.534360 0.024990 0.024990
9 0.404670 0.573400 0.023440 0.024990
9 0.415610 0.624990 0.023440 0.024990
9 0.360910 0.626550 0.024990 0.024990
6 0.364020 0.582790 0.031220 0.029660
9 0.353120 0.534360 0.024990 0.026550
9 0.323410 0.540630 0.026550 0.024990
9 0.279650 0.540630 0.028110 0.026550
9 0.273430 0.581230 0.028110 0.023440
9 0.306250 0.578120 0.028110 0.024990
9 0.317190 0.634380 0.028110 0.023440
6 0.271870 0.634380 0.037490 0.028110
