3 0.526530 0.674980 0.037490 0.029660
3 0.653100 0.629660 0.035930 0.029660
3 0.384340 0.624990 0.031220 0.035930
3 0.342180 0.574960 0.029660 0.031220
3 0.429660 0.618720 0.029660 0.028110
3 0.437490 0.584340 0.031220 0.026550
3 0.564020 0.617170 0.031220 0.023440
3 0.554680 0.576520 0.029660 0.029660
3 0.649990 0.545300 0.037490 0.034380
3 0.598400 0.534360 0.031220 0.028110
3 0.559350 0.528080 0.034380 0.026550
3 0.523410 0.542180 0.029660 0.034380
3 0.520300 0.495310 0.034380 0.026550
3 0.476540 0.498420 0.029660 0.029660
3 0.426550 0.532800 0.024990 0.028110
3 0.393730 0.535910 0.026550 0.026550
3 0.431220 0.490590 0.026550 0.031220
3 0.395280 0.485920 0.029660 0.028110
3 0.387460 0.445270 0.031220 0.034380
3 0.339020 0.445270 0.028110 0.028110
3 0.389060 0.395280 0.028110 0.042160
3 0.604670 0.460930 0.029660 0.029660
3 0.612500 0.410890 0.031220 0.034380
3 0.637490 0.373400 0.034380 0.039050
9 0.598400 0.364020 0.035930 0.029660
9 0.565620 0.412500 0.031220 0.037490
9 0.526530 0.414050 0.034380 0.031220
9 0.478100 0.406230 0.028110 0.034380
9 0.345300 0.399950 0.032780 0.039050
9 0.432780 0.442160 0.032780 0.035930
9 0.478100 0.453100 0.035930 0.028110
9 0.528080 0.448430 0.029660 0.032780
9 0.565620 0.453100 0.026550 0.024990
9 0.642160 0.449990 0.032780 0.029660
9 0.642160 0.492150 0.035930 0.034380
9 0.606230 0.489040 0.029660 0.034380
9 0.562460 0.485920 0.034380 0.032780
9 0.342180 0.490590 0.029660 0.032780
9 0.342180 0.535910 0.031220 0.035930
9 0.482760 0.535910 0.031220 0.024990
9 0.646830 0.581230 0.034380 0.032780
9 0.609340 0.581230 0.032780 0.031220
9 0.526530 0.582790 0.026550 0.029660
9 0.485920 0.567180 0.024990 0.031220
9 0.396840 0.576520 0.028110 0.028110
9 0.479650 0.620280 0.028110 0.026550
9 0.523410 0.626550 0.026550 0.028110
9 0.603110 0.618720 0.034380 0.032780
9 0.528080 0.410890 0.029660 0.028110
