3 0.735910 0.382790 0.035930 0.032780
3 0.726530 0.420280 0.032780 0.031220
3 0.721860 0.503090 0.037490 0.031220
3 0.676540 0.464040 0.031220 0.029660
3 0.671870 0.507800 0.031220 0.032780
3 0.629660 0.549970 0.034380 0.031220
3 0.418720 0.507800 0.037490 0.031220
9 0.467150 0.631220 0.028110 0.028110
9 0.510920 0.629660 0.028110 0.026550
9 0.545300 0.585900 0.029660 0.029660
9 0.545300 0.540630 0.031220 0.028110
9 0.665600 0.548410 0.031220 0.029660
9 0.715590 0.540630 0.031220 0.035930
9 0.712470 0.582790 0.032780 0.032780
9 0.715590 0.621840 0.035930 0.032780
2 0.417170 0.374960 0.037490 0.037490
2 0.462490 0.378120 0.034380 0.043720
2 0.420280 0.459330 0.035930 0.031220
2 0.465600 0.546850 0.039050 0.031220
8 0.601560 0.378120 0.039050 0.037490
8 0.642160 0.378120 0.039050 0.039050
8 0.589060 0.464040 0.031220 0.034380
8 0.640600 0.464040 0.034380 0.034380
8 0.587460 0.589060 0.035930 0.043720
8 0.549970 0.664040 0.035930 0.037490
5 0.418720 0.667150 0.037490 0.039050
5 0.415610 0.593730 0.034380 0.031220
5 0.507800 0.379670 0.037490 0.031220
5 0.554680 0.373400 0.037490 0.037490
5 0.639050 0.423440 0.037490 0.037490
5 0.684370 0.423440 0.042160 0.039050
5 0.589060 0.507800 0.034380 0.032780
5 0.629660 0.592170 0.039050 0.040600
6 0.712470 0.660930 0.037490 0.043720
6 0.673430 0.587460 0.037490 0.040600
6 0.549970 0.624990 0.035930 0.037490
6 0.553080 0.467150 0.032780 0.035930
6 0.465600 0.664040 0.028110 0.037490
7 0.417170 0.423440 0.042160 0.042160
7 0.420280 0.551520 0.037490 0.045270
7 0.465600 0.592170 0.040600 0.048430
11 0.692150 0.374960 0.046880 0.040600
11 0.676540 0.667150 0.035930 0.039050
11 0.584340 0.667150 0.031220 0.039050
11 0.589060 0.545300 0.035930 0.035930
11 0.551520 0.429660 0.035930 0.035930
11 0.549970 0.506250 0.028110 0.037490
6 0.421840 0.628110 0.037490 0.034380
0 0.731240 0.459330 0.043720 0.039050
0 0.634380 0.665600 0.028110 0.042160
0 0.631220 0.509360 0.035930 0.040600
0 0.596840 0.423440 0.035930 0.037490
0 0.589060 0.629660 0.039050 0.037490
0 0.503090 0.423440 0.031220 0.031220
1 0.465600 0.424990 0.042160 0.040600
1 0.464040 0.468710 0.039050 0.043720
1 0.506250 0.514030 0.037490 0.045270
4 0.464040 0.510920 0.037490 0.037490
4 0.507800 0.671870 0.032780 0.051540
4 0.507800 0.471870 0.035930 0.039050
10 0.510920 0.556240 0.039050 0.043720
10 0.510920 0.595280 0.035930 0.045270
