3 0.626550 0.426550 0.032780 0.031220
3 0.631220 0.473430 0.039050 0.029660
0 0.632780 0.515590 0.045270 0.039050
3 0.631220 0.556240 0.031220 0.026550
0 0.635930 0.596840 0.045270 0.035930
3 0.589060 0.598400 0.034380 0.035930
0 0.595280 0.431220 0.040600 0.034380
3 0.509360 0.432780 0.026550 0.032780
0 0.548410 0.429660 0.040600 0.042160
0 0.595280 0.554680 0.039050 0.035930
3 0.582790 0.470270 0.031220 0.029660
3 0.585900 0.509360 0.032780 0.031220
3 0.545300 0.593730 0.037490 0.029660
3 0.553080 0.556240 0.035930 0.032780
3 0.549970 0.474980 0.031220 0.031220
3 0.543740 0.514030 0.034380 0.034380
3 0.507800 0.476540 0.032780 0.031220
3 0.510920 0.510920 0.034380 0.029660
0 0.507800 0.559350 0.034380 0.037490
3 0.514030 0.601560 0.029660 0.035930
9 0.471870 0.424990 0.029660 0.034380
9 0.459330 0.467150 0.028110 0.031220
9 0.420280 0.426550 0.032780 0.031220
9 0.376520 0.424990 0.034380 0.032780
9 0.334360 0.431220 0.037490 0.034380
6 0.335910 0.465600 0.032780 0.031220
6 0.379670 0.471870 0.037490 0.046880
9 0.424990 0.470270 0.031220 0.029660
9 0.334360 0.512470 0.032780 0.032780
6 0.335910 0.553080 0.037490 0.037490
9 0.335910 0.604670 0.040600 0.034380
6 0.423440 0.554680 0.035930 0.037490
6 0.462490 0.510920 0.043720 0.031220
6 0.467150 0.601560 0.037490 0.040600
9 0.384340 0.610890 0.037490 0.042160
9 0.426550 0.606230 0.031220 0.037490
9 0.468710 0.553080 0.032780 0.037490
9 0.379670 0.518750 0.035930 0.040600
9 0.379670 0.559350 0.037490 0.032780
9 0.418720 0.512470 0.031220 0.031220
