3 0.385900 0.264040 0.023440 0.029660
3 0.417170 0.274980 0.023440 0.028110
11 0.374960 0.304650 0.029660 0.037490
5 0.421840 0.314030 0.031220 0.037490
0 0.459330 0.268710 0.029660 0.035930
3 0.465600 0.323410 0.024990 0.026550
3 0.503090 0.278100 0.024990 0.028110
3 0.507800 0.328080 0.024990 0.026550
9 0.537470 0.284370 0.028110 0.028110
9 0.546850 0.334360 0.028110 0.026550
9 0.584340 0.287480 0.028110 0.026550
6 0.584340 0.324970 0.034380 0.031220
9 0.621840 0.284370 0.029660 0.026550
6 0.660930 0.285920 0.039050 0.032780
11 0.667150 0.326530 0.039050 0.031220
0 0.665600 0.365580 0.039050 0.024990
10 0.634380 0.365580 0.048430 0.039050
5 0.595280 0.373400 0.035930 0.029660
8 0.590620 0.407780 0.042160 0.028110
0 0.631220 0.414050 0.037490 0.024990
11 0.665600 0.415610 0.037490 0.028110
3 0.551520 0.373400 0.028110 0.023440
11 0.545300 0.406230 0.035930 0.029660
0 0.512470 0.368730 0.032780 0.029660
8 0.464040 0.357790 0.035930 0.032780
5 0.507800 0.409340 0.034380 0.029660
8 0.464040 0.410890 0.034380 0.029660
5 0.423440 0.359350 0.032780 0.034380
0 0.424990 0.404670 0.029660 0.029660
8 0.379670 0.357790 0.034380 0.031220
8 0.378120 0.395280 0.032780 0.031220
5 0.373400 0.440600 0.031220 0.031220
5 0.379670 0.493710 0.029660 0.028110
0 0.421840 0.495310 0.029660 0.026550
11 0.428110 0.445270 0.032780 0.028110
6 0.468710 0.446880 0.031220 0.026550
4 0.471870 0.490590 0.042160 0.031220
11 0.503090 0.449990 0.034380 0.028110
1 0.514030 0.492150 0.042160 0.034380
10 0.554680 0.489040 0.043720 0.031220
10 0.595280 0.489040 0.043720 0.029660
9 0.542180 0.454660 0.028110 0.023440
9 0.585900 0.456210 0.029660 0.021840
6 0.626550 0.451540 0.037490 0.024990
9 0.629660 0.487480 0.029660 0.021840
10 0.670270 0.492150 0.053100 0.028110
6 0.664040 0.534360 0.040600 0.023440
11 0.665600 0.581230 0.040600 0.026550
9 0.631220 0.531240 0.028110 0.021840
6 0.626550 0.576520 0.037490 0.024990
7 0.592170 0.532800 0.048430 0.031220
5 0.592170 0.582790 0.035930 0.028110
7 0.553080 0.576520 0.048430 0.032780
9 0.507800 0.576520 0.026550 0.021840
2 0.546850 0.532800 0.031220 0.029660
4 0.509360 0.535910 0.040600 0.029660
1 0.470270 0.535910 0.040600 0.032780
2 0.459330 0.578120 0.028110 0.031220
7 0.423440 0.579670 0.039050 0.032780
1 0.421840 0.534360 0.037490 0.031220
2 0.382790 0.534360 0.032780 0.029660
2 0.374960 0.581230 0.029660 0.031220
8 0.660930 0.446880 0.040600 0.028110
