3 0.404670 0.596840 0.034380 0.039050
3 0.365580 0.553080 0.035930 0.037490
3 0.412500 0.512470 0.037490 0.034380
3 0.453100 0.431220 0.034380 0.034380
3 0.410890 0.431220 0.031220 0.032780
3 0.365580 0.432780 0.029660 0.034380
3 0.364020 0.470270 0.032780 0.031220
3 0.282760 0.473430 0.032780 0.037490
3 0.289040 0.432780 0.031220 0.034380
3 0.371850 0.373400 0.034380 0.040600
3 0.292150 0.356240 0.032780 0.035930
3 0.328080 0.312470 0.032780 0.042160
3 0.414050 0.314030 0.029660 0.040600
3 0.417170 0.357790 0.035930 0.031220
6 0.495310 0.349970 0.037490 0.040600
6 0.584340 0.390620 0.035930 0.035930
6 0.532800 0.431220 0.037490 0.039050
6 0.537470 0.467150 0.035930 0.035930
6 0.592170 0.554680 0.032780 0.040600
6 0.540630 0.592170 0.043720 0.037490
9 0.448430 0.471870 0.028110 0.034380
9 0.492150 0.471870 0.029660 0.034380
9 0.493710 0.512470 0.032780 0.035930
9 0.542180 0.509360 0.032780 0.039050
9 0.449990 0.553080 0.037490 0.035930
9 0.481210 0.596840 0.028110 0.039050
9 0.581230 0.470270 0.028110 0.035930
9 0.581230 0.423440 0.026550 0.039050
9 0.503090 0.393730 0.029660 0.032780
9 0.574960 0.349970 0.032780 0.039050
9 0.535910 0.312470 0.026550 0.037490
9 0.493710 0.312470 0.026550 0.039050
9 0.449990 0.317190 0.026550 0.035930
9 0.457770 0.359350 0.026550 0.032780
0 0.370290 0.307800 0.034380 0.046880
0 0.417170 0.392170 0.035930 0.035930
0 0.323410 0.510920 0.039050 0.040600
0 0.365580 0.507800 0.028110 0.037490
0 0.328080 0.390620 0.037490 0.037490
0 0.331240 0.428110 0.032780 0.043720
