3 0.299980 0.349970 0.028110 0.029660
3 0.340630 0.312470 0.028110 0.037490
3 0.385900 0.320300 0.026550 0.032780
3 0.417170 0.312470 0.021840 0.032780
3 0.412500 0.392170 0.023440 0.026550
3 0.415610 0.423440 0.021840 0.031220
3 0.409340 0.465600 0.023440 0.031220
3 0.370290 0.424990 0.021840 0.028110
3 0.378120 0.387460 0.021840 0.028110
3 0.373400 0.351520 0.026550 0.032780
3 0.335910 0.396840 0.028110 0.028110
3 0.335910 0.428110 0.026550 0.031220
3 0.284370 0.471870 0.026550 0.032780
3 0.290590 0.428110 0.026550 0.028110
0 0.293710 0.312470 0.034380 0.039050
0 0.293710 0.384340 0.032780 0.039050
0 0.417170 0.348410 0.023440 0.040600
0 0.329690 0.348410 0.031220 0.043720
0 0.328080 0.468710 0.034380 0.037490
0 0.370290 0.457770 0.035930 0.039050
6 0.459330 0.310920 0.021840 0.042160
6 0.499980 0.351520 0.028110 0.039050
6 0.578120 0.351520 0.026550 0.045270
6 0.576520 0.431220 0.021840 0.039050
6 0.539020 0.426550 0.026550 0.043720
6 0.454660 0.390620 0.026550 0.039050
9 0.492150 0.314030 0.021840 0.034380
9 0.531240 0.309360 0.029660 0.032780
9 0.571850 0.314030 0.021840 0.031220
9 0.456210 0.353120 0.023440 0.026550
9 0.537470 0.353120 0.024990 0.035930
9 0.499980 0.395280 0.023440 0.034380
9 0.537470 0.385900 0.026550 0.031220
9 0.579670 0.392170 0.021840 0.032780
9 0.464040 0.434380 0.020280 0.031220
9 0.446880 0.474980 0.024990 0.034380
9 0.499980 0.470270 0.024990 0.034380
9 0.535910 0.468710 0.026550 0.031220
9 0.581230 0.462490 0.024990 0.029660
9 0.492150 0.429660 0.028110 0.029660
