0 0.560910 0.489040 0.026550 0.035930
0 0.431220 0.448430 0.032780 0.039050
0 0.431220 0.401560 0.028110 0.039050
0 0.520300 0.368730 0.023440 0.039050
0 0.593730 0.359350 0.028110 0.034380
0 0.557790 0.399950 0.023440 0.039050
3 0.431220 0.365580 0.028110 0.031220
3 0.476540 0.368730 0.023440 0.032780
3 0.468710 0.414050 0.024990 0.031220
3 0.510920 0.410890 0.021840 0.028110
3 0.598400 0.407780 0.028110 0.031220
3 0.593730 0.453100 0.026550 0.028110
3 0.559350 0.445270 0.023440 0.029660
3 0.518750 0.453100 0.026550 0.031220
3 0.474980 0.445270 0.029660 0.026550
3 0.434380 0.487480 0.026550 0.028110
3 0.478100 0.489040 0.023440 0.031220
3 0.512470 0.487480 0.021840 0.028110
3 0.600000 0.484370 0.026550 0.028110
9 0.423440 0.528080 0.028110 0.032780
9 0.470270 0.537470 0.026550 0.029660
9 0.556240 0.528080 0.029660 0.028110
9 0.603110 0.568730 0.023440 0.028110
9 0.609340 0.612500 0.032780 0.023440
9 0.609340 0.657770 0.024990 0.024990
9 0.557790 0.618720 0.028110 0.031220
9 0.512470 0.578120 0.028110 0.028110
9 0.429660 0.574960 0.028110 0.031220
9 0.423440 0.615610 0.024990 0.028110
9 0.431220 0.664040 0.026550 0.021840
9 0.515590 0.665600 0.024990 0.031220
9 0.520300 0.615610 0.024990 0.023440
6 0.601560 0.529690 0.031220 0.037490
6 0.509360 0.534360 0.028110 0.035930
6 0.478100 0.618720 0.034380 0.035930
6 0.464040 0.664040 0.026550 0.042160
6 0.557790 0.665600 0.029660 0.037490
6 0.557790 0.573400 0.020280 0.031220
9 0.470270 0.574960 0.026550 0.029660
3 0.559350 0.365580 0.026550 0.021840
