3 0.376520 0.379670 0.026550 0.024990
3 0.462490 0.390620 0.028110 0.024990
3 0.468710 0.424990 0.026550 0.023440
3 0.414050 0.435930 0.026550 0.026550
3 0.381230 0.429660 0.024990 0.023440
3 0.514030 0.395280 0.026550 0.021840
3 0.509360 0.431220 0.026550 0.023440
3 0.556240 0.384340 0.026550 0.026550
3 0.601560 0.390620 0.028110 0.023440
3 0.553080 0.339020 0.026550 0.024990
3 0.424990 0.340630 0.028110 0.026550
9 0.460930 0.340630 0.026550 0.026550
9 0.510920 0.342180 0.024990 0.024990
9 0.424990 0.398400 0.026550 0.024990
9 0.559350 0.431220 0.026550 0.024990
9 0.543740 0.474980 0.026550 0.026550
9 0.593730 0.478100 0.028110 0.026550
9 0.600000 0.346850 0.028110 0.024990
9 0.464040 0.481210 0.023440 0.026550
9 0.432780 0.482760 0.024990 0.028110
9 0.378120 0.481210 0.024990 0.028110
9 0.373400 0.523410 0.024990 0.029660
9 0.418720 0.524970 0.024990 0.028110
9 0.418720 0.606230 0.024990 0.031220
9 0.381230 0.603110 0.024990 0.031220
9 0.420280 0.643720 0.023440 0.031220
9 0.548410 0.643720 0.023440 0.031220
9 0.507800 0.639050 0.023440 0.032780
9 0.509360 0.604670 0.023440 0.029660
9 0.514030 0.559350 0.024990 0.029660
9 0.543740 0.567180 0.026550 0.029660
9 0.587460 0.565620 0.026550 0.029660
9 0.629660 0.600000 0.028110 0.029660
9 0.587460 0.528080 0.024990 0.026550
9 0.553080 0.526530 0.026550 0.029660
3 0.504650 0.521860 0.026550 0.028110
3 0.460930 0.523410 0.026550 0.028110
3 0.471870 0.560910 0.023440 0.029660
3 0.421840 0.554680 0.023440 0.029660
3 0.465600 0.596840 0.023440 0.031220
3 0.539020 0.604670 0.024990 0.029660
3 0.456210 0.648430 0.023440 0.032780
3 0.628110 0.639050 0.026550 0.031220
3 0.587460 0.612500 0.026550 0.032780
3 0.371850 0.648430 0.026550 0.031220
3 0.379670 0.562460 0.029660 0.031220
3 0.501530 0.473430 0.024990 0.026550
