9 0.448430 0.449990 0.031220 0.032780
9 0.401560 0.498420 0.029660 0.031220
9 0.440600 0.539020 0.035930 0.029660
9 0.406230 0.585900 0.035930 0.035930
9 0.528080 0.543740 0.031220 0.034380
9 0.571850 0.537470 0.037490 0.035930
9 0.604670 0.578120 0.029660 0.040600
9 0.643720 0.535910 0.037490 0.031220
9 0.684370 0.571850 0.034380 0.037490
9 0.598400 0.449990 0.037490 0.026550
9 0.523410 0.446880 0.040600 0.029660
9 0.681210 0.446880 0.035930 0.026550
6 0.487480 0.493710 0.048430 0.035930
6 0.487480 0.578120 0.045270 0.035930
6 0.562460 0.578120 0.045270 0.037490
6 0.645270 0.576520 0.042160 0.035930
6 0.645270 0.490590 0.048430 0.035930
9 0.684370 0.492150 0.029660 0.032780
6 0.564020 0.489040 0.051540 0.032780
9 0.689040 0.531240 0.039050 0.031220
3 0.406230 0.399950 0.034380 0.029660
3 0.406230 0.354680 0.034380 0.032780
3 0.485920 0.326530 0.046880 0.037490
3 0.489040 0.368730 0.029660 0.032780
3 0.489040 0.418720 0.035930 0.031220
3 0.560910 0.332800 0.039050 0.037490
3 0.524970 0.284370 0.037490 0.035930
3 0.528080 0.414050 0.037490 0.035930
3 0.576520 0.407780 0.034380 0.032780
3 0.649990 0.299980 0.034380 0.035930
3 0.689040 0.299980 0.046880 0.039050
3 0.645270 0.371850 0.034380 0.034380
3 0.684370 0.414050 0.035930 0.028110
3 0.681210 0.376520 0.034380 0.029660
0 0.448430 0.365580 0.039050 0.051540
0 0.534360 0.370290 0.043720 0.037490
0 0.567180 0.285920 0.039050 0.035930
0 0.612500 0.328080 0.042160 0.037490
0 0.603110 0.371850 0.043720 0.035930
0 0.687480 0.339020 0.048430 0.032780
