9 0.368730 0.437490 0.043720 0.043720
9 0.467150 0.482760 0.045270 0.042160
9 0.517190 0.481210 0.045270 0.042160
9 0.520300 0.582790 0.046880 0.045270
9 0.612500 0.534360 0.040600 0.049990
9 0.370290 0.632780 0.040600 0.046880
9 0.356240 0.681210 0.040600 0.046880
9 0.529690 0.712470 0.034380 0.037490
9 0.543740 0.746850 0.031220 0.042160
9 0.621840 0.743740 0.040600 0.051540
9 0.571850 0.639050 0.045270 0.048430
3 0.465600 0.432780 0.040600 0.043720
3 0.426550 0.532800 0.040600 0.045270
3 0.365580 0.532800 0.039050 0.046880
3 0.564020 0.532800 0.040600 0.045270
3 0.318750 0.579670 0.042160 0.042160
3 0.417170 0.582790 0.040600 0.045270
3 0.465600 0.632780 0.043720 0.042160
3 0.412500 0.681210 0.040600 0.046880
3 0.459330 0.682760 0.037490 0.046880
3 0.617170 0.690590 0.039050 0.048430
3 0.674980 0.640600 0.043720 0.048430
3 0.417170 0.782790 0.040600 0.051540
9 0.324970 0.774960 0.046880 0.046880
