9 0.492150 0.535910 0.026550 0.029660
9 0.618720 0.540630 0.034380 0.032780
9 0.679650 0.626550 0.032780 0.032780
9 0.668710 0.529690 0.035930 0.029660
9 0.671870 0.582790 0.034380 0.032780
9 0.490590 0.585900 0.026550 0.029660
9 0.454660 0.637490 0.029660 0.029660
9 0.407780 0.637490 0.029660 0.029660
6 0.356240 0.632780 0.031220 0.035930
6 0.681210 0.671870 0.042160 0.043720
6 0.403110 0.682760 0.032780 0.043720
6 0.499980 0.453100 0.037490 0.035930
6 0.498420 0.629660 0.037490 0.034380
11 0.496860 0.410890 0.037490 0.029660
11 0.635930 0.357790 0.040600 0.040600
11 0.637490 0.676540 0.039050 0.039050
11 0.537470 0.676540 0.034380 0.043720
11 0.495310 0.493710 0.035930 0.037490
11 0.542180 0.539020 0.032780 0.039050
10 0.454660 0.590620 0.035930 0.042160
10 0.457770 0.546850 0.043720 0.045270
10 0.590620 0.632780 0.043720 0.039050
7 0.359350 0.540630 0.045270 0.040600
7 0.404670 0.589060 0.037490 0.046880
7 0.357790 0.403110 0.049990 0.048430
8 0.537470 0.451540 0.034380 0.040600
8 0.589060 0.448430 0.032780 0.034380
8 0.543740 0.587460 0.034380 0.040600
8 0.499980 0.674980 0.037490 0.053100
8 0.545300 0.360910 0.040600 0.042160
8 0.584340 0.360910 0.029660 0.043720
6 0.632780 0.579670 0.039050 0.032780
0 0.678100 0.443720 0.043720 0.040600
0 0.540630 0.410890 0.034380 0.032780
0 0.537470 0.632780 0.035930 0.034380
0 0.592170 0.674980 0.039050 0.035930
4 0.401560 0.496860 0.035930 0.037490
0 0.581230 0.501530 0.034380 0.035930
1 0.403110 0.401560 0.037490 0.046880
1 0.403110 0.453100 0.039050 0.042160
1 0.451540 0.501530 0.039050 0.039050
4 0.453100 0.456210 0.039050 0.039050
4 0.451540 0.679650 0.039050 0.054660
2 0.404670 0.540630 0.039050 0.039050
2 0.354680 0.357790 0.043720 0.040600
2 0.404670 0.360910 0.037490 0.037490
2 0.357790 0.451540 0.043720 0.040600
5 0.356240 0.589060 0.042160 0.042160
5 0.351520 0.679650 0.037490 0.040600
5 0.445270 0.362460 0.032780 0.042160
5 0.501530 0.356240 0.029660 0.043720
5 0.537470 0.498420 0.035930 0.039050
5 0.579670 0.593730 0.032780 0.032780
5 0.585900 0.404670 0.035930 0.035930
5 0.628110 0.404670 0.032780 0.039050
3 0.674980 0.368730 0.029660 0.032780
3 0.670270 0.404670 0.032780 0.032780
3 0.357790 0.496860 0.032780 0.029660
3 0.578120 0.545300 0.034380 0.032780
3 0.623440 0.499980 0.032780 0.031220
3 0.674980 0.495310 0.035930 0.039050
3 0.623440 0.454660 0.029660 0.031220
0 0.446880 0.407780 0.034380 0.039050
