9 0.345300 0.274980 0.034380 0.032780
9 0.349970 0.364020 0.034380 0.029660
9 0.348410 0.420280 0.037490 0.029660
9 0.349970 0.471870 0.039050 0.031220
9 0.356240 0.507800 0.034380 0.029660
9 0.354680 0.548410 0.037490 0.029660
9 0.393730 0.553080 0.042160 0.028110
9 0.403110 0.507800 0.034380 0.029660
9 0.403110 0.601560 0.034380 0.035930
9 0.393730 0.378120 0.035930 0.029660
9 0.392170 0.331240 0.026550 0.035930
9 0.443720 0.595280 0.034380 0.026550
9 0.435930 0.503090 0.028110 0.031220
9 0.443720 0.467150 0.032780 0.032780
9 0.442160 0.421840 0.026550 0.029660
9 0.445270 0.376520 0.029660 0.035930
9 0.442160 0.329690 0.031220 0.034380
9 0.443720 0.287480 0.031220 0.035930
9 0.478100 0.292150 0.032780 0.029660
9 0.484370 0.335910 0.031220 0.029660
9 0.482760 0.379670 0.032780 0.032780
9 0.485920 0.418720 0.034380 0.031220
9 0.482760 0.542180 0.029660 0.029660
9 0.493710 0.593730 0.034380 0.035930
6 0.401560 0.287480 0.042160 0.042160
6 0.354680 0.328080 0.037490 0.039050
6 0.357790 0.607780 0.039050 0.049990
6 0.396840 0.464040 0.037490 0.035930
6 0.396840 0.417170 0.045270 0.034380
6 0.446880 0.548410 0.037490 0.032780
3 0.526530 0.298420 0.037490 0.045270
3 0.526530 0.373400 0.034380 0.034380
3 0.521860 0.424990 0.032780 0.035930
3 0.484370 0.462490 0.034380 0.029660
3 0.479650 0.503090 0.034380 0.029660
3 0.524970 0.542180 0.031220 0.029660
3 0.529690 0.589060 0.037490 0.032780
3 0.526530 0.464040 0.035930 0.031220
3 0.565620 0.542180 0.032780 0.028110
3 0.568730 0.335910 0.039050 0.031220
3 0.564020 0.374960 0.035930 0.028110
3 0.567180 0.465600 0.034380 0.029660
3 0.607780 0.585900 0.031220 0.028110
3 0.607780 0.549970 0.039050 0.029660
3 0.645270 0.543740 0.042160 0.023440
3 0.646830 0.503090 0.040600 0.026550
3 0.645270 0.462490 0.039050 0.031220
3 0.645270 0.421840 0.035930 0.029660
3 0.645270 0.379670 0.035930 0.029660
3 0.646830 0.339020 0.040600 0.039050
3 0.609340 0.339020 0.037490 0.029660
3 0.600000 0.423440 0.026550 0.031220
3 0.604670 0.507800 0.031220 0.031220
3 0.642160 0.589060 0.037490 0.034380
0 0.523410 0.503090 0.035930 0.035930
0 0.565620 0.421840 0.039050 0.031220
0 0.567180 0.504650 0.042160 0.031220
0 0.574960 0.593730 0.040600 0.045270
0 0.604670 0.464040 0.037490 0.031220
0 0.606230 0.376520 0.037490 0.037490
