9 0.318750 0.395280 0.043720 0.040600
9 0.326530 0.535910 0.034380 0.029660
9 0.339020 0.574960 0.039050 0.031220
9 0.337470 0.610890 0.034380 0.032780
9 0.384340 0.609340 0.032780 0.034380
9 0.426550 0.610890 0.029660 0.028110
9 0.426550 0.576520 0.031220 0.037490
9 0.378120 0.524970 0.031220 0.032780
9 0.378120 0.484370 0.032780 0.028110
9 0.423440 0.479650 0.031220 0.029660
9 0.465600 0.343740 0.032780 0.028110
9 0.521860 0.343740 0.034380 0.034380
9 0.517190 0.393730 0.034380 0.032780
9 0.465600 0.403110 0.037490 0.029660
9 0.520300 0.471870 0.035930 0.035930
9 0.554680 0.489040 0.037490 0.029660
9 0.517190 0.531240 0.035930 0.035930
9 0.470270 0.656210 0.029660 0.037490
9 0.510920 0.649990 0.029660 0.037490
9 0.637490 0.603110 0.040600 0.031220
9 0.635930 0.559350 0.042160 0.029660
9 0.640600 0.521860 0.043720 0.029660
9 0.612500 0.348410 0.039050 0.035930
9 0.654660 0.348410 0.037490 0.032780
3 0.385900 0.348410 0.039050 0.032780
3 0.389060 0.393730 0.043720 0.028110
3 0.373400 0.451540 0.035930 0.029660
3 0.332800 0.489040 0.037490 0.035930
3 0.379670 0.568730 0.037490 0.029660
3 0.329690 0.659370 0.039050 0.042160
3 0.385900 0.660930 0.032780 0.035930
3 0.429660 0.651540 0.032780 0.039050
3 0.468710 0.603110 0.034380 0.035930
3 0.474980 0.564020 0.037490 0.034380
3 0.471870 0.520300 0.037490 0.029660
3 0.428110 0.531240 0.035930 0.037490
3 0.420280 0.439050 0.037490 0.026550
3 0.426550 0.346850 0.031220 0.034380
3 0.462490 0.432780 0.032780 0.028110
3 0.468710 0.487480 0.043720 0.034380
3 0.506250 0.431220 0.037490 0.028110
3 0.557790 0.343740 0.031220 0.034380
3 0.600000 0.435930 0.035930 0.029660
3 0.648430 0.434380 0.043720 0.031220
3 0.643720 0.481210 0.048430 0.034380
3 0.556240 0.524970 0.034380 0.037490
3 0.549970 0.574960 0.037490 0.035930
3 0.554680 0.642160 0.046880 0.037490
