6 0.692150 0.571850 0.045270 0.029660
6 0.648430 0.492150 0.040600 0.029660
6 0.570290 0.535910 0.037490 0.034380
6 0.529690 0.534360 0.042160 0.029660
6 0.443720 0.595280 0.037490 0.042160
6 0.403110 0.540630 0.034380 0.035930
9 0.401560 0.453100 0.029660 0.029660
9 0.396840 0.490590 0.029660 0.024990
9 0.448430 0.449990 0.035930 0.029660
9 0.445270 0.495310 0.032780 0.032780
9 0.446880 0.542180 0.034380 0.034380
9 0.395280 0.582790 0.031220 0.035930
9 0.489040 0.453100 0.028110 0.032780
9 0.528080 0.446880 0.029660 0.029660
9 0.484370 0.489040 0.032780 0.032780
9 0.524970 0.496860 0.034380 0.035930
9 0.567180 0.492150 0.035930 0.032780
9 0.603110 0.501530 0.035930 0.031220
9 0.607780 0.532800 0.032780 0.026550
9 0.492150 0.542180 0.034380 0.031220
9 0.484370 0.581230 0.037490 0.026550
9 0.529690 0.584340 0.035930 0.028110
9 0.576520 0.582790 0.031220 0.032780
9 0.604670 0.574960 0.037490 0.029660
9 0.642160 0.540630 0.031220 0.037490
9 0.643720 0.578120 0.034380 0.035930
9 0.689040 0.532800 0.042160 0.028110
9 0.637490 0.456210 0.031220 0.029660
9 0.681210 0.449990 0.034380 0.032780
9 0.685920 0.495310 0.035930 0.028110
3 0.404670 0.399950 0.040600 0.035930
3 0.440600 0.360910 0.037490 0.037490
3 0.484370 0.407780 0.037490 0.035930
3 0.534360 0.415610 0.029660 0.032780
3 0.565620 0.451540 0.032780 0.029660
3 0.603110 0.454660 0.035930 0.035930
3 0.640600 0.415610 0.031220 0.029660
3 0.684370 0.412500 0.045270 0.029660
3 0.684370 0.301530 0.040600 0.031220
3 0.684370 0.334360 0.037490 0.029660
3 0.639050 0.290590 0.034380 0.037490
3 0.648430 0.332800 0.031220 0.032780
3 0.642160 0.373400 0.029660 0.031220
3 0.568730 0.410890 0.031220 0.031220
3 0.482760 0.360910 0.034380 0.035930
3 0.440600 0.310920 0.028110 0.031220
3 0.440600 0.273430 0.031220 0.035930
3 0.482760 0.276540 0.034380 0.037490
3 0.523410 0.281210 0.031220 0.035930
3 0.565620 0.285920 0.031220 0.037490
3 0.604670 0.289040 0.037490 0.037490
3 0.612500 0.334360 0.031220 0.035930
3 0.570290 0.368730 0.029660 0.032780
3 0.528080 0.334360 0.032780 0.031220
0 0.484370 0.320300 0.037490 0.037490
0 0.526530 0.368730 0.042160 0.032780
0 0.570290 0.329690 0.039050 0.037490
0 0.607780 0.373400 0.039050 0.039050
0 0.690590 0.368730 0.051540 0.037490
0 0.604670 0.414050 0.037490 0.035930
