9 0.664040 0.368730 0.032780 0.026550
9 0.624990 0.359350 0.026550 0.028110
9 0.592170 0.367180 0.029660 0.028110
9 0.557790 0.410890 0.026550 0.028110
9 0.589060 0.406230 0.029660 0.023440
9 0.592170 0.445270 0.028110 0.024990
9 0.545300 0.451540 0.028110 0.023440
9 0.628110 0.446880 0.026550 0.023440
9 0.665600 0.439050 0.031220 0.023440
9 0.623440 0.323410 0.028110 0.021840
9 0.545300 0.324970 0.031220 0.028110
9 0.656210 0.284370 0.032780 0.028110
9 0.618720 0.274980 0.029660 0.026550
9 0.582790 0.279650 0.031220 0.028110
6 0.548410 0.276540 0.037490 0.032780
6 0.592170 0.321860 0.037490 0.031220
6 0.664040 0.326530 0.039050 0.029660
6 0.631220 0.401560 0.040600 0.029660
6 0.665600 0.409340 0.039050 0.024990
6 0.556240 0.365580 0.035930 0.031220
0 0.470270 0.435930 0.031220 0.029660
0 0.428110 0.448430 0.031220 0.028110
0 0.509360 0.314030 0.034380 0.034380
0 0.415610 0.314030 0.028110 0.034380
0 0.373400 0.267150 0.031220 0.039050
0 0.379670 0.351520 0.029660 0.037490
3 0.381230 0.449990 0.023440 0.026550
3 0.382790 0.404670 0.024990 0.026550
3 0.429660 0.406230 0.028110 0.026550
3 0.465600 0.401560 0.028110 0.026550
3 0.471870 0.359350 0.028110 0.026550
3 0.424990 0.365580 0.024990 0.026550
3 0.506250 0.367180 0.026550 0.024990
3 0.509360 0.401560 0.024990 0.026550
3 0.509360 0.443720 0.024990 0.024990
3 0.460930 0.315590 0.026550 0.031220
3 0.379670 0.312470 0.026550 0.029660
3 0.421840 0.268710 0.026550 0.032780
3 0.468710 0.281210 0.029660 0.032780
3 0.501530 0.276540 0.026550 0.031220
