6 0.487480 0.495310 0.034380 0.028110
6 0.568730 0.490590 0.035930 0.026550
6 0.649990 0.490590 0.039050 0.026550
6 0.565620 0.578120 0.035930 0.026550
6 0.490590 0.574960 0.034380 0.024990
6 0.645270 0.574960 0.040600 0.026550
9 0.681210 0.446880 0.034380 0.026550
9 0.603110 0.448430 0.028110 0.026550
9 0.526530 0.445270 0.026550 0.023440
9 0.449990 0.448430 0.024990 0.024990
9 0.403110 0.498420 0.028110 0.026550
9 0.442160 0.535910 0.024990 0.023440
9 0.404670 0.585900 0.026550 0.026550
9 0.532800 0.540630 0.028110 0.024990
9 0.573400 0.537470 0.026550 0.026550
9 0.604670 0.581230 0.028110 0.024990
9 0.646830 0.535910 0.032780 0.023440
9 0.690590 0.532800 0.028110 0.021840
9 0.684370 0.571850 0.029660 0.024990
9 0.684370 0.496860 0.029660 0.024990
3 0.395280 0.356240 0.028110 0.024990
3 0.407780 0.412500 0.028110 0.028110
3 0.479650 0.407780 0.029660 0.024990
3 0.489040 0.373400 0.026550 0.031220
3 0.523410 0.371850 0.028110 0.029660
3 0.485920 0.329690 0.028110 0.032780
3 0.435930 0.320300 0.026550 0.029660
3 0.528080 0.284370 0.028110 0.031220
3 0.565620 0.331240 0.029660 0.028110
3 0.609340 0.370290 0.032780 0.028110
3 0.681210 0.378120 0.031220 0.023440
3 0.684370 0.339020 0.031220 0.023440
3 0.685920 0.414050 0.028110 0.024990
3 0.604670 0.414050 0.029660 0.024990
0 0.442160 0.273430 0.031220 0.034380
0 0.615610 0.295310 0.042160 0.035930
0 0.614050 0.326530 0.042160 0.032780
0 0.684370 0.295310 0.042160 0.032780
0 0.564020 0.417170 0.037490 0.031220
0 0.653100 0.414050 0.040600 0.026550
