9 0.349970 0.346850 0.024990 0.029660
9 0.349970 0.385900 0.023440 0.029660
3 0.434380 0.351520 0.023440 0.028110
3 0.434380 0.398400 0.023440 0.028110
3 0.484370 0.356240 0.024990 0.029660
3 0.484370 0.415610 0.024990 0.026550
3 0.596840 0.409340 0.029660 0.028110
9 0.523410 0.359350 0.028110 0.029660
9 0.560910 0.365580 0.029660 0.029660
9 0.601560 0.365580 0.029660 0.028110
3 0.645270 0.401560 0.031220 0.026550
9 0.445270 0.437490 0.024990 0.026550
3 0.521860 0.437490 0.028110 0.026550
9 0.559350 0.465600 0.026550 0.024990
9 0.607780 0.454660 0.031220 0.024990
3 0.643720 0.446880 0.029660 0.024990
3 0.614050 0.489040 0.028110 0.023440
3 0.565620 0.523410 0.029660 0.023440
3 0.603110 0.529690 0.029660 0.023440
3 0.654660 0.576520 0.031220 0.021840
9 0.656210 0.535910 0.032780 0.023440
3 0.646830 0.623440 0.032780 0.023440
3 0.660930 0.665600 0.031220 0.023440
9 0.604670 0.667150 0.031220 0.023440
9 0.612500 0.614050 0.029660 0.023440
3 0.614050 0.579670 0.031220 0.023440
9 0.565620 0.578120 0.028110 0.023440
9 0.567180 0.615610 0.029660 0.024990
9 0.439050 0.529690 0.024990 0.023440
9 0.479650 0.495310 0.024990 0.023440
9 0.490590 0.528080 0.028110 0.024990
9 0.524970 0.535910 0.026550 0.024990
3 0.523410 0.493710 0.026550 0.024990
3 0.348410 0.573400 0.024990 0.023440
9 0.345300 0.535910 0.024990 0.024990
3 0.349970 0.612500 0.024990 0.026550
9 0.346850 0.660930 0.028110 0.026550
9 0.395280 0.679650 0.026550 0.028110
3 0.482760 0.665600 0.024990 0.026550
3 0.546850 0.678100 0.028110 0.024990
3 0.393730 0.609340 0.024990 0.026550
3 0.451540 0.624990 0.024990 0.026550
9 0.482760 0.623440 0.028110 0.026550
9 0.524970 0.617170 0.028110 0.026550
9 0.574960 0.665600 0.028110 0.024990
9 0.529690 0.573400 0.029660 0.024990
3 0.489040 0.573400 0.024990 0.024990
3 0.426550 0.574960 0.026550 0.023440
