9 0.343740 0.271870 0.035930 0.035930
9 0.442160 0.287480 0.031220 0.039050
9 0.481210 0.292150 0.039050 0.032780
9 0.487480 0.337470 0.037490 0.034380
9 0.351520 0.367180 0.031220 0.029660
9 0.346850 0.421840 0.040600 0.034380
9 0.348410 0.473430 0.042160 0.034380
9 0.353120 0.507800 0.040600 0.029660
9 0.353120 0.549970 0.037490 0.037490
9 0.390620 0.546850 0.026550 0.031220
9 0.399950 0.506250 0.031220 0.031220
9 0.395280 0.378120 0.039050 0.031220
9 0.395280 0.335910 0.032780 0.039050
9 0.401560 0.598400 0.034380 0.039050
9 0.442160 0.595280 0.031220 0.035930
9 0.492150 0.593730 0.035930 0.032780
9 0.485920 0.540630 0.031220 0.026550
9 0.434380 0.503090 0.029660 0.031220
9 0.442160 0.331240 0.032780 0.032780
9 0.443720 0.373400 0.034380 0.031220
9 0.481210 0.379670 0.031220 0.035930
9 0.485920 0.420280 0.031220 0.035930
9 0.443720 0.418720 0.037490 0.034380
9 0.446880 0.460930 0.035930 0.031220
6 0.406230 0.285920 0.039050 0.049990
6 0.356240 0.321860 0.031220 0.046880
6 0.357790 0.604670 0.035930 0.048430
6 0.399950 0.460930 0.031220 0.031220
6 0.398400 0.417170 0.037490 0.031220
6 0.445270 0.548410 0.043720 0.034380
3 0.528080 0.299980 0.031220 0.039050
3 0.570290 0.337470 0.037490 0.032780
3 0.612500 0.337470 0.031220 0.037490
3 0.643720 0.342180 0.037490 0.034380
3 0.646830 0.379670 0.037490 0.031220
3 0.645270 0.420280 0.035930 0.034380
3 0.645270 0.462490 0.039050 0.029660
3 0.649990 0.503090 0.045270 0.029660
3 0.648430 0.542180 0.039050 0.028110
3 0.643720 0.587460 0.045270 0.028110
3 0.609340 0.585900 0.032780 0.034380
3 0.607780 0.548410 0.034380 0.029660
3 0.607780 0.507800 0.034380 0.026550
3 0.567180 0.378120 0.031220 0.031220
3 0.521860 0.423440 0.032780 0.034380
3 0.528080 0.378120 0.029660 0.031220
3 0.485920 0.464040 0.031220 0.029660
3 0.481210 0.504650 0.035930 0.031220
3 0.524970 0.543740 0.031220 0.029660
3 0.529690 0.590620 0.032780 0.032780
3 0.567180 0.543740 0.031220 0.034380
3 0.528080 0.462490 0.037490 0.031220
3 0.567180 0.465600 0.031220 0.032780
3 0.603110 0.423440 0.035930 0.032780
0 0.523410 0.503090 0.040600 0.034380
0 0.567180 0.506250 0.042160 0.034380
0 0.576520 0.590620 0.035930 0.042160
0 0.567180 0.421840 0.035930 0.040600
0 0.606230 0.378120 0.040600 0.042160
0 0.606230 0.464040 0.040600 0.032780
