3 0.301530 0.318750 0.032780 0.039050
3 0.335910 0.317190 0.031220 0.035930
3 0.414050 0.317190 0.031220 0.039050
3 0.415610 0.357790 0.031220 0.031220
3 0.373400 0.357790 0.031220 0.031220
3 0.334360 0.351520 0.028110 0.031220
3 0.290590 0.356240 0.026550 0.032780
3 0.289040 0.393730 0.028110 0.031220
3 0.332800 0.390620 0.028110 0.035930
3 0.368730 0.431220 0.031220 0.035930
3 0.410890 0.432780 0.032780 0.032780
3 0.451540 0.432780 0.031220 0.032780
3 0.456210 0.395280 0.032780 0.032780
3 0.285920 0.431220 0.031220 0.031220
3 0.281210 0.473430 0.029660 0.035930
3 0.334360 0.471870 0.031220 0.037490
3 0.412500 0.470270 0.039050 0.037490
3 0.281210 0.514030 0.032780 0.037490
3 0.367180 0.512470 0.034380 0.037490
3 0.406230 0.515590 0.032780 0.039050
3 0.362460 0.554680 0.032780 0.039050
3 0.315590 0.556240 0.034380 0.035930
3 0.278100 0.556240 0.034380 0.039050
3 0.404670 0.596840 0.034380 0.039050
9 0.451540 0.317190 0.034380 0.037490
9 0.495310 0.317190 0.037490 0.037490
9 0.537470 0.314030 0.032780 0.037490
9 0.542180 0.357790 0.032780 0.034380
9 0.578120 0.354680 0.029660 0.037490
9 0.456210 0.357790 0.034380 0.034380
9 0.495310 0.396840 0.039050 0.035930
9 0.535910 0.395280 0.035930 0.035930
9 0.576520 0.396840 0.039050 0.031220
9 0.579670 0.428110 0.037490 0.045270
9 0.496860 0.432780 0.039050 0.039050
9 0.453100 0.473430 0.032780 0.035930
9 0.493710 0.473430 0.031220 0.035930
9 0.451540 0.512470 0.035930 0.034380
9 0.492150 0.510920 0.034380 0.035930
9 0.539020 0.510920 0.039050 0.039050
9 0.581230 0.514030 0.031220 0.039050
9 0.581230 0.470270 0.029660 0.031220
9 0.449990 0.554680 0.039050 0.039050
9 0.496860 0.554680 0.031220 0.037490
9 0.540630 0.553080 0.031220 0.035930
9 0.451540 0.596840 0.034380 0.035930
9 0.493710 0.598400 0.034380 0.037490
9 0.579670 0.598400 0.029660 0.040600
6 0.535910 0.470270 0.029660 0.035930
6 0.537470 0.429660 0.024990 0.039050
6 0.493710 0.351520 0.031220 0.043720
6 0.574960 0.304650 0.031220 0.045270
0 0.368730 0.310920 0.031220 0.048430
0 0.371850 0.390620 0.035930 0.037490
0 0.417170 0.392170 0.032780 0.035930
6 0.590620 0.553080 0.037490 0.040600
0 0.331240 0.428110 0.037490 0.040600
0 0.367180 0.470270 0.035930 0.037490
0 0.323410 0.510920 0.043720 0.035930
6 0.539020 0.598400 0.035930 0.040600
