5 0.382790 0.346850 0.039050 0.034380
5 0.464040 0.568730 0.031220 0.034380
5 0.473430 0.351520 0.035930 0.034380
5 0.557790 0.532800 0.032780 0.040600
5 0.639050 0.614050 0.037490 0.039050
5 0.637490 0.576520 0.034380 0.037490
5 0.692150 0.451540 0.042160 0.037490
5 0.692150 0.501530 0.045270 0.042160
4 0.382790 0.448430 0.042160 0.042160
4 0.560910 0.406230 0.040600 0.040600
4 0.604670 0.449990 0.042160 0.042160
2 0.610890 0.360910 0.039050 0.042160
2 0.701530 0.360910 0.040600 0.035930
2 0.515590 0.406230 0.034380 0.039050
2 0.693710 0.409340 0.040600 0.035930
3 0.564020 0.360910 0.035930 0.040600
6 0.432780 0.354680 0.035930 0.037490
7 0.520300 0.357790 0.035930 0.039050
7 0.659370 0.364020 0.046880 0.042160
7 0.473430 0.404670 0.039050 0.045270
6 0.382790 0.396840 0.037490 0.039050
6 0.389060 0.657770 0.037490 0.040600
6 0.474980 0.610890 0.032780 0.040600
6 0.429660 0.490590 0.035930 0.035930
6 0.600000 0.493710 0.035930 0.034380
11 0.639050 0.493710 0.035930 0.035930
11 0.676540 0.621840 0.042160 0.039050
11 0.562460 0.492150 0.037490 0.035930
11 0.385900 0.529690 0.031220 0.035930
11 0.381230 0.617170 0.035930 0.039050
11 0.518750 0.534360 0.037490 0.039050
8 0.685920 0.542180 0.045270 0.032780
8 0.679650 0.578120 0.035930 0.037490
8 0.596840 0.532800 0.035930 0.040600
8 0.595280 0.576520 0.039050 0.042160
8 0.470270 0.532800 0.034380 0.037490
10 0.428110 0.581230 0.032780 0.053100
10 0.471870 0.454660 0.035930 0.039050
10 0.514030 0.454660 0.037490 0.040600
1 0.654660 0.412500 0.046880 0.043720
0 0.649990 0.453100 0.034380 0.034380
0 0.639050 0.535910 0.032780 0.035930
0 0.596840 0.659370 0.031220 0.042160
0 0.549970 0.570290 0.034380 0.037490
0 0.426550 0.529690 0.034380 0.034380
0 0.384340 0.576520 0.031220 0.040600
8 0.385900 0.492150 0.039050 0.035930
9 0.431220 0.649990 0.032780 0.037490
9 0.470270 0.651540 0.031220 0.035930
9 0.517190 0.649990 0.029660 0.032780
9 0.509360 0.603110 0.028110 0.031220
3 0.506250 0.568730 0.034380 0.024990
3 0.549970 0.607780 0.032780 0.031220
3 0.554680 0.651540 0.029660 0.037490
3 0.589060 0.609340 0.029660 0.029660
3 0.631220 0.651540 0.031220 0.032780
3 0.662490 0.654660 0.031220 0.035930
9 0.471870 0.489040 0.031220 0.026550
9 0.520300 0.492150 0.035930 0.024990
9 0.424990 0.449990 0.024990 0.026550
9 0.424990 0.401560 0.029660 0.032780
1 0.557790 0.451540 0.039050 0.040600
1 0.607780 0.407780 0.040600 0.037490
