1 0.365580 0.165580 0.095310 0.121860
5 0.459330 0.165580 0.084370 0.096860
5 0.557790 0.164020 0.106250 0.104650
4 0.284370 0.537470 0.123410 0.087480
2 0.635930 0.359350 0.089040 0.092150
2 0.454660 0.264040 0.114030 0.092150
3 0.814050 0.440600 0.089040 0.093710
3 0.721860 0.346850 0.087480 0.092150
3 0.635930 0.265600 0.092150 0.095310
3 0.546850 0.356240 0.087480 0.085920
3 0.376520 0.362460 0.082760 0.092150
3 0.289040 0.273430 0.089040 0.092150
3 0.200000 0.274980 0.090590 0.089040
11 0.235930 0.774960 0.093710 0.085920
11 0.640600 0.778120 0.085920 0.096860
10 0.384340 0.803110 0.099980 0.143740
7 0.732800 0.804670 0.110920 0.115590
6 0.640600 0.615610 0.093710 0.089040
9 0.807780 0.701530 0.082760 0.089040
9 0.718750 0.699980 0.085920 0.095310
9 0.629660 0.689040 0.084370 0.084370
9 0.473430 0.701530 0.089040 0.099980
9 0.390620 0.620280 0.082760 0.092150
9 0.231220 0.693710 0.084370 0.076540
