8 0.371850 0.424990 0.054660 0.064040
8 0.381230 0.487480 0.039050 0.064040
9 0.381230 0.562460 0.035930 0.045270
9 0.382790 0.693710 0.035930 0.048430
6 0.324970 0.490590 0.042160 0.051540
6 0.381230 0.621840 0.039050 0.049990
10 0.324970 0.557790 0.060930 0.057770
7 0.321860 0.631220 0.054660 0.048430
11 0.328080 0.699980 0.051540 0.054660
11 0.323410 0.418720 0.048430 0.056210
2 0.634380 0.468710 0.048430 0.064040
2 0.653100 0.756240 0.045270 0.057770
1 0.684370 0.468710 0.056210 0.057770
4 0.690590 0.535910 0.054660 0.060930
5 0.631220 0.549970 0.039050 0.048430
5 0.643720 0.682760 0.042160 0.048430
0 0.689040 0.609340 0.043720 0.051540
0 0.703090 0.681210 0.045270 0.045270
3 0.634380 0.618720 0.032780 0.042160
3 0.706250 0.759350 0.039050 0.048430
