8 0.634380 0.190620 0.039050 0.109360
8 0.596840 0.631220 0.051540 0.087480
6 0.674980 0.193730 0.039050 0.090590
6 0.634380 0.303090 0.039050 0.090590
9 0.631220 0.260930 0.029660 0.067150
9 0.637490 0.382790 0.034380 0.068710
11 0.662490 0.639050 0.054660 0.082760
11 0.696860 0.365580 0.048430 0.082760
7 0.692150 0.306250 0.054660 0.098420
10 0.684370 0.240600 0.054660 0.106250
2 0.437490 0.187460 0.042160 0.098420
2 0.382790 0.415610 0.039050 0.106250
1 0.321860 0.409340 0.046880 0.103090
3 0.395280 0.206230 0.032780 0.067150
3 0.371850 0.571850 0.037490 0.059330
0 0.312470 0.565620 0.046880 0.079650
0 0.309360 0.634380 0.046880 0.074980
5 0.365580 0.631220 0.045270 0.074980
5 0.374960 0.496860 0.039050 0.078100
4 0.315590 0.487480 0.056210 0.099980
