2 0.362460 0.478100 0.073430 0.049990
3 0.349970 0.432780 0.056210 0.040600
0 0.428110 0.421840 0.068710 0.045270
0 0.496860 0.417170 0.071870 0.046880
3 0.474980 0.467150 0.056210 0.039050
5 0.420280 0.474980 0.068710 0.043720
5 0.540630 0.465600 0.074980 0.042160
4 0.562460 0.412500 0.095310 0.049990
1 0.618720 0.406230 0.087480 0.040600
2 0.621840 0.457770 0.087480 0.043720
9 0.434380 0.528080 0.053100 0.039050
9 0.562460 0.515590 0.059330 0.037490
6 0.498420 0.521860 0.068710 0.040600
11 0.442160 0.578120 0.068710 0.043720
7 0.515590 0.568730 0.085920 0.051540
10 0.578120 0.564020 0.092150 0.054660
8 0.631220 0.506250 0.095310 0.049990
8 0.693710 0.493710 0.087480 0.042160
11 0.692150 0.540630 0.084370 0.040600
6 0.634380 0.554680 0.084370 0.042160
