11 0.234380 0.578120 0.082760 0.040600
11 0.353120 0.581230 0.082760 0.042160
7 0.224990 0.524970 0.098420 0.040600
9 0.290590 0.581230 0.057770 0.034380
6 0.293710 0.528080 0.085920 0.040600
8 0.340630 0.534360 0.085920 0.042160
8 0.606230 0.671870 0.073430 0.049990
6 0.612500 0.614050 0.067150 0.045270
10 0.681210 0.681210 0.081210 0.054660
9 0.689040 0.618720 0.048430 0.035930
1 0.626550 0.395280 0.081210 0.056210
2 0.631220 0.335910 0.079650 0.065600
4 0.703090 0.393730 0.074980 0.060930
3 0.721860 0.342180 0.053100 0.042160
5 0.257770 0.331240 0.082760 0.045270
0 0.264040 0.287480 0.085920 0.048430
0 0.312470 0.334360 0.085920 0.046880
5 0.314030 0.284370 0.081210 0.048430
2 0.365580 0.331240 0.087480 0.054660
3 0.378120 0.284370 0.059330 0.040600
