3 0.328080 0.545300 0.040600 0.031220
2 0.329690 0.503090 0.042160 0.034380
5 0.378120 0.503090 0.042160 0.031220
5 0.490590 0.501530 0.040600 0.029660
3 0.435930 0.503090 0.040600 0.028110
0 0.453100 0.545300 0.042160 0.032780
0 0.390620 0.546850 0.042160 0.031220
2 0.562460 0.496860 0.046880 0.032780
1 0.564020 0.546850 0.042160 0.031220
4 0.504650 0.543740 0.043720 0.032780
9 0.392170 0.456210 0.039050 0.029660
9 0.509360 0.453100 0.037490 0.028110
6 0.445270 0.456210 0.042160 0.029660
6 0.565620 0.406230 0.043720 0.032780
11 0.390620 0.412500 0.043720 0.034380
7 0.446880 0.412500 0.042160 0.040600
10 0.506250 0.407780 0.043720 0.043720
11 0.629660 0.412500 0.049990 0.032780
8 0.568730 0.453100 0.049990 0.042160
8 0.632780 0.453100 0.048430 0.034380
