5 0.362460 0.368730 0.054660 0.046880
2 0.437490 0.412500 0.051540 0.051540
11 0.709360 0.609340 0.060930 0.045270
8 0.584340 0.612500 0.067150 0.054660
0 0.368730 0.421840 0.054660 0.042160
7 0.721860 0.556240 0.073430 0.043720
8 0.299980 0.523410 0.060930 0.051540
4 0.224990 0.417170 0.079650 0.053100
3 0.428110 0.362460 0.048430 0.040600
6 0.571850 0.562460 0.051540 0.040600
2 0.710920 0.401560 0.067150 0.046880
10 0.649990 0.612500 0.057770 0.048430
5 0.293710 0.418720 0.057770 0.042160
0 0.293710 0.374960 0.057770 0.045270
1 0.709360 0.449990 0.065600 0.042160
11 0.303090 0.574960 0.059330 0.035930
9 0.645270 0.556240 0.048430 0.040600
6 0.226550 0.528080 0.064040 0.039050
3 0.221840 0.370290 0.060930 0.042160
9 0.231220 0.578120 0.051540 0.037490
