0 0.518750 0.232780 0.046880 0.048430
0 0.615610 0.299980 0.048430 0.045270
3 0.503090 0.312470 0.042160 0.037490
3 0.578120 0.228110 0.045270 0.040600
5 0.562460 0.190620 0.048430 0.051540
5 0.749970 0.321860 0.059330 0.045270
4 0.749970 0.278100 0.070270 0.059330
1 0.687480 0.281210 0.065600 0.054660
2 0.556240 0.293710 0.046880 0.051540
2 0.509360 0.195280 0.049990 0.056210
6 0.562460 0.701530 0.045270 0.042160
6 0.649990 0.565620 0.048430 0.040600
9 0.534360 0.579670 0.042160 0.035930
9 0.553080 0.731240 0.043720 0.035930
11 0.492150 0.751520 0.048430 0.046880
11 0.787460 0.601560 0.054660 0.043720
8 0.468710 0.703090 0.057770 0.043720
8 0.589060 0.578120 0.049990 0.049990
7 0.723410 0.553080 0.059330 0.040600
10 0.787460 0.549970 0.062490 0.043720
