8 0.715590 0.665600 0.082760 0.046880
6 0.709360 0.703090 0.056210 0.040600
9 0.646830 0.648430 0.048430 0.034380
9 0.524970 0.632780 0.046880 0.035930
6 0.593730 0.645270 0.057770 0.043720
10 0.651540 0.699980 0.067150 0.054660
7 0.581230 0.690590 0.062490 0.056210
11 0.524970 0.687480 0.054660 0.048430
11 0.287480 0.614050 0.048430 0.045270
8 0.298420 0.562460 0.054660 0.048430
3 0.735910 0.446880 0.048430 0.035930
2 0.742180 0.487480 0.067150 0.045270
2 0.510920 0.412500 0.059330 0.040600
1 0.521860 0.362460 0.057770 0.043720
4 0.449990 0.351520 0.051540 0.048430
5 0.442160 0.399950 0.042160 0.035930
5 0.331240 0.381230 0.045270 0.039050
3 0.384340 0.390620 0.043720 0.032780
0 0.390620 0.342180 0.048430 0.042160
0 0.332800 0.337470 0.048430 0.042160
