5 0.281210 0.574960 0.056210 0.039050
5 0.349970 0.531240 0.049990 0.035930
0 0.624990 0.587460 0.049990 0.039050
0 0.690590 0.634380 0.056210 0.039050
3 0.615610 0.640600 0.043720 0.034380
1 0.687480 0.592170 0.065600 0.046880
4 0.753120 0.645270 0.073430 0.051540
2 0.759350 0.593730 0.071870 0.043720
2 0.349970 0.587460 0.048430 0.049990
3 0.290590 0.521860 0.045270 0.034380
9 0.365580 0.431220 0.043720 0.034380
7 0.293710 0.374960 0.059330 0.045270
6 0.293710 0.432780 0.053100 0.039050
6 0.357790 0.381230 0.046880 0.042160
10 0.621840 0.492150 0.062490 0.035930
8 0.623440 0.434380 0.065600 0.035930
8 0.690590 0.443720 0.071870 0.035930
11 0.690590 0.492150 0.053100 0.035930
11 0.756240 0.440600 0.056210 0.039050
9 0.756240 0.495310 0.046880 0.032780
