11 0.771850 0.328080 0.067150 0.054660
11 0.504650 0.346850 0.049990 0.051540
9 0.762460 0.379670 0.049990 0.042160
6 0.296860 0.378120 0.056210 0.042160
6 0.437490 0.343740 0.053100 0.045270
9 0.371850 0.390620 0.046880 0.035930
8 0.431220 0.393730 0.056210 0.045270
8 0.493710 0.398400 0.051540 0.046880
10 0.368730 0.331240 0.057770 0.051540
7 0.296860 0.326530 0.070270 0.054660
5 0.743740 0.578120 0.062490 0.040600
5 0.606230 0.553080 0.053100 0.040600
4 0.757790 0.628110 0.078100 0.051540
0 0.606230 0.617170 0.053100 0.042160
0 0.678100 0.618720 0.056210 0.042160
3 0.674980 0.562460 0.049990 0.035930
3 0.537470 0.606230 0.046880 0.039050
2 0.545300 0.553080 0.051540 0.039050
2 0.273430 0.576520 0.064040 0.046880
1 0.265600 0.631220 0.067150 0.048430
