6 0.684370 0.281210 0.048430 0.048430
8 0.618720 0.274980 0.056210 0.053100
9 0.553080 0.276540 0.042160 0.039050
9 0.364020 0.349970 0.040600 0.034380
8 0.423440 0.356240 0.051540 0.043720
6 0.474980 0.362460 0.048430 0.043720
7 0.543740 0.371850 0.045270 0.043720
10 0.593730 0.374960 0.053100 0.045270
11 0.649990 0.384340 0.045270 0.039050
11 0.332800 0.637490 0.051540 0.043720
3 0.390620 0.718750 0.040600 0.034380
3 0.331240 0.753120 0.043720 0.037490
0 0.424990 0.851540 0.046880 0.056210
0 0.512470 0.856210 0.046880 0.051540
1 0.603110 0.840600 0.051540 0.062490
4 0.587460 0.778120 0.056210 0.056210
5 0.512470 0.753120 0.043720 0.045270
5 0.440600 0.760910 0.045270 0.045270
2 0.496860 0.790620 0.046880 0.049990
2 0.401560 0.787460 0.048430 0.048430
