1 0.521860 0.290590 0.042160 0.060930
4 0.565620 0.359350 0.049990 0.062490
2 0.549970 0.437490 0.051540 0.053100
5 0.503090 0.426550 0.042160 0.048430
3 0.535910 0.503090 0.039050 0.048430
3 0.479650 0.553080 0.037490 0.046880
0 0.487480 0.493710 0.042160 0.051540
0 0.524970 0.559350 0.043720 0.051540
2 0.468710 0.621840 0.046880 0.065600
5 0.496860 0.687480 0.046880 0.059330
8 0.632780 0.515590 0.051540 0.054660
8 0.674980 0.585900 0.070270 0.056210
11 0.621840 0.581230 0.051540 0.053100
11 0.656210 0.654660 0.057770 0.054660
9 0.596840 0.631220 0.040600 0.045270
9 0.587460 0.764020 0.040600 0.051540
6 0.596840 0.699980 0.048430 0.053100
6 0.634380 0.774960 0.056210 0.062490
7 0.648430 0.715590 0.059330 0.067150
10 0.687480 0.531240 0.065600 0.056210
