8 0.403110 0.662490 0.107800 0.053100
8 0.482760 0.740580 0.099980 0.079650
10 0.396840 0.734360 0.117190 0.071870
11 0.481210 0.678100 0.093710 0.056210
9 0.553080 0.657770 0.070270 0.046880
9 0.721860 0.678100 0.068710 0.049990
6 0.628110 0.674980 0.089040 0.060930
6 0.720300 0.749970 0.084370 0.074980
7 0.626550 0.746850 0.099980 0.073430
11 0.559350 0.737470 0.090590 0.070270
1 0.181230 0.349970 0.120300 0.060930
5 0.196840 0.399950 0.096860 0.042160
5 0.454660 0.376520 0.092150 0.051540
0 0.321860 0.340630 0.101530 0.048430
3 0.403110 0.317190 0.073430 0.043720
3 0.334360 0.393730 0.073430 0.040600
0 0.393730 0.384340 0.095310 0.048430
4 0.246880 0.393730 0.114030 0.053100
2 0.246880 0.332800 0.106250 0.067150
2 0.459330 0.306250 0.109360 0.065600
