6 0.564020 0.759350 0.034380 0.054660
6 0.668710 0.309360 0.039050 0.049990
9 0.618720 0.314030 0.028110 0.043720
9 0.567180 0.687480 0.031220 0.040600
8 0.620280 0.564020 0.048430 0.046880
8 0.621840 0.618720 0.042160 0.043720
11 0.574960 0.631220 0.032780 0.043720
11 0.618720 0.685920 0.039050 0.046880
10 0.571850 0.559350 0.042160 0.046880
7 0.624990 0.756240 0.040600 0.062490
2 0.524970 0.307800 0.037490 0.049990
2 0.528080 0.428110 0.032780 0.057770
3 0.524970 0.373400 0.031220 0.040600
4 0.478100 0.296860 0.037490 0.064040
5 0.478100 0.373400 0.032780 0.046880
5 0.478100 0.431220 0.032780 0.046880
0 0.484370 0.684370 0.035930 0.046880
0 0.435930 0.756240 0.035930 0.056210
3 0.431220 0.684370 0.031220 0.042160
1 0.487480 0.757790 0.035930 0.067150
