8 0.559350 0.353120 0.045270 0.087480
8 0.535910 0.621840 0.046880 0.073430
6 0.512470 0.354680 0.046880 0.089040
6 0.529690 0.553080 0.043720 0.082760
9 0.518750 0.418720 0.039050 0.060930
9 0.585900 0.557790 0.040600 0.062490
11 0.593730 0.610890 0.046880 0.068710
11 0.571850 0.474980 0.045270 0.078100
10 0.568730 0.403110 0.045270 0.096860
7 0.521860 0.474980 0.045270 0.089040
1 0.459330 0.353120 0.042160 0.099980
2 0.406230 0.362460 0.051540 0.103090
2 0.476540 0.623440 0.049990 0.081210
4 0.468710 0.417170 0.048430 0.098420
5 0.474980 0.487480 0.046880 0.078100
5 0.418720 0.553080 0.045270 0.078100
0 0.476540 0.556240 0.043720 0.078100
0 0.421840 0.496860 0.046880 0.078100
3 0.412500 0.443720 0.039050 0.060930
3 0.424990 0.643720 0.045270 0.059330
