1 0.401560 0.674980 0.054660 0.059330
2 0.348410 0.678100 0.062490 0.059330
4 0.406230 0.743740 0.057770 0.074980
3 0.362460 0.743740 0.039050 0.049990
0 0.256210 0.299980 0.049990 0.054660
0 0.312470 0.356240 0.046880 0.054660
5 0.299980 0.287480 0.049990 0.060930
5 0.260930 0.354680 0.053100 0.053100
2 0.315590 0.415610 0.054660 0.053100
3 0.268710 0.418720 0.040600 0.046880
11 0.554680 0.256210 0.042160 0.060930
7 0.499980 0.253100 0.043720 0.067150
6 0.506250 0.329690 0.037490 0.056210
9 0.559350 0.317190 0.039050 0.045270
11 0.560910 0.393730 0.040600 0.053100
8 0.514030 0.384340 0.040600 0.053100
8 0.649990 0.649990 0.045270 0.073430
6 0.596840 0.643720 0.039050 0.051540
10 0.656210 0.715590 0.048430 0.067150
9 0.603110 0.709360 0.037490 0.049990
