5 0.529690 0.621840 0.071870 0.053100
0 0.468710 0.621840 0.076540 0.049990
11 0.573400 0.356240 0.065600 0.049990
2 0.328080 0.643720 0.099980 0.059330
2 0.592170 0.565620 0.067150 0.053100
7 0.571850 0.414050 0.078100 0.048430
6 0.440600 0.421840 0.078100 0.043720
11 0.721860 0.332800 0.062490 0.056210
4 0.381230 0.584340 0.096860 0.045270
8 0.439050 0.360910 0.079650 0.056210
3 0.595280 0.624990 0.056210 0.043720
5 0.462490 0.573400 0.068710 0.045270
1 0.320300 0.590620 0.096860 0.045270
0 0.506250 0.574960 0.087480 0.048430
10 0.496860 0.356240 0.084370 0.049990
6 0.649990 0.399950 0.062490 0.045270
9 0.509360 0.418720 0.053100 0.039050
8 0.726530 0.390620 0.056210 0.048430
3 0.409340 0.628110 0.059330 0.040600
9 0.646830 0.345300 0.053100 0.042160
