9 0.418720 0.303090 0.028110 0.043720
6 0.459330 0.306250 0.032780 0.051540
6 0.418720 0.426550 0.034380 0.045270
8 0.417170 0.367180 0.034380 0.064040
8 0.457770 0.424990 0.040600 0.045270
11 0.462490 0.368730 0.032780 0.043720
11 0.465600 0.481210 0.031220 0.042160
7 0.414050 0.481210 0.039050 0.042160
9 0.465600 0.543740 0.028110 0.040600
10 0.415610 0.545300 0.039050 0.048430
0 0.603110 0.296860 0.032780 0.049990
0 0.648430 0.428110 0.035930 0.043720
3 0.637490 0.303090 0.031220 0.043720
3 0.603110 0.548410 0.029660 0.040600
2 0.600000 0.428110 0.039050 0.043720
2 0.646830 0.353120 0.037490 0.060930
5 0.596840 0.359350 0.035930 0.046880
5 0.600000 0.490590 0.031220 0.043720
1 0.651540 0.487480 0.043720 0.048430
4 0.653100 0.546850 0.046880 0.048430
