11 0.321860 0.231220 0.053100 0.067150
11 0.345300 0.498420 0.049990 0.049990
9 0.374960 0.240600 0.042160 0.049990
6 0.381230 0.704650 0.042160 0.056210
6 0.345300 0.564020 0.045270 0.051540
9 0.393730 0.631220 0.034380 0.046880
8 0.393730 0.571850 0.045270 0.054660
8 0.398400 0.509360 0.046880 0.049990
10 0.332800 0.634380 0.051540 0.056210
7 0.329690 0.706250 0.054660 0.070270
5 0.574960 0.253100 0.039050 0.062490
5 0.551520 0.393730 0.040600 0.053100
4 0.624990 0.240600 0.049990 0.076540
0 0.615610 0.392170 0.042160 0.053100
0 0.615610 0.318750 0.042160 0.056210
3 0.559350 0.324970 0.035930 0.049990
3 0.604670 0.459330 0.037490 0.046880
2 0.551520 0.453100 0.039050 0.051540
2 0.581230 0.724970 0.045270 0.062490
1 0.635930 0.731240 0.046880 0.065600
