8 0.674980 0.396840 0.099980 0.051540
10 0.614050 0.390620 0.090590 0.053100
6 0.668710 0.449990 0.079650 0.046880
6 0.474980 0.426550 0.064040 0.043720
0 0.507800 0.634380 0.073430 0.049990
0 0.446880 0.578120 0.065600 0.046880
1 0.648430 0.600000 0.093710 0.056210
2 0.390620 0.574960 0.081210 0.045270
2 0.651540 0.648430 0.096860 0.049990
3 0.571850 0.640600 0.057770 0.040600
3 0.365580 0.621840 0.053100 0.043720
4 0.581230 0.596840 0.092150 0.053100
5 0.509360 0.581230 0.068710 0.045270
5 0.431220 0.631220 0.070270 0.049990
7 0.537470 0.434380 0.081210 0.043720
9 0.456210 0.368730 0.053100 0.042160
9 0.574960 0.440600 0.053100 0.035930
11 0.539020 0.378120 0.068710 0.046880
11 0.390620 0.359350 0.062490 0.048430
8 0.412500 0.424990 0.071870 0.043720
