0 0.606230 0.323410 0.099980 0.053100
0 0.528080 0.312470 0.103090 0.056210
3 0.446880 0.296860 0.074980 0.048430
3 0.573400 0.381230 0.071870 0.039050
1 0.728080 0.340630 0.129690 0.060930
2 0.721860 0.399950 0.126530 0.051540
4 0.671870 0.331240 0.121860 0.057770
5 0.649990 0.390620 0.096860 0.046880
5 0.531240 0.374960 0.095310 0.049990
2 0.468710 0.362460 0.115590 0.056210
8 0.640600 0.659370 0.106250 0.064040
8 0.565620 0.668710 0.107800 0.073430
9 0.487480 0.665600 0.074980 0.045270
9 0.329690 0.667150 0.074980 0.048430
6 0.423440 0.662490 0.096860 0.059330
6 0.567180 0.726530 0.109360 0.057770
11 0.628110 0.718750 0.103090 0.062490
11 0.332800 0.732800 0.092150 0.064040
7 0.432780 0.729690 0.112470 0.070270
10 0.504650 0.737470 0.123410 0.079650
