8 0.571850 0.424990 0.046880 0.056210
8 0.481210 0.671870 0.045270 0.060930
9 0.540630 0.621840 0.039050 0.048430
9 0.518750 0.471870 0.037490 0.048430
7 0.506250 0.542180 0.040600 0.049990
6 0.524970 0.414050 0.040600 0.051540
6 0.492150 0.610890 0.042160 0.051540
11 0.534360 0.678100 0.043720 0.060930
11 0.549970 0.546850 0.042160 0.051540
10 0.565620 0.484370 0.040600 0.051540
1 0.481210 0.399950 0.042160 0.059330
4 0.468710 0.470270 0.046880 0.053100
5 0.462490 0.532800 0.042160 0.053100
5 0.396840 0.581230 0.042160 0.051540
0 0.445270 0.600000 0.042160 0.054660
0 0.412500 0.528080 0.043720 0.054660
3 0.415610 0.468710 0.040600 0.046880
3 0.382790 0.656210 0.039050 0.048430
2 0.431220 0.668710 0.046880 0.064040
2 0.424990 0.393730 0.053100 0.068710
