8 0.246880 0.506250 0.068710 0.054660
10 0.314030 0.512470 0.065600 0.046880
11 0.387460 0.526530 0.059330 0.046880
11 0.524970 0.559350 0.053100 0.045270
8 0.520300 0.506250 0.053100 0.045270
6 0.268710 0.456210 0.067150 0.045270
6 0.459330 0.498420 0.051540 0.043720
9 0.453100 0.543740 0.048430 0.042160
9 0.326530 0.474980 0.051540 0.040600
7 0.390620 0.481210 0.064040 0.043720
2 0.276540 0.362460 0.071870 0.051540
1 0.528080 0.456210 0.053100 0.051540
5 0.659370 0.478100 0.056210 0.048430
5 0.734360 0.435930 0.062490 0.049990
3 0.607780 0.420280 0.051540 0.043720
3 0.290590 0.315590 0.056210 0.045270
2 0.537470 0.399950 0.057770 0.057770
0 0.724970 0.492150 0.062490 0.048430
0 0.670270 0.429660 0.056210 0.048430
4 0.595280 0.462490 0.057770 0.046880
