0 0.393730 0.323410 0.099980 0.053100
0 0.471870 0.312470 0.103090 0.056210
3 0.553080 0.296860 0.074980 0.048430
3 0.426550 0.381230 0.071870 0.039050
1 0.271870 0.340630 0.129690 0.060930
2 0.278100 0.399950 0.126530 0.051540
4 0.328080 0.331240 0.121860 0.057770
5 0.349970 0.390620 0.096860 0.046880
5 0.468710 0.374960 0.095310 0.049990
2 0.531240 0.362460 0.115590 0.056210
8 0.359350 0.659370 0.106250 0.064040
8 0.434380 0.668710 0.107800 0.073430
9 0.512470 0.665600 0.074980 0.045270
9 0.670270 0.667150 0.074980 0.048430
6 0.576520 0.662490 0.096860 0.059330
6 0.432780 0.726530 0.109360 0.057770
11 0.371850 0.718750 0.103090 0.062490
11 0.667150 0.732800 0.092150 0.064040
7 0.567180 0.729690 0.112470 0.070270
10 0.495310 0.737470 0.123410 0.079650
