1 0.465600 0.349970 0.045270 0.043720
2 0.456210 0.295310 0.046880 0.062490
4 0.534360 0.335910 0.051540 0.053100
5 0.531240 0.296860 0.045270 0.043720
5 0.656210 0.296860 0.051540 0.046880
3 0.593730 0.298420 0.037490 0.037490
0 0.589060 0.343740 0.049990 0.042160
0 0.651540 0.339020 0.051540 0.042160
2 0.724970 0.329690 0.062490 0.051540
3 0.712470 0.287480 0.048430 0.037490
8 0.296860 0.654660 0.053100 0.043720
6 0.296860 0.603110 0.054660 0.037490
9 0.365580 0.646830 0.042160 0.034380
9 0.496860 0.637490 0.042160 0.034380
6 0.437490 0.643720 0.049990 0.039050
10 0.362460 0.600000 0.059330 0.039050
7 0.429660 0.600000 0.053100 0.042160
11 0.492150 0.590620 0.045270 0.035930
11 0.553080 0.581230 0.045270 0.037490
8 0.553080 0.637490 0.046880 0.049990
