3 0.265600 0.428110 0.065600 0.039050
0 0.196840 0.423440 0.092150 0.045270
5 0.193730 0.468710 0.085920 0.042160
2 0.246880 0.474980 0.093710 0.043720
2 0.499980 0.446880 0.081210 0.046880
1 0.499980 0.392170 0.098420 0.053100
4 0.568730 0.396840 0.092150 0.056210
5 0.576520 0.456210 0.068710 0.043720
0 0.646830 0.399950 0.070270 0.046880
3 0.659370 0.465600 0.056210 0.042160
8 0.559350 0.564020 0.085920 0.051540
8 0.631220 0.565620 0.070270 0.048430
11 0.559350 0.612500 0.079650 0.051540
6 0.640600 0.637490 0.073430 0.048430
9 0.306250 0.581230 0.064040 0.037490
11 0.301530 0.632780 0.082760 0.051540
9 0.196840 0.567180 0.068710 0.034380
6 0.243720 0.574960 0.084370 0.042160
7 0.234380 0.621840 0.099980 0.056210
10 0.178120 0.620280 0.107800 0.057770
