8 0.246880 0.399950 0.082760 0.049990
6 0.243720 0.362460 0.057770 0.042160
9 0.318750 0.396840 0.049990 0.035930
9 0.437490 0.378120 0.048430 0.037490
6 0.368730 0.385900 0.057770 0.045270
10 0.299980 0.349970 0.068710 0.056210
7 0.368730 0.337470 0.064040 0.057770
11 0.423440 0.328080 0.056210 0.049990
11 0.671870 0.331240 0.049990 0.046880
8 0.676540 0.384340 0.056210 0.049990
3 0.287480 0.615610 0.049990 0.037490
2 0.270270 0.578120 0.067150 0.046880
2 0.514030 0.587460 0.060930 0.042160
1 0.515590 0.637490 0.057770 0.045270
4 0.587460 0.628110 0.053100 0.049990
5 0.582790 0.581230 0.043720 0.037490
5 0.695310 0.568730 0.046880 0.040600
3 0.640600 0.574960 0.043720 0.034380
0 0.649990 0.621840 0.048430 0.043720
0 0.706250 0.610890 0.048430 0.043720
