1 0.406230 0.370290 0.046880 0.040600
2 0.392170 0.321860 0.062490 0.051540
4 0.465600 0.359350 0.051540 0.051540
3 0.456210 0.318750 0.040600 0.034380
0 0.518750 0.309360 0.046880 0.046880
0 0.593730 0.349970 0.046880 0.040600
5 0.529690 0.353120 0.046880 0.043720
5 0.581230 0.301530 0.045270 0.043720
2 0.651540 0.340630 0.051540 0.051540
3 0.643720 0.296860 0.043720 0.037490
8 0.440600 0.653100 0.049990 0.045270
8 0.685920 0.571850 0.070270 0.040600
6 0.431220 0.606230 0.046880 0.035930
6 0.612500 0.582790 0.046880 0.037490
9 0.495310 0.590620 0.042160 0.031220
9 0.626550 0.631220 0.043720 0.034380
10 0.499980 0.646830 0.049990 0.043720
11 0.562460 0.637490 0.046880 0.039050
11 0.689040 0.623440 0.049990 0.039050
7 0.559350 0.590620 0.043720 0.043720
