2 0.546850 0.268710 0.039050 0.070270
3 0.593730 0.284370 0.034380 0.045270
0 0.584340 0.337470 0.037490 0.048430
1 0.578120 0.529690 0.034380 0.045270
5 0.537470 0.340630 0.035930 0.051540
5 0.534360 0.465600 0.034380 0.043720
3 0.540630 0.406230 0.034380 0.040600
0 0.584340 0.410890 0.034380 0.045270
2 0.531240 0.528080 0.040600 0.045270
4 0.578120 0.468710 0.042160 0.048430
8 0.471870 0.721860 0.046880 0.060930
8 0.474980 0.656210 0.039050 0.053100
11 0.440600 0.462490 0.037490 0.043720
11 0.428110 0.715590 0.034380 0.057770
9 0.485920 0.471870 0.034380 0.042160
6 0.484370 0.531240 0.034380 0.045270
6 0.431220 0.653100 0.034380 0.045270
9 0.478100 0.592170 0.031220 0.042160
10 0.431220 0.590620 0.042160 0.056210
7 0.439050 0.518750 0.040600 0.045270
