9 0.546850 0.576520 0.054660 0.035930
9 0.676540 0.570290 0.060930 0.034380
11 0.553080 0.628110 0.070270 0.046880
6 0.624990 0.565620 0.068710 0.040600
7 0.631220 0.624990 0.082760 0.051540
10 0.696860 0.612500 0.099980 0.054660
6 0.743740 0.609340 0.079650 0.042160
11 0.814050 0.604670 0.085920 0.045270
8 0.803110 0.565620 0.082760 0.048430
8 0.748410 0.564020 0.092150 0.051540
2 0.620280 0.415610 0.082760 0.042160
2 0.346850 0.421840 0.067150 0.042160
1 0.623440 0.362460 0.089040 0.056210
5 0.543740 0.421840 0.067150 0.039050
5 0.409340 0.421840 0.064040 0.042160
4 0.559350 0.364020 0.093710 0.053100
0 0.478100 0.365580 0.067150 0.043720
0 0.406230 0.368730 0.064040 0.043720
3 0.474980 0.426550 0.053100 0.037490
3 0.321860 0.362460 0.051540 0.040600
