1 0.753120 0.548410 0.071870 0.035930
2 0.746850 0.493710 0.064040 0.035930
2 0.474980 0.503090 0.043720 0.035930
5 0.678100 0.499980 0.049990 0.035930
5 0.539020 0.503090 0.042160 0.032780
0 0.609340 0.551520 0.046880 0.035930
3 0.607780 0.499980 0.039050 0.031220
3 0.471870 0.549970 0.040600 0.031220
0 0.534360 0.549970 0.043720 0.031220
4 0.681210 0.543740 0.062490 0.037490
8 0.549970 0.457770 0.049990 0.035930
8 0.487480 0.448430 0.043720 0.043720
11 0.540630 0.412500 0.043720 0.039050
11 0.287480 0.409340 0.049990 0.037490
9 0.424990 0.459330 0.037490 0.028110
6 0.357790 0.456210 0.043720 0.032780
9 0.292150 0.459330 0.043720 0.028110
6 0.478100 0.409340 0.043720 0.034380
10 0.412500 0.404670 0.051540 0.048430
7 0.346850 0.406230 0.056210 0.045270
