2 0.514030 0.681210 0.043720 0.076540
2 0.531240 0.396840 0.046880 0.084370
1 0.584340 0.393730 0.040600 0.099980
4 0.578120 0.462490 0.049990 0.096860
5 0.528080 0.471870 0.042160 0.071870
5 0.512470 0.607780 0.043720 0.071870
3 0.524970 0.540630 0.035930 0.057770
0 0.576520 0.532800 0.042160 0.078100
0 0.568730 0.618720 0.045270 0.071870
3 0.571850 0.693710 0.040600 0.056210
8 0.493710 0.210890 0.046880 0.099980
8 0.485920 0.268710 0.043720 0.092150
9 0.481210 0.337470 0.037490 0.059330
6 0.478100 0.389060 0.043720 0.087480
11 0.446880 0.212500 0.040600 0.089040
11 0.418720 0.460930 0.045270 0.081210
9 0.471870 0.464040 0.037490 0.057770
7 0.429660 0.390620 0.046880 0.099980
10 0.431220 0.318750 0.049990 0.101530
6 0.443720 0.268710 0.039050 0.089040
