3 0.609340 0.303090 0.031220 0.040600
3 0.565620 0.543740 0.029660 0.037490
0 0.570290 0.303090 0.032780 0.046880
0 0.612500 0.424990 0.034380 0.045270
5 0.612500 0.365580 0.035930 0.045270
5 0.571850 0.482760 0.031220 0.042160
2 0.571850 0.359350 0.031220 0.059330
2 0.568730 0.426550 0.035930 0.045270
1 0.614050 0.481210 0.042160 0.043720
4 0.615610 0.553080 0.043720 0.049990
6 0.521860 0.303090 0.032780 0.048430
9 0.478100 0.303090 0.031220 0.040600
8 0.474980 0.365580 0.039050 0.045270
8 0.518750 0.421840 0.034380 0.053100
11 0.518750 0.362460 0.029660 0.042160
11 0.524970 0.493710 0.031220 0.043720
6 0.482760 0.428110 0.034380 0.045270
7 0.484370 0.487480 0.032780 0.042160
9 0.478100 0.543740 0.031220 0.040600
10 0.524970 0.543740 0.032780 0.046880
