5 0.417170 0.284370 0.039050 0.056210
5 0.462490 0.351520 0.035930 0.049990
0 0.415610 0.628110 0.039050 0.049990
0 0.371850 0.695310 0.039050 0.056210
3 0.365580 0.618720 0.034380 0.043720
1 0.414050 0.690590 0.046880 0.065600
4 0.364020 0.759350 0.051540 0.073430
2 0.415610 0.762460 0.043720 0.071870
2 0.407780 0.353120 0.049990 0.048430
3 0.470270 0.292150 0.034380 0.045270
9 0.564020 0.362460 0.034380 0.043720
7 0.617170 0.287480 0.045270 0.059330
6 0.559350 0.292150 0.039050 0.053100
6 0.612500 0.353120 0.042160 0.046880
10 0.512470 0.621840 0.035930 0.062490
8 0.571850 0.620280 0.035930 0.065600
8 0.562460 0.690590 0.035930 0.071870
11 0.514030 0.690590 0.035930 0.053100
11 0.568730 0.754680 0.039050 0.056210
9 0.514030 0.756240 0.032780 0.046880
