11 0.696860 0.326530 0.051540 0.064040
10 0.693710 0.387460 0.062490 0.074980
7 0.690590 0.453100 0.056210 0.059330
6 0.674980 0.531240 0.053100 0.054660
6 0.821840 0.381230 0.062490 0.059330
8 0.812500 0.453100 0.068710 0.065600
8 0.674980 0.593730 0.056210 0.057770
9 0.657770 0.662490 0.042160 0.051540
9 0.790620 0.531240 0.045270 0.051540
11 0.292150 0.759350 0.051540 0.060930
5 0.220280 0.443720 0.056210 0.053100
5 0.187460 0.524970 0.056210 0.053100
3 0.221840 0.596840 0.043720 0.051540
3 0.162460 0.657770 0.049990 0.054660
2 0.143740 0.562460 0.064040 0.060930
2 0.168730 0.451540 0.067150 0.057770
0 0.099980 0.415610 0.065600 0.056210
0 0.078100 0.518750 0.074980 0.057770
4 0.212500 0.349970 0.070270 0.070270
1 0.146850 0.318750 0.076540 0.057770
