9 0.699980 0.428110 0.043720 0.029660
9 0.562460 0.424990 0.040600 0.028110
6 0.618720 0.429660 0.046880 0.035930
6 0.696860 0.378120 0.049990 0.039050
7 0.632780 0.373400 0.056210 0.045270
11 0.556240 0.378120 0.045270 0.043720
11 0.503090 0.421840 0.045270 0.035930
10 0.440600 0.370290 0.049990 0.042160
8 0.434380 0.421840 0.056210 0.034380
8 0.507800 0.376520 0.046880 0.042160
3 0.309360 0.606230 0.043720 0.031220
3 0.493710 0.567180 0.040600 0.031220
0 0.299980 0.559350 0.051540 0.035930
0 0.365580 0.610890 0.046880 0.035930
1 0.374960 0.562460 0.053100 0.042160
4 0.428110 0.607780 0.049990 0.045270
5 0.487480 0.614050 0.045270 0.039050
2 0.434380 0.562460 0.043720 0.035930
5 0.549970 0.562460 0.043720 0.034380
2 0.556240 0.617170 0.053100 0.045270
