2 0.631220 0.454660 0.071870 0.048430
3 0.635930 0.407780 0.056210 0.039050
0 0.556240 0.412500 0.068710 0.043720
0 0.487480 0.418720 0.071870 0.045270
3 0.518750 0.462490 0.054660 0.037490
5 0.574960 0.462490 0.068710 0.042160
5 0.453100 0.471870 0.073430 0.039050
4 0.424990 0.424990 0.095310 0.046880
1 0.365580 0.428110 0.085920 0.037490
2 0.373400 0.479650 0.085920 0.040600
9 0.570290 0.517190 0.051540 0.037490
9 0.440600 0.526530 0.057770 0.034380
6 0.506250 0.521860 0.067150 0.039050
11 0.570290 0.568730 0.068710 0.042160
7 0.496860 0.570290 0.084370 0.049990
10 0.434380 0.576520 0.090590 0.051540
8 0.371850 0.528080 0.095310 0.046880
8 0.309360 0.528080 0.085920 0.039050
11 0.318750 0.573400 0.082760 0.039050
6 0.378120 0.578120 0.082760 0.040600
