2 0.253100 0.399950 0.068710 0.043720
2 0.649990 0.304650 0.054660 0.060930
3 0.521860 0.328080 0.049990 0.039050
0 0.529690 0.368730 0.049990 0.042160
0 0.595280 0.315590 0.049990 0.046880
4 0.665600 0.357790 0.062490 0.048430
5 0.734360 0.309360 0.065600 0.048430
3 0.732800 0.357790 0.053100 0.039050
1 0.592170 0.365580 0.054660 0.042160
5 0.265600 0.453100 0.062490 0.042160
9 0.303090 0.646830 0.049990 0.039050
9 0.428110 0.628110 0.046880 0.037490
6 0.362460 0.640600 0.049990 0.043720
6 0.428110 0.679650 0.049990 0.045270
11 0.306250 0.709360 0.054660 0.051540
7 0.365580 0.696860 0.060930 0.054660
8 0.674980 0.562460 0.054660 0.048430
8 0.759350 0.603110 0.079650 0.046880
10 0.687480 0.609340 0.065600 0.048430
11 0.751520 0.553080 0.062490 0.045270
