1 0.734360 0.612500 0.112470 0.060930
5 0.715590 0.557790 0.085920 0.048430
5 0.456210 0.601560 0.076540 0.049990
4 0.660930 0.568730 0.107800 0.053100
2 0.668710 0.620280 0.093710 0.059330
2 0.465600 0.665600 0.076540 0.062490
3 0.537470 0.642160 0.064040 0.045270
3 0.578120 0.579670 0.064040 0.042160
0 0.612500 0.631220 0.082760 0.051540
0 0.531240 0.585900 0.079650 0.046880
8 0.634380 0.318750 0.090590 0.067150
8 0.549970 0.262490 0.090590 0.073430
10 0.618720 0.262490 0.104650 0.074980
11 0.560910 0.321860 0.084370 0.057770
11 0.484370 0.265600 0.087480 0.064040
9 0.487480 0.324970 0.064040 0.045270
9 0.335910 0.334360 0.060930 0.048430
6 0.418720 0.331240 0.078100 0.059330
6 0.324970 0.271870 0.071870 0.068710
7 0.418720 0.268710 0.089040 0.071870
