8 0.610890 0.424990 0.043720 0.059330
8 0.667150 0.487480 0.049990 0.056210
10 0.665600 0.428110 0.059330 0.053100
11 0.618720 0.490590 0.040600 0.046880
11 0.671870 0.553080 0.049990 0.046880
9 0.623440 0.559350 0.035930 0.042160
9 0.631220 0.685920 0.034380 0.045270
6 0.624990 0.617170 0.037490 0.045270
6 0.681210 0.681210 0.040600 0.053100
7 0.679650 0.623440 0.046880 0.056210
3 0.321860 0.315590 0.037490 0.045270
0 0.371850 0.321860 0.039050 0.053100
0 0.326530 0.387460 0.043720 0.053100
3 0.387460 0.506250 0.034380 0.043720
5 0.331240 0.507800 0.045270 0.049990
5 0.390620 0.562460 0.037490 0.045270
1 0.371850 0.384340 0.043720 0.049990
4 0.376520 0.445270 0.043720 0.056210
2 0.328080 0.456210 0.046880 0.048430
2 0.331240 0.578120 0.049990 0.049990
