3 0.251540 0.528080 0.064040 0.085920
3 0.365580 0.393730 0.053100 0.082760
5 0.381230 0.315590 0.062490 0.107800
5 0.346850 0.446880 0.064040 0.104650
2 0.392170 0.240600 0.067150 0.124970
2 0.324970 0.512470 0.073430 0.117190
1 0.337470 0.224990 0.081210 0.129690
4 0.318750 0.287480 0.081210 0.137470
0 0.303090 0.360910 0.073430 0.117190
0 0.274980 0.434380 0.074980 0.112470
8 0.682760 0.239050 0.070270 0.124970
8 0.671870 0.293710 0.059330 0.117190
11 0.737470 0.243720 0.064040 0.104650
11 0.723410 0.515590 0.074980 0.103090
6 0.731240 0.306250 0.065600 0.114030
6 0.665600 0.423440 0.062490 0.109360
9 0.667150 0.374960 0.048430 0.079650
9 0.656210 0.509360 0.051540 0.079650
7 0.734360 0.434380 0.079650 0.123410
10 0.731240 0.360910 0.084370 0.134360
