0 0.537470 0.318750 0.040600 0.053100
0 0.487480 0.767180 0.040600 0.056210
3 0.534360 0.781230 0.037490 0.049990
3 0.476540 0.440600 0.035930 0.043720
1 0.499980 0.314030 0.045270 0.070270
4 0.537470 0.384340 0.042160 0.057770
2 0.490590 0.374960 0.045270 0.065600
2 0.470270 0.501530 0.040600 0.056210
5 0.526530 0.453100 0.037490 0.046880
5 0.521860 0.506250 0.039050 0.046880
10 0.424990 0.498420 0.046880 0.051540
8 0.371850 0.496860 0.051540 0.051540
8 0.371850 0.564020 0.045270 0.054660
11 0.420280 0.568730 0.039050 0.048430
11 0.368730 0.621840 0.042160 0.051540
9 0.410890 0.631220 0.035930 0.046880
9 0.393730 0.753120 0.037490 0.048430
6 0.399950 0.698420 0.043720 0.053100
6 0.345300 0.749970 0.046880 0.057770
7 0.354680 0.699980 0.046880 0.062490
