1 0.254660 0.421840 0.074980 0.042160
2 0.254660 0.474980 0.067150 0.040600
2 0.524970 0.499980 0.046880 0.040600
5 0.323410 0.478100 0.053100 0.039050
5 0.462490 0.493710 0.045270 0.037490
0 0.396840 0.435930 0.049990 0.039050
3 0.393730 0.487480 0.042160 0.035930
3 0.532800 0.454660 0.043720 0.035930
0 0.471870 0.446880 0.046880 0.035930
4 0.326530 0.434380 0.065600 0.042160
8 0.446880 0.535910 0.053100 0.039050
8 0.506250 0.553080 0.048430 0.048430
11 0.448430 0.581230 0.046880 0.043720
11 0.699980 0.615610 0.053100 0.040600
9 0.570290 0.549970 0.040600 0.031220
6 0.635930 0.559350 0.046880 0.037490
9 0.699980 0.565620 0.046880 0.032780
6 0.510920 0.592170 0.046880 0.039050
10 0.574960 0.606230 0.054660 0.051540
7 0.640600 0.612500 0.060930 0.049990
