2 0.424990 0.490590 0.034380 0.043720
2 0.431220 0.743740 0.035930 0.065600
1 0.376520 0.492150 0.046880 0.045270
4 0.378120 0.554680 0.042160 0.043720
5 0.428110 0.557790 0.034380 0.042160
5 0.429660 0.678100 0.035930 0.049990
3 0.434380 0.617170 0.028110 0.040600
0 0.384340 0.681210 0.035930 0.045270
3 0.381230 0.746850 0.032780 0.043720
0 0.382790 0.618720 0.035930 0.045270
8 0.567180 0.306250 0.043720 0.048430
8 0.564020 0.362460 0.045270 0.053100
11 0.606230 0.287480 0.039050 0.056210
6 0.606230 0.365580 0.035930 0.045270
9 0.567180 0.428110 0.028110 0.037490
9 0.568730 0.549970 0.029660 0.040600
6 0.559350 0.482760 0.031220 0.043720
10 0.606230 0.420280 0.045270 0.053100
7 0.615610 0.484370 0.040600 0.040600
11 0.614050 0.549970 0.035930 0.043720
