9 0.440600 0.460930 0.029660 0.040600
9 0.434380 0.709360 0.031220 0.042160
6 0.484370 0.456210 0.031220 0.043720
6 0.437490 0.578120 0.034380 0.045270
11 0.485920 0.521860 0.032780 0.043720
11 0.481210 0.645270 0.032780 0.043720
8 0.481210 0.584340 0.032780 0.048430
8 0.439050 0.514030 0.035930 0.043720
7 0.431220 0.649990 0.037490 0.053100
10 0.490590 0.703090 0.034380 0.053100
4 0.582790 0.712470 0.043720 0.059330
0 0.534360 0.457770 0.032780 0.045270
0 0.581230 0.584340 0.032780 0.046880
3 0.531240 0.704650 0.031220 0.043720
3 0.574960 0.456210 0.031220 0.039050
2 0.531240 0.518750 0.032780 0.049990
2 0.531240 0.587460 0.035930 0.043720
5 0.578120 0.528080 0.034380 0.043720
5 0.534360 0.643720 0.032780 0.043720
1 0.592170 0.643720 0.043720 0.049990
