4 0.453100 0.274980 0.053100 0.078100
5 0.442160 0.349970 0.045270 0.057770
5 0.471870 0.428110 0.040600 0.051540
2 0.499980 0.290590 0.046880 0.076540
2 0.424990 0.409340 0.046880 0.057770
3 0.337470 0.667150 0.037490 0.051540
0 0.321860 0.740580 0.045270 0.062490
0 0.379670 0.676540 0.045270 0.057770
1 0.365580 0.749970 0.049990 0.065600
3 0.484370 0.359350 0.039050 0.048430
9 0.682760 0.334360 0.040600 0.049990
9 0.574960 0.701530 0.037490 0.049990
8 0.600000 0.578120 0.045270 0.057770
8 0.634380 0.654660 0.051540 0.062490
11 0.631220 0.712470 0.056210 0.062490
11 0.582790 0.634380 0.046880 0.053100
10 0.649990 0.590620 0.053100 0.054660
7 0.618720 0.793730 0.060930 0.078100
6 0.560910 0.774960 0.046880 0.064040
6 0.737470 0.337470 0.051540 0.062490
