2 0.554680 0.342180 0.085920 0.056210
2 0.278100 0.446880 0.101530 0.060930
3 0.171850 0.471870 0.074980 0.039050
0 0.153120 0.415610 0.103090 0.049990
0 0.212500 0.404670 0.101530 0.051540
3 0.289040 0.392170 0.071870 0.043720
5 0.228110 0.456210 0.089040 0.046880
5 0.646830 0.328080 0.076540 0.056210
1 0.553080 0.276540 0.089040 0.065600
4 0.634380 0.256210 0.089040 0.076540
8 0.515590 0.593730 0.099980 0.064040
8 0.598400 0.590620 0.096860 0.064040
9 0.687480 0.574960 0.060930 0.046880
6 0.609340 0.646830 0.087480 0.062490
10 0.681210 0.642160 0.093710 0.070270
11 0.531240 0.649990 0.084370 0.065600
6 0.195280 0.676540 0.103090 0.056210
9 0.265600 0.668710 0.074980 0.042160
7 0.193730 0.731240 0.121860 0.070270
11 0.262490 0.728080 0.098420 0.060930
