3 0.734360 0.584340 0.057770 0.081210
3 0.653100 0.424990 0.045270 0.081210
5 0.656210 0.346850 0.053100 0.104650
5 0.659370 0.482760 0.056210 0.101530
2 0.662490 0.271870 0.057770 0.121860
2 0.668710 0.553080 0.064040 0.112470
1 0.718750 0.268710 0.070270 0.126530
4 0.724970 0.334360 0.071870 0.134360
0 0.721860 0.409340 0.064040 0.112470
0 0.734360 0.485920 0.067150 0.107800
8 0.381230 0.203110 0.060930 0.121860
8 0.378120 0.259370 0.049990 0.115590
11 0.328080 0.196840 0.056210 0.101530
11 0.279650 0.464040 0.067150 0.099980
6 0.318750 0.259370 0.057770 0.110920
6 0.356240 0.387460 0.054660 0.106250
9 0.365580 0.340630 0.042160 0.078100
9 0.346850 0.474980 0.045270 0.078100
7 0.285920 0.384340 0.070270 0.120300
10 0.304650 0.312470 0.073430 0.129690
