11 0.412500 0.659370 0.064040 0.046880
9 0.406230 0.601560 0.053100 0.034380
9 0.553080 0.601560 0.056210 0.034380
6 0.487480 0.600000 0.065600 0.040600
6 0.621840 0.653100 0.074980 0.040600
10 0.556240 0.662490 0.093710 0.053100
7 0.492150 0.662490 0.078100 0.053100
11 0.681210 0.653100 0.078100 0.046880
8 0.692150 0.601560 0.093710 0.043720
8 0.626550 0.600000 0.093710 0.049990
2 0.751520 0.454660 0.087480 0.040600
2 0.499980 0.437490 0.078100 0.037490
1 0.759350 0.396840 0.093710 0.043720
4 0.699980 0.399950 0.103090 0.043720
5 0.693710 0.449990 0.078100 0.037490
5 0.559350 0.443720 0.071870 0.037490
0 0.631220 0.390620 0.079650 0.037490
3 0.617170 0.446880 0.059330 0.032780
3 0.485920 0.385900 0.056210 0.035930
0 0.574960 0.390620 0.078100 0.037490
