1 0.321860 0.668710 0.078100 0.059330
5 0.403110 0.612500 0.054660 0.040600
5 0.534360 0.618720 0.051540 0.043720
4 0.390620 0.668710 0.071870 0.054660
2 0.321860 0.609340 0.082760 0.051540
2 0.606230 0.624990 0.053100 0.046880
0 0.457770 0.671870 0.056210 0.049990
0 0.540630 0.674980 0.054660 0.049990
3 0.481210 0.615610 0.048430 0.039050
3 0.612500 0.684370 0.048430 0.040600
8 0.406230 0.357790 0.059330 0.056210
8 0.492150 0.353120 0.053100 0.060930
11 0.415610 0.299980 0.062490 0.056210
11 0.709360 0.315590 0.059330 0.049990
9 0.562460 0.362460 0.045270 0.037490
9 0.706250 0.367180 0.051540 0.040600
6 0.490590 0.299980 0.056210 0.051540
6 0.629660 0.367180 0.053100 0.048430
10 0.559350 0.296860 0.057770 0.065600
7 0.629660 0.309360 0.053100 0.057770
