3 0.299980 0.415610 0.046880 0.035930
2 0.289040 0.459330 0.068710 0.042160
2 0.546850 0.446880 0.048430 0.040600
1 0.554680 0.387460 0.045270 0.048430
5 0.623440 0.453100 0.046880 0.037490
5 0.746850 0.464040 0.056210 0.040600
0 0.681210 0.412500 0.046880 0.039050
0 0.746850 0.418720 0.054660 0.043720
3 0.676540 0.465600 0.043720 0.037490
4 0.618720 0.403110 0.051540 0.046880
8 0.731240 0.564020 0.062490 0.045270
11 0.715590 0.609340 0.054660 0.046880
11 0.464040 0.621840 0.048430 0.042160
9 0.470270 0.573400 0.043720 0.035930
9 0.340630 0.556240 0.045270 0.035930
8 0.278100 0.549970 0.074980 0.042160
6 0.273430 0.589060 0.062490 0.040600
6 0.412500 0.565620 0.046880 0.035930
7 0.406230 0.614050 0.051540 0.045270
10 0.331240 0.610890 0.067150 0.054660
