10 0.710920 0.510920 0.104650 0.051540
11 0.654660 0.520300 0.081210 0.045270
11 0.531240 0.537470 0.082760 0.048430
6 0.259370 0.589060 0.073430 0.051540
6 0.584340 0.484370 0.079650 0.046880
9 0.590620 0.528080 0.062490 0.042160
9 0.687480 0.464040 0.065600 0.039050
7 0.653100 0.471870 0.093710 0.049990
8 0.531240 0.490590 0.096860 0.051540
8 0.264040 0.643720 0.089040 0.054660
0 0.674980 0.374960 0.092150 0.049990
0 0.214050 0.424990 0.065600 0.054660
1 0.381230 0.462490 0.081210 0.056210
2 0.385900 0.403110 0.095310 0.056210
2 0.628110 0.374960 0.095310 0.056210
3 0.609340 0.328080 0.064040 0.042160
3 0.287480 0.417170 0.059330 0.048430
4 0.314030 0.464040 0.085920 0.054660
5 0.226550 0.473430 0.068710 0.049990
5 0.671870 0.324970 0.082760 0.048430
