1 0.720300 0.549970 0.099980 0.045270
2 0.717190 0.593730 0.096860 0.049990
2 0.468710 0.524970 0.076540 0.048430
3 0.637490 0.590620 0.062490 0.040600
3 0.443720 0.576520 0.059330 0.043720
4 0.656210 0.540630 0.096860 0.049990
0 0.587460 0.581230 0.079650 0.048430
0 0.531240 0.521860 0.073430 0.046880
5 0.590620 0.531240 0.076540 0.043720
5 0.521860 0.581230 0.074980 0.045270
6 0.603110 0.484370 0.078100 0.045270
6 0.404670 0.465600 0.065600 0.045270
9 0.396840 0.409340 0.053100 0.042160
9 0.521860 0.478100 0.059330 0.040600
8 0.615610 0.437490 0.096860 0.043720
8 0.334360 0.453100 0.084370 0.051540
11 0.331240 0.396840 0.065600 0.046880
11 0.474980 0.418720 0.068710 0.043720
10 0.548410 0.424990 0.092150 0.048430
7 0.474980 0.470270 0.082760 0.045270
