2 0.320300 0.581230 0.081210 0.054660
2 0.596840 0.598400 0.098420 0.053100
1 0.596840 0.546850 0.096860 0.049990
4 0.524970 0.548410 0.087480 0.049990
5 0.454660 0.559350 0.071870 0.043720
5 0.385900 0.624990 0.070270 0.049990
3 0.309360 0.646830 0.056210 0.045270
3 0.512470 0.607780 0.056210 0.039050
0 0.384340 0.571850 0.065600 0.046880
0 0.460930 0.612500 0.074980 0.048430
8 0.696860 0.435930 0.093710 0.043720
8 0.451540 0.512470 0.081210 0.048430
9 0.499980 0.459330 0.059330 0.042160
9 0.621840 0.493710 0.060930 0.037490
6 0.693710 0.481210 0.084370 0.045270
6 0.512470 0.496860 0.065600 0.040600
10 0.634380 0.434380 0.093710 0.048430
7 0.581230 0.496860 0.093710 0.043720
11 0.570290 0.453100 0.078100 0.045270
11 0.435930 0.454660 0.068710 0.045270
