11 0.440600 0.306250 0.040600 0.054660
11 0.453100 0.442160 0.035930 0.045270
8 0.390620 0.312470 0.042160 0.074980
9 0.396840 0.384340 0.032780 0.040600
7 0.403110 0.443720 0.042160 0.051540
10 0.445270 0.368730 0.042160 0.064040
6 0.509360 0.495310 0.039050 0.046880
6 0.521860 0.612500 0.037490 0.048430
9 0.489040 0.687480 0.034380 0.042160
3 0.546850 0.481210 0.035930 0.043720
1 0.512470 0.553080 0.035930 0.043720
3 0.537470 0.742180 0.035930 0.046880
0 0.565620 0.543740 0.039050 0.046880
0 0.460930 0.499980 0.035930 0.046880
2 0.464040 0.556240 0.040600 0.048430
2 0.474980 0.618720 0.043720 0.054660
5 0.528080 0.674980 0.037490 0.053100
5 0.576520 0.665600 0.040600 0.053100
4 0.573400 0.609340 0.040600 0.056210
8 0.496860 0.760910 0.042160 0.074980
