1 0.689040 0.343740 0.060930 0.078100
5 0.621840 0.418720 0.040600 0.056210
5 0.614050 0.546850 0.043720 0.053100
4 0.681210 0.412500 0.056210 0.071870
2 0.631220 0.335910 0.053100 0.084370
2 0.612500 0.621840 0.046880 0.054660
0 0.676540 0.479650 0.049990 0.056210
0 0.668710 0.562460 0.049990 0.054660
3 0.618720 0.496860 0.039050 0.049990
3 0.668710 0.632780 0.040600 0.049990
8 0.370290 0.390620 0.056210 0.059330
8 0.356240 0.474980 0.060930 0.054660
11 0.312470 0.390620 0.057770 0.062490
11 0.290590 0.684370 0.049990 0.059330
9 0.354680 0.545300 0.039050 0.046880
9 0.343740 0.689040 0.040600 0.053100
6 0.303090 0.465600 0.051540 0.056210
6 0.353120 0.612500 0.048430 0.054660
10 0.290590 0.534360 0.065600 0.059330
7 0.296860 0.606230 0.057770 0.053100
