11 0.299980 0.514030 0.054660 0.039050
11 0.432780 0.531240 0.045270 0.035930
8 0.293710 0.564020 0.074980 0.042160
9 0.365580 0.574960 0.040600 0.031220
7 0.423440 0.581230 0.049990 0.042160
10 0.359350 0.523410 0.064040 0.040600
6 0.496860 0.490590 0.046880 0.039050
6 0.614050 0.503090 0.048430 0.037490
9 0.681210 0.553080 0.042160 0.034380
3 0.492150 0.449990 0.043720 0.035930
1 0.556240 0.499980 0.043720 0.035930
3 0.743740 0.517190 0.046880 0.035930
0 0.557790 0.445270 0.046880 0.039050
0 0.492150 0.537470 0.046880 0.035930
2 0.546850 0.548410 0.046880 0.040600
2 0.609340 0.549970 0.053100 0.042160
5 0.676540 0.510920 0.053100 0.035930
5 0.678100 0.462490 0.053100 0.039050
4 0.621840 0.453100 0.056210 0.039050
8 0.753120 0.560910 0.074980 0.042160
