2 0.259370 0.524970 0.081210 0.053100
0 0.328080 0.528080 0.065600 0.045270
3 0.454660 0.590620 0.056210 0.039050
3 0.237490 0.587460 0.056210 0.045270
0 0.398400 0.587460 0.074980 0.048430
2 0.540630 0.600000 0.096860 0.051540
1 0.553080 0.546850 0.096860 0.048430
4 0.478100 0.535910 0.090590 0.048430
5 0.404670 0.531240 0.071870 0.045270
5 0.318750 0.581230 0.068710 0.051540
6 0.664040 0.503090 0.084370 0.040600
6 0.474980 0.481210 0.070270 0.042160
8 0.678100 0.459330 0.092150 0.042160
8 0.412500 0.481210 0.078100 0.046880
10 0.615610 0.443720 0.093710 0.048430
9 0.589060 0.501530 0.059330 0.035930
11 0.546850 0.448430 0.079650 0.043720
9 0.471870 0.440600 0.057770 0.042160
11 0.406230 0.421840 0.070270 0.049990
7 0.546850 0.495310 0.090590 0.045270
