8 0.742180 0.571850 0.065600 0.048430
10 0.676540 0.559350 0.062490 0.042160
11 0.603110 0.556240 0.056210 0.042160
11 0.460930 0.549970 0.049990 0.042160
8 0.478100 0.499980 0.049990 0.042160
6 0.734360 0.517190 0.065600 0.039050
6 0.540630 0.509360 0.048430 0.039050
9 0.532800 0.554680 0.046880 0.037490
9 0.673430 0.521860 0.049990 0.037490
7 0.609340 0.510920 0.062490 0.039050
2 0.751520 0.424990 0.068710 0.046880
1 0.484370 0.451540 0.049990 0.048430
5 0.353120 0.437490 0.053100 0.045270
5 0.290590 0.378120 0.059330 0.045270
3 0.415610 0.395280 0.048430 0.039050
3 0.749970 0.374960 0.053100 0.042160
2 0.489040 0.393730 0.054660 0.054660
0 0.284370 0.434380 0.059330 0.043720
0 0.353120 0.387460 0.053100 0.045270
4 0.417170 0.440600 0.054660 0.043720
