2 0.364020 0.526530 0.071870 0.048430
3 0.353120 0.571850 0.056210 0.039050
0 0.431220 0.579670 0.068710 0.043720
0 0.499980 0.582790 0.071870 0.045270
3 0.478100 0.534360 0.054660 0.037490
5 0.421840 0.526530 0.068710 0.042160
5 0.542180 0.534360 0.073430 0.039050
4 0.565620 0.584340 0.095310 0.046880
1 0.621840 0.590620 0.085920 0.037490
2 0.621840 0.537470 0.085920 0.040600
9 0.432780 0.473430 0.051540 0.037490
9 0.562460 0.481210 0.057770 0.034380
6 0.496860 0.478100 0.067150 0.039050
11 0.440600 0.421840 0.068710 0.042160
7 0.512470 0.431220 0.084370 0.049990
10 0.576520 0.434380 0.090590 0.051540
8 0.631220 0.490590 0.095310 0.046880
8 0.693710 0.498420 0.085920 0.039050
11 0.690590 0.453100 0.082760 0.039050
6 0.632780 0.440600 0.082760 0.040600
