8 0.620280 0.414050 0.056210 0.065600
8 0.617170 0.478100 0.040600 0.064040
9 0.624990 0.551520 0.035930 0.045270
9 0.634380 0.684370 0.037490 0.048430
6 0.671870 0.474980 0.043720 0.051540
6 0.629660 0.612500 0.040600 0.049990
10 0.678100 0.542180 0.062490 0.059330
7 0.689040 0.615610 0.056210 0.049990
11 0.689040 0.684370 0.053100 0.056210
11 0.668710 0.404670 0.049990 0.057770
2 0.365580 0.481210 0.049990 0.065600
2 0.368730 0.768730 0.046880 0.057770
1 0.315590 0.484370 0.057770 0.059330
4 0.314030 0.553080 0.056210 0.062490
5 0.373400 0.560910 0.040600 0.048430
5 0.373400 0.693710 0.043720 0.048430
0 0.321860 0.624990 0.045270 0.051540
0 0.312470 0.699980 0.045270 0.045270
3 0.376520 0.629660 0.032780 0.042160
3 0.318750 0.776520 0.040600 0.048430
