3 0.337470 0.568730 0.045270 0.037490
2 0.331240 0.528080 0.046880 0.040600
5 0.381230 0.518750 0.046880 0.037490
5 0.490590 0.503090 0.045270 0.035930
3 0.437490 0.512470 0.043720 0.034380
0 0.460930 0.551520 0.046880 0.039050
0 0.399950 0.560910 0.046880 0.037490
2 0.560910 0.487480 0.051540 0.037490
1 0.570290 0.537470 0.046880 0.037490
4 0.510920 0.542180 0.048430 0.039050
9 0.387460 0.471870 0.043720 0.035930
9 0.503090 0.453100 0.042160 0.034380
6 0.440600 0.464040 0.046880 0.035930
6 0.553080 0.399950 0.048430 0.039050
11 0.378120 0.428110 0.048430 0.040600
7 0.434380 0.421840 0.048430 0.046880
10 0.493710 0.407780 0.049990 0.049990
11 0.615610 0.393730 0.054660 0.039050
8 0.560910 0.443720 0.056210 0.048430
8 0.624990 0.435930 0.053100 0.040600
