0 0.584340 0.359350 0.042160 0.053100
0 0.635930 0.417170 0.040600 0.048430
3 0.626550 0.353120 0.034380 0.046880
1 0.584340 0.428110 0.040600 0.049990
2 0.646830 0.487480 0.040600 0.056210
2 0.656210 0.614050 0.042160 0.065600
3 0.600000 0.546850 0.035930 0.046880
5 0.649990 0.540630 0.045270 0.049990
4 0.595280 0.490590 0.042160 0.053100
5 0.604670 0.612500 0.039050 0.049990
8 0.345300 0.387460 0.048430 0.053100
8 0.293710 0.456210 0.062490 0.051540
10 0.293710 0.382790 0.057770 0.067150
11 0.356240 0.448430 0.045270 0.053100
11 0.309360 0.518750 0.048430 0.049990
9 0.362460 0.517190 0.035930 0.043720
9 0.374960 0.628110 0.037490 0.046880
6 0.365580 0.571850 0.045270 0.049990
6 0.318750 0.634380 0.048430 0.053100
7 0.315590 0.581230 0.053100 0.051540
