8 0.553080 0.378120 0.060930 0.046880
8 0.484370 0.332800 0.057770 0.051540
10 0.540630 0.324970 0.056210 0.060930
11 0.489040 0.381230 0.046880 0.042160
11 0.418720 0.340630 0.048430 0.051540
9 0.420280 0.389060 0.043720 0.037490
9 0.293710 0.403110 0.046880 0.035930
6 0.362460 0.396840 0.046880 0.039050
6 0.289040 0.353120 0.053100 0.042160
7 0.346850 0.343740 0.057770 0.048430
3 0.712470 0.643720 0.046880 0.039050
0 0.696860 0.595280 0.053100 0.040600
0 0.640600 0.649990 0.054660 0.045270
3 0.512470 0.612500 0.045270 0.035930
5 0.521860 0.668710 0.051540 0.046880
5 0.456210 0.618720 0.046880 0.039050
1 0.637490 0.606230 0.051540 0.045270
4 0.574960 0.612500 0.057770 0.045270
2 0.573400 0.662490 0.049990 0.048430
2 0.451540 0.681210 0.051540 0.051540
