8 0.362460 0.578120 0.085920 0.042160
8 0.624990 0.518750 0.071870 0.043720
6 0.357790 0.531240 0.087480 0.043720
6 0.556240 0.521860 0.081210 0.042160
9 0.421840 0.528080 0.059330 0.037490
9 0.568730 0.578120 0.060930 0.039050
11 0.621840 0.578120 0.067150 0.043720
11 0.484370 0.574960 0.076540 0.042160
10 0.412500 0.581230 0.095310 0.042160
7 0.479650 0.524970 0.087480 0.042160
1 0.346850 0.481210 0.098420 0.039050
2 0.351520 0.424990 0.101530 0.048430
2 0.618720 0.459330 0.079650 0.048430
4 0.414050 0.481210 0.096860 0.045270
5 0.484370 0.478100 0.076540 0.043720
5 0.540630 0.412500 0.076540 0.042160
0 0.553080 0.468710 0.076540 0.040600
0 0.487480 0.424990 0.076540 0.043720
3 0.432780 0.421840 0.059330 0.037490
3 0.632780 0.404670 0.057770 0.043720
