3 0.589060 0.454660 0.042160 0.029660
3 0.343740 0.487480 0.045270 0.031220
0 0.576520 0.496860 0.045270 0.032780
0 0.524970 0.446880 0.046880 0.034380
4 0.468710 0.448430 0.046880 0.035930
2 0.456210 0.493710 0.048430 0.034380
2 0.254660 0.490590 0.067150 0.035930
5 0.409340 0.448430 0.045270 0.032780
5 0.340630 0.443720 0.051540 0.035930
1 0.524970 0.493710 0.051540 0.032780
8 0.393730 0.587460 0.054660 0.045270
8 0.640600 0.589060 0.064040 0.037490
11 0.707800 0.587460 0.054660 0.032780
11 0.576520 0.540630 0.051540 0.032780
6 0.510920 0.539020 0.045270 0.031220
6 0.457770 0.540630 0.046880 0.034380
9 0.568730 0.587460 0.042160 0.029660
9 0.449990 0.584340 0.042160 0.029660
7 0.499980 0.581230 0.043720 0.035930
10 0.653100 0.540630 0.060930 0.039050
