11 0.521860 0.299980 0.037490 0.053100
11 0.534360 0.434380 0.034380 0.043720
8 0.571850 0.295310 0.039050 0.073430
9 0.578120 0.368730 0.031220 0.039050
7 0.584340 0.426550 0.040600 0.049990
10 0.528080 0.360910 0.039050 0.062490
6 0.490590 0.496860 0.037490 0.045270
6 0.499980 0.614050 0.035930 0.046880
9 0.546850 0.682760 0.032780 0.040600
3 0.449990 0.490590 0.034380 0.042160
1 0.496860 0.556240 0.034380 0.042160
3 0.509360 0.745300 0.034380 0.045270
0 0.443720 0.556240 0.037490 0.045270
0 0.539020 0.493710 0.034380 0.045270
2 0.546850 0.549970 0.039050 0.046880
2 0.546850 0.612500 0.040600 0.053100
5 0.504650 0.676540 0.034380 0.051540
5 0.456210 0.678100 0.037490 0.051540
4 0.449990 0.620280 0.037490 0.054660
8 0.553080 0.756240 0.039050 0.073430
