1 0.709360 0.503090 0.057770 0.035930
4 0.648430 0.451540 0.057770 0.043720
2 0.568730 0.457770 0.048430 0.046880
5 0.573400 0.506250 0.045270 0.035930
3 0.501530 0.464040 0.045270 0.032780
3 0.446880 0.514030 0.043720 0.032780
0 0.503090 0.512470 0.048430 0.037490
0 0.445270 0.468710 0.046880 0.037490
2 0.374960 0.515590 0.060930 0.040600
5 0.312470 0.478100 0.054660 0.040600
8 0.499980 0.365580 0.049990 0.046880
8 0.435930 0.315590 0.049990 0.065600
11 0.434380 0.368730 0.048430 0.046880
11 0.365580 0.326530 0.049990 0.053100
9 0.381230 0.387460 0.042160 0.035930
9 0.248430 0.381230 0.048430 0.035930
6 0.312470 0.378120 0.048430 0.043720
6 0.242160 0.331240 0.057770 0.049990
7 0.303090 0.326530 0.062490 0.053100
10 0.492150 0.309360 0.049990 0.060930
