11 0.582790 0.337470 0.065600 0.048430
9 0.589060 0.395280 0.054660 0.035930
9 0.443720 0.399950 0.057770 0.035930
6 0.509360 0.399950 0.067150 0.042160
6 0.373400 0.351520 0.076540 0.043720
10 0.437490 0.340630 0.095310 0.056210
7 0.503090 0.337470 0.079650 0.056210
11 0.312470 0.353120 0.079650 0.049990
8 0.304650 0.406230 0.095310 0.046880
8 0.370290 0.404670 0.095310 0.053100
2 0.249990 0.553080 0.089040 0.043720
2 0.501530 0.562460 0.079650 0.040600
1 0.243720 0.612500 0.095310 0.046880
4 0.304650 0.607780 0.104650 0.046880
5 0.309360 0.556240 0.079650 0.040600
5 0.443720 0.559350 0.073430 0.040600
0 0.373400 0.614050 0.081210 0.040600
3 0.384340 0.557790 0.060930 0.034380
3 0.518750 0.612500 0.057770 0.037490
0 0.428110 0.610890 0.079650 0.040600
