8 0.532800 0.454660 0.090590 0.045270
8 0.471870 0.453100 0.082760 0.048430
11 0.515590 0.410890 0.070270 0.045270
11 0.243720 0.424990 0.062490 0.045270
6 0.453100 0.412500 0.074980 0.045270
9 0.395280 0.467150 0.056210 0.039050
9 0.249990 0.478100 0.051540 0.039050
6 0.329690 0.470270 0.068710 0.043720
7 0.321860 0.412500 0.071870 0.051540
10 0.390620 0.409340 0.078100 0.054660
1 0.720300 0.528080 0.099980 0.043720
2 0.706250 0.476540 0.085920 0.039050
4 0.656210 0.531240 0.096860 0.045270
5 0.646830 0.485920 0.073430 0.039050
0 0.593730 0.543740 0.073430 0.039050
0 0.521860 0.549970 0.071870 0.040600
3 0.581230 0.493710 0.056210 0.035930
5 0.521860 0.499980 0.068710 0.042160
2 0.462490 0.507800 0.070270 0.043720
3 0.454660 0.557790 0.053100 0.039050
