1 0.628110 0.574960 0.059330 0.049990
2 0.643720 0.621840 0.070270 0.048430
4 0.554680 0.584340 0.053100 0.048430
3 0.571850 0.628110 0.043720 0.035930
5 0.489040 0.584340 0.049990 0.040600
5 0.428110 0.646830 0.048430 0.042160
0 0.503090 0.634380 0.051540 0.045270
0 0.431220 0.596840 0.049990 0.039050
3 0.371850 0.649990 0.046880 0.035930
2 0.365580 0.604670 0.060930 0.040600
8 0.348410 0.465600 0.068710 0.042160
9 0.393730 0.403110 0.043720 0.037490
7 0.473430 0.443720 0.046880 0.035930
9 0.524970 0.437490 0.043720 0.034380
11 0.324970 0.410890 0.060930 0.043720
6 0.421840 0.449990 0.046880 0.035930
11 0.468710 0.390620 0.048430 0.039050
6 0.612500 0.424990 0.051540 0.042160
8 0.603110 0.371850 0.068710 0.049990
10 0.537470 0.382790 0.051540 0.043720
