8 0.684370 0.384340 0.060930 0.045270
6 0.687480 0.437490 0.054660 0.035930
10 0.615610 0.378120 0.051540 0.045270
9 0.606230 0.440600 0.045270 0.032780
11 0.553080 0.381230 0.049990 0.042160
11 0.415610 0.371850 0.051540 0.043720
6 0.487480 0.429660 0.046880 0.035930
9 0.474980 0.378120 0.042160 0.034380
7 0.546850 0.431220 0.045270 0.035930
8 0.418720 0.428110 0.046880 0.037490
1 0.546850 0.584340 0.045270 0.046880
2 0.540630 0.640600 0.048430 0.056210
2 0.271870 0.578120 0.057770 0.043720
4 0.474980 0.578120 0.049990 0.045270
3 0.471870 0.628110 0.042160 0.035930
5 0.407780 0.578120 0.048430 0.042160
5 0.346850 0.626550 0.048430 0.042160
0 0.399950 0.631220 0.048430 0.040600
0 0.343740 0.571850 0.048430 0.035930
3 0.271870 0.624990 0.046880 0.034380
