6 0.315590 0.281210 0.048430 0.048430
8 0.381230 0.274980 0.056210 0.053100
9 0.446880 0.276540 0.042160 0.039050
9 0.635930 0.349970 0.040600 0.034380
8 0.576520 0.356240 0.051540 0.043720
6 0.524970 0.362460 0.048430 0.043720
7 0.456210 0.371850 0.045270 0.043720
10 0.406230 0.374960 0.053100 0.045270
11 0.349970 0.384340 0.045270 0.039050
11 0.667150 0.637490 0.051540 0.043720
3 0.609340 0.718750 0.040600 0.034380
3 0.668710 0.753120 0.043720 0.037490
0 0.574960 0.851540 0.046880 0.056210
0 0.487480 0.856210 0.046880 0.051540
1 0.396840 0.840600 0.051540 0.062490
4 0.412500 0.778120 0.056210 0.056210
5 0.487480 0.753120 0.043720 0.045270
5 0.559350 0.760910 0.045270 0.045270
2 0.503090 0.790620 0.046880 0.049990
2 0.598400 0.787460 0.048430 0.048430
