8 0.259370 0.618720 0.099980 0.046880
6 0.267150 0.656210 0.087480 0.048430
9 0.321860 0.609340 0.062490 0.039050
9 0.445270 0.593730 0.057770 0.042160
6 0.381230 0.600000 0.078100 0.042160
11 0.449990 0.643720 0.073430 0.046880
10 0.321860 0.662490 0.103090 0.059330
7 0.387460 0.653100 0.084370 0.054660
8 0.692150 0.510920 0.071870 0.053100
11 0.699980 0.562460 0.065600 0.051540
5 0.685920 0.399950 0.064040 0.045270
0 0.600000 0.365580 0.067150 0.048430
0 0.671870 0.348410 0.059330 0.048430
3 0.618720 0.418720 0.051540 0.040600
5 0.553080 0.426550 0.064040 0.043720
4 0.524970 0.378120 0.084370 0.054660
2 0.468710 0.443720 0.085920 0.049990
1 0.456210 0.382790 0.081210 0.056210
3 0.246880 0.484370 0.062490 0.039050
2 0.243720 0.528080 0.096860 0.045270
