2 0.737470 0.620280 0.065600 0.037490
2 0.332800 0.681210 0.049990 0.056210
3 0.462490 0.668710 0.046880 0.034380
0 0.459330 0.628110 0.046880 0.037490
0 0.389060 0.674980 0.046880 0.042160
4 0.321860 0.628110 0.059330 0.043720
5 0.249990 0.670270 0.062490 0.043720
3 0.256210 0.621840 0.049990 0.034380
1 0.396840 0.626550 0.051540 0.037490
5 0.731240 0.565620 0.059330 0.037490
9 0.709360 0.371850 0.046880 0.034380
9 0.581230 0.379670 0.043720 0.034380
6 0.649990 0.371850 0.046880 0.039050
6 0.587460 0.328080 0.046880 0.040600
11 0.712470 0.309360 0.051540 0.046880
7 0.649990 0.315590 0.056210 0.049990
8 0.331240 0.421840 0.051540 0.043720
8 0.249990 0.373400 0.076540 0.040600
10 0.323410 0.374960 0.062490 0.043720
11 0.253100 0.424990 0.059330 0.040600
