8 0.649990 0.271870 0.048430 0.067150
8 0.651540 0.351520 0.045270 0.056210
11 0.706250 0.271870 0.051540 0.064040
11 0.706250 0.549970 0.048430 0.051540
6 0.699980 0.356240 0.048430 0.051540
6 0.645270 0.482760 0.045270 0.046880
9 0.643720 0.412500 0.034380 0.043720
9 0.648430 0.553080 0.037490 0.043720
10 0.696860 0.421840 0.060930 0.064040
7 0.706250 0.482760 0.056210 0.046880
2 0.393730 0.471870 0.039050 0.049990
2 0.396840 0.759350 0.045270 0.060930
5 0.398400 0.549970 0.037490 0.046880
1 0.343740 0.484370 0.045270 0.046880
4 0.345300 0.546850 0.048430 0.051540
0 0.346850 0.615610 0.045270 0.046880
3 0.406230 0.626550 0.034380 0.043720
0 0.340630 0.690590 0.043720 0.053100
3 0.346850 0.753120 0.037490 0.045270
5 0.390620 0.684370 0.040600 0.049990
