4 0.293710 0.600000 0.074980 0.048430
5 0.368730 0.592170 0.056210 0.042160
5 0.437490 0.545300 0.049990 0.039050
2 0.296860 0.551520 0.074980 0.042160
2 0.428110 0.593730 0.056210 0.043720
3 0.701530 0.617170 0.049990 0.035930
0 0.778120 0.615610 0.060930 0.042160
0 0.699980 0.574960 0.056210 0.042160
1 0.774960 0.571850 0.062490 0.045270
3 0.365580 0.548410 0.046880 0.035930
9 0.293710 0.362460 0.048430 0.037490
9 0.678100 0.378120 0.048430 0.034380
8 0.549970 0.384340 0.056210 0.042160
8 0.618720 0.332800 0.059330 0.048430
11 0.674980 0.321860 0.060930 0.053100
11 0.610890 0.387460 0.049990 0.045270
10 0.553080 0.332800 0.051540 0.051540
7 0.756240 0.314030 0.076540 0.056210
6 0.749970 0.374960 0.062490 0.042160
6 0.285920 0.309360 0.059330 0.048430
