8 0.559350 0.635930 0.070270 0.062490
8 0.496860 0.618720 0.067150 0.046880
9 0.424990 0.612500 0.048430 0.040600
9 0.292150 0.593730 0.051540 0.040600
6 0.487480 0.673430 0.056210 0.048430
6 0.364020 0.603110 0.053100 0.045270
10 0.421840 0.665600 0.065600 0.067150
7 0.346850 0.660930 0.054660 0.059330
11 0.281210 0.646830 0.060930 0.057770
11 0.559350 0.684370 0.060930 0.054660
2 0.546850 0.371850 0.068710 0.056210
2 0.264040 0.315590 0.062490 0.051540
1 0.554680 0.321860 0.064040 0.062490
4 0.487480 0.307800 0.067150 0.062490
5 0.467150 0.362460 0.051540 0.043720
5 0.335910 0.335910 0.053100 0.046880
0 0.415610 0.299980 0.056210 0.049990
0 0.343740 0.274980 0.049990 0.049990
3 0.398400 0.353120 0.045270 0.037490
3 0.267150 0.265600 0.051540 0.043720
