1 0.279650 0.343740 0.074980 0.051540
2 0.268710 0.395280 0.079650 0.045270
2 0.512470 0.484370 0.048430 0.042160
3 0.503090 0.432780 0.045270 0.035930
0 0.573400 0.446880 0.048430 0.040600
0 0.637490 0.462490 0.048430 0.040600
4 0.706250 0.473430 0.067150 0.046880
5 0.690590 0.512470 0.051540 0.039050
3 0.634380 0.499980 0.045270 0.034380
5 0.570290 0.490590 0.046880 0.039050
9 0.678100 0.606230 0.045270 0.034380
11 0.667150 0.646830 0.053100 0.043720
11 0.440600 0.565620 0.048430 0.043720
8 0.443720 0.520300 0.048430 0.045270
8 0.371850 0.517190 0.048430 0.040600
6 0.368730 0.553080 0.053100 0.042160
9 0.321860 0.498420 0.043720 0.037490
6 0.256210 0.484370 0.060930 0.040600
7 0.237490 0.532800 0.071870 0.048430
10 0.315590 0.549970 0.059330 0.049990
