11 0.690590 0.318750 0.060930 0.046880
10 0.628110 0.315590 0.070270 0.057770
7 0.562460 0.315590 0.054660 0.051540
6 0.484370 0.323410 0.051540 0.048430
6 0.646830 0.190620 0.054660 0.057770
8 0.571850 0.193730 0.059330 0.064040
8 0.421840 0.318750 0.053100 0.051540
9 0.351520 0.328080 0.048430 0.039050
9 0.493710 0.209340 0.048430 0.042160
11 0.223440 0.684370 0.057770 0.046880
5 0.531240 0.784340 0.048430 0.053100
5 0.446880 0.809340 0.048430 0.053100
3 0.378120 0.768730 0.048430 0.040600
3 0.312470 0.823440 0.051540 0.045270
2 0.406230 0.849990 0.056210 0.059330
2 0.518750 0.832780 0.051540 0.062490
0 0.549970 0.906250 0.051540 0.060930
0 0.443720 0.918750 0.053100 0.070270
4 0.624990 0.800000 0.064040 0.064040
1 0.649990 0.868710 0.053100 0.071870
