11 0.734360 0.624990 0.057770 0.043720
11 0.659370 0.676540 0.048430 0.042160
8 0.737470 0.679650 0.051540 0.060930
8 0.278100 0.593730 0.067150 0.039050
10 0.268710 0.643720 0.070270 0.045270
9 0.537470 0.628110 0.042160 0.032780
9 0.659370 0.629660 0.045270 0.035930
7 0.598400 0.684370 0.049990 0.049990
6 0.540630 0.679650 0.048430 0.042160
6 0.600000 0.628110 0.048430 0.039050
0 0.526530 0.392170 0.048430 0.039050
0 0.459330 0.348410 0.048430 0.042160
3 0.524970 0.346850 0.045270 0.034380
1 0.456210 0.393730 0.051540 0.042160
4 0.403110 0.399950 0.051540 0.045270
2 0.396840 0.349970 0.054660 0.039050
2 0.262490 0.349970 0.060930 0.048430
5 0.328080 0.346850 0.054660 0.043720
5 0.278100 0.396840 0.054660 0.039050
3 0.324970 0.403110 0.045270 0.034380
