8 0.520300 0.534360 0.070270 0.043720
8 0.596840 0.551520 0.073430 0.040600
11 0.515590 0.584340 0.067150 0.042160
6 0.595280 0.587460 0.057770 0.037490
9 0.665600 0.543740 0.049990 0.034380
6 0.732800 0.543740 0.057770 0.039050
10 0.640600 0.600000 0.076540 0.046880
7 0.734360 0.603110 0.060930 0.045270
9 0.295310 0.567180 0.059330 0.032780
11 0.290590 0.609340 0.073430 0.037490
2 0.724970 0.439050 0.064040 0.039050
1 0.728080 0.378120 0.057770 0.051540
3 0.485920 0.434380 0.051540 0.032780
2 0.460930 0.482760 0.068710 0.035930
0 0.409340 0.435930 0.070270 0.037490
0 0.349970 0.437490 0.073430 0.035930
3 0.351520 0.474980 0.056210 0.029660
5 0.406230 0.479650 0.068710 0.035930
4 0.284370 0.435930 0.095310 0.039050
5 0.295310 0.478100 0.071870 0.034380
