0 0.707800 0.609340 0.053100 0.037490
1 0.709360 0.557790 0.068710 0.039050
2 0.653100 0.557790 0.056210 0.035930
2 0.514030 0.607780 0.049990 0.042160
5 0.574960 0.617170 0.046880 0.039050
5 0.503090 0.559350 0.046880 0.035930
3 0.576520 0.556240 0.043720 0.032780
4 0.653100 0.609340 0.064040 0.045270
0 0.240600 0.606230 0.057770 0.039050
3 0.234380 0.656210 0.048430 0.035930
8 0.509360 0.406230 0.046880 0.045270
8 0.440600 0.356240 0.057770 0.049990
10 0.507800 0.356240 0.051540 0.048430
11 0.440600 0.412500 0.046880 0.039050
11 0.374960 0.359350 0.051540 0.048430
9 0.368730 0.414050 0.042160 0.032780
9 0.239050 0.409340 0.046880 0.034380
6 0.312470 0.412500 0.046880 0.039050
6 0.251540 0.359350 0.056210 0.045270
7 0.309360 0.356240 0.064040 0.048430
