2 0.521860 0.571850 0.048430 0.040600
2 0.271870 0.609340 0.070270 0.043720
1 0.529690 0.620280 0.049990 0.053100
4 0.467150 0.628110 0.049990 0.048430
5 0.456210 0.579670 0.046880 0.040600
5 0.335910 0.600000 0.054660 0.042160
3 0.395280 0.584340 0.043720 0.034380
0 0.342180 0.643720 0.049990 0.040600
3 0.278100 0.660930 0.048430 0.039050
0 0.404670 0.635930 0.049990 0.040600
8 0.679650 0.399950 0.054660 0.049990
8 0.624990 0.412500 0.059330 0.051540
11 0.690590 0.356240 0.060930 0.045270
6 0.614050 0.371850 0.049990 0.040600
9 0.559350 0.421840 0.042160 0.034380
9 0.439050 0.440600 0.045270 0.035930
6 0.506250 0.437490 0.048430 0.037490
10 0.559350 0.381230 0.059330 0.051540
7 0.496860 0.384340 0.046880 0.046880
11 0.431220 0.396840 0.048430 0.042160
