1 0.592170 0.678100 0.056210 0.059330
2 0.645270 0.682760 0.064040 0.060930
4 0.584340 0.746850 0.059330 0.074980
3 0.629660 0.749970 0.040600 0.051540
0 0.749970 0.307800 0.051540 0.056210
0 0.693710 0.362460 0.048430 0.056210
5 0.706250 0.295310 0.051540 0.062490
5 0.743740 0.362460 0.053100 0.054660
2 0.687480 0.421840 0.056210 0.054660
3 0.732800 0.428110 0.042160 0.046880
11 0.453100 0.256210 0.043720 0.060930
7 0.509360 0.253100 0.045270 0.067150
6 0.499980 0.329690 0.039050 0.057770
9 0.446880 0.315590 0.040600 0.046880
11 0.443720 0.390620 0.042160 0.054660
8 0.490590 0.384340 0.042160 0.054660
8 0.345300 0.643720 0.048430 0.073430
6 0.396840 0.640600 0.040600 0.053100
10 0.335910 0.709360 0.049990 0.068710
9 0.390620 0.706250 0.037490 0.051540
