2 0.389060 0.359350 0.045270 0.096860
2 0.374960 0.679650 0.053100 0.079650
1 0.331240 0.365580 0.049990 0.095310
3 0.315590 0.684370 0.045270 0.056210
0 0.328080 0.518750 0.053100 0.079650
0 0.315590 0.606230 0.053100 0.070270
3 0.393730 0.537470 0.040600 0.059330
5 0.374960 0.600000 0.046880 0.071870
5 0.390620 0.445270 0.040600 0.079650
4 0.331240 0.431220 0.056210 0.103090
8 0.668710 0.174960 0.051540 0.101530
8 0.673430 0.246880 0.049990 0.099980
9 0.667150 0.315590 0.039050 0.068710
9 0.674980 0.465600 0.042160 0.062490
6 0.668710 0.382790 0.051540 0.081210
6 0.724970 0.254660 0.051540 0.087480
11 0.728080 0.181230 0.056210 0.092150
11 0.742180 0.456210 0.059330 0.078100
7 0.739020 0.378120 0.060930 0.093710
10 0.724970 0.312470 0.067150 0.107800
