9 0.428110 0.446880 0.040600 0.057770
9 0.445270 0.318750 0.039050 0.062490
11 0.376520 0.434380 0.053100 0.073430
6 0.446880 0.370290 0.046880 0.071870
7 0.387460 0.359350 0.057770 0.087480
10 0.404670 0.293710 0.062490 0.103090
6 0.412500 0.246880 0.048430 0.082760
11 0.421840 0.178120 0.051540 0.089040
8 0.462490 0.193730 0.054660 0.085920
8 0.457770 0.246880 0.059330 0.096860
2 0.593730 0.387460 0.048430 0.085920
2 0.564020 0.659370 0.048430 0.070270
1 0.646830 0.389060 0.062490 0.092150
5 0.582790 0.462490 0.045270 0.070270
5 0.570290 0.596840 0.046880 0.067150
4 0.640600 0.451540 0.060930 0.096860
0 0.631220 0.534360 0.049990 0.070270
0 0.623440 0.603110 0.048430 0.067150
3 0.571850 0.531240 0.040600 0.056210
3 0.621840 0.689040 0.043720 0.054660
