1 0.523410 0.343740 0.039050 0.104650
5 0.523410 0.439050 0.037490 0.085920
0 0.515590 0.485920 0.040600 0.095310
0 0.565620 0.537470 0.043720 0.099980
5 0.553080 0.657770 0.049990 0.103090
2 0.509360 0.587460 0.048430 0.106250
2 0.568730 0.437490 0.048430 0.106250
3 0.565620 0.501530 0.035930 0.068710
3 0.512470 0.542180 0.037490 0.070270
4 0.573400 0.381230 0.045270 0.109360
8 0.668710 0.490590 0.051540 0.109360
8 0.728080 0.551520 0.065600 0.104650
10 0.726530 0.490590 0.060930 0.118750
11 0.671870 0.551520 0.048430 0.096860
11 0.729690 0.612500 0.059330 0.103090
9 0.659370 0.609340 0.045270 0.076540
9 0.678100 0.746850 0.048430 0.082760
6 0.673430 0.662490 0.051540 0.109360
6 0.743740 0.740580 0.064040 0.112470
7 0.739020 0.660930 0.060930 0.124970
