1 0.351520 0.665600 0.065600 0.049990
4 0.285920 0.678100 0.074980 0.057770
2 0.349970 0.615610 0.067150 0.046880
5 0.284370 0.624990 0.057770 0.043720
2 0.600000 0.531240 0.053100 0.045270
5 0.651540 0.521860 0.056210 0.042160
3 0.598400 0.576520 0.045270 0.039050
3 0.718750 0.507800 0.051540 0.037490
0 0.728080 0.554680 0.060930 0.042160
0 0.665600 0.567180 0.054660 0.043720
6 0.687480 0.318750 0.062490 0.048430
6 0.312470 0.376520 0.053100 0.046880
7 0.687480 0.270270 0.070270 0.062490
9 0.624990 0.331240 0.045270 0.037490
9 0.259370 0.437490 0.046880 0.037490
11 0.621840 0.279650 0.056210 0.053100
11 0.374960 0.368730 0.053100 0.049990
8 0.381230 0.415610 0.054660 0.049990
8 0.318750 0.421840 0.053100 0.046880
10 0.248430 0.387460 0.068710 0.053100
