6 0.753120 0.451540 0.062490 0.040600
6 0.546850 0.442160 0.045270 0.035930
8 0.760910 0.403110 0.067150 0.040600
8 0.482760 0.437490 0.051540 0.039050
9 0.685920 0.453100 0.043720 0.031220
9 0.537470 0.390620 0.042160 0.032780
10 0.687480 0.393730 0.065600 0.049990
11 0.612500 0.393730 0.048430 0.040600
7 0.614050 0.446880 0.051540 0.035930
11 0.492150 0.384340 0.045270 0.042160
2 0.745300 0.646830 0.076540 0.043720
3 0.735910 0.696860 0.048430 0.037490
1 0.479650 0.587460 0.049990 0.043720
2 0.478100 0.635930 0.054660 0.045270
4 0.409340 0.587460 0.051540 0.046880
3 0.409340 0.634380 0.042160 0.032780
5 0.346850 0.582790 0.049990 0.040600
0 0.340630 0.632780 0.048430 0.043720
0 0.274980 0.578120 0.054660 0.039050
5 0.268710 0.628110 0.056210 0.043720
