0 0.753120 0.587460 0.048430 0.045270
0 0.662490 0.662490 0.043720 0.048430
3 0.679650 0.549970 0.037490 0.040600
3 0.742180 0.646830 0.040600 0.045270
5 0.782790 0.640600 0.051540 0.046880
5 0.606230 0.787460 0.043720 0.059330
4 0.649990 0.800000 0.059330 0.070270
1 0.662490 0.737470 0.053100 0.064040
2 0.684370 0.609340 0.051540 0.045270
2 0.792170 0.587460 0.054660 0.049990
6 0.289040 0.507800 0.042160 0.045270
6 0.398400 0.628110 0.039050 0.046880
9 0.414050 0.512470 0.035930 0.040600
9 0.262490 0.490590 0.035930 0.042160
11 0.259370 0.428110 0.045270 0.048430
11 0.328080 0.751520 0.043720 0.054660
8 0.310920 0.417170 0.042160 0.057770
8 0.403110 0.565620 0.048430 0.048430
7 0.390620 0.703090 0.039050 0.057770
10 0.376520 0.765580 0.042160 0.062490
