1 0.314030 0.421840 0.064040 0.039050
2 0.318750 0.465600 0.051540 0.043720
4 0.382790 0.429660 0.060930 0.042160
0 0.445270 0.440600 0.048430 0.039050
0 0.506250 0.445270 0.049990 0.039050
5 0.374960 0.474980 0.046880 0.037490
5 0.509360 0.492150 0.048430 0.037490
3 0.434380 0.484370 0.045270 0.034380
3 0.571850 0.459330 0.042160 0.032780
2 0.560910 0.503090 0.053100 0.037490
8 0.364020 0.521860 0.056210 0.046880
8 0.426550 0.537470 0.046880 0.046880
11 0.359350 0.565620 0.053100 0.043720
11 0.603110 0.606230 0.051540 0.040600
6 0.424990 0.574960 0.046880 0.040600
6 0.549970 0.548410 0.045270 0.035930
9 0.489040 0.543740 0.040600 0.032780
9 0.615610 0.560910 0.045270 0.035930
10 0.484370 0.590620 0.053100 0.049990
7 0.546850 0.596840 0.049990 0.046880
