9 0.278100 0.665600 0.070270 0.043720
9 0.640600 0.568730 0.064040 0.045270
8 0.499980 0.590620 0.093710 0.056210
8 0.567180 0.581230 0.084370 0.053100
11 0.506250 0.649990 0.087480 0.060930
11 0.278100 0.715590 0.093710 0.056210
6 0.578120 0.634380 0.078100 0.057770
6 0.718750 0.565620 0.071870 0.049990
7 0.724970 0.621840 0.084370 0.065600
10 0.646830 0.634380 0.099980 0.067150
2 0.673430 0.329690 0.096860 0.065600
2 0.409340 0.443720 0.090590 0.049990
1 0.662490 0.265600 0.085920 0.064040
3 0.412500 0.387460 0.067150 0.046880
0 0.339020 0.396840 0.092150 0.053100
0 0.279650 0.418720 0.093710 0.051540
3 0.303090 0.468710 0.068710 0.042160
5 0.237490 0.471870 0.085920 0.046880
4 0.212500 0.428110 0.112470 0.059330
4 0.357790 0.462490 0.082760 0.046880
