1 0.600000 0.753120 0.045270 0.071870
2 0.546850 0.749970 0.037490 0.076540
2 0.518750 0.490590 0.037490 0.045270
3 0.565620 0.512470 0.032780 0.042160
0 0.568730 0.440600 0.035930 0.045270
0 0.568730 0.376520 0.035930 0.045270
4 0.574960 0.306250 0.040600 0.065600
5 0.534360 0.312470 0.034380 0.048430
3 0.534360 0.368730 0.031220 0.042160
5 0.526530 0.434380 0.035930 0.043720
9 0.440600 0.299980 0.031220 0.042160
11 0.396840 0.301530 0.039050 0.049990
11 0.421840 0.540630 0.040600 0.045270
8 0.465600 0.549970 0.042160 0.045270
8 0.453100 0.620280 0.035930 0.045270
6 0.417170 0.615610 0.037490 0.049990
9 0.457770 0.674980 0.034380 0.040600
6 0.456210 0.740580 0.034380 0.057770
7 0.404670 0.746850 0.042160 0.068710
10 0.407780 0.665600 0.045270 0.056210
