6 0.498420 0.518750 0.031220 0.042160
6 0.449990 0.646830 0.032780 0.046880
9 0.457770 0.518750 0.029660 0.040600
9 0.451540 0.771850 0.031220 0.046880
8 0.459330 0.584340 0.035930 0.046880
8 0.499980 0.640600 0.039050 0.045270
7 0.451540 0.706250 0.037490 0.056210
10 0.496860 0.768730 0.035930 0.060930
11 0.501530 0.585900 0.031220 0.042160
11 0.498420 0.703090 0.032780 0.049990
0 0.546850 0.518750 0.032780 0.043720
0 0.590620 0.637490 0.035930 0.043720
3 0.593730 0.515590 0.029660 0.040600
3 0.546850 0.774960 0.031220 0.043720
2 0.546850 0.582790 0.034380 0.043720
2 0.548410 0.640600 0.034380 0.049990
5 0.589060 0.581230 0.034380 0.043720
5 0.548410 0.709360 0.032780 0.049990
1 0.600000 0.709360 0.042160 0.049990
4 0.606230 0.779670 0.043720 0.068710
