1 0.459330 0.646830 0.046880 0.045270
2 0.446880 0.703090 0.048430 0.064040
4 0.526530 0.665600 0.054660 0.056210
5 0.518750 0.703090 0.046880 0.045270
5 0.645270 0.710920 0.053100 0.049990
3 0.584340 0.706250 0.040600 0.039050
0 0.581230 0.659370 0.051540 0.043720
0 0.643720 0.668710 0.053100 0.045270
2 0.715590 0.681210 0.064040 0.053100
3 0.699980 0.721860 0.049990 0.039050
8 0.306250 0.334360 0.054660 0.046880
6 0.303090 0.385900 0.056210 0.040600
9 0.374960 0.346850 0.043720 0.035930
9 0.503090 0.362460 0.043720 0.035930
6 0.443720 0.353120 0.051540 0.040600
10 0.368730 0.393730 0.060930 0.040600
7 0.434380 0.396840 0.054660 0.045270
11 0.496860 0.409340 0.046880 0.037490
11 0.559350 0.421840 0.046880 0.039050
8 0.559350 0.365580 0.048430 0.051540
