2 0.667150 0.598400 0.071870 0.054660
4 0.743740 0.546850 0.081210 0.046880
10 0.732800 0.374960 0.085920 0.057770
6 0.659370 0.440600 0.073430 0.045270
1 0.662490 0.546850 0.071870 0.042160
5 0.346850 0.646830 0.081210 0.039050
0 0.289040 0.642160 0.082760 0.040600
8 0.399950 0.498420 0.084370 0.039050
11 0.284370 0.459330 0.082760 0.042160
7 0.281210 0.506250 0.093710 0.039050
3 0.407780 0.645270 0.059330 0.039050
0 0.343740 0.596840 0.081210 0.040600
5 0.284370 0.598400 0.071870 0.032780
2 0.396840 0.600000 0.093710 0.045270
11 0.399950 0.449990 0.084370 0.039050
5 0.753120 0.600000 0.053100 0.042160
8 0.659370 0.381230 0.067150 0.046880
9 0.748410 0.434380 0.053100 0.039050
6 0.337470 0.499980 0.081210 0.035930
9 0.346850 0.453100 0.056210 0.032780
