1 0.353120 0.443720 0.060930 0.039050
2 0.349970 0.398400 0.060930 0.048430
2 0.610890 0.467150 0.060930 0.045270
0 0.543740 0.470270 0.049990 0.040600
0 0.487480 0.414050 0.048430 0.040600
3 0.428110 0.403110 0.043720 0.034380
3 0.618720 0.418720 0.046880 0.034380
5 0.549970 0.412500 0.046880 0.039050
5 0.484370 0.460930 0.049990 0.039050
4 0.424990 0.453100 0.049990 0.045270
6 0.473430 0.506250 0.051540 0.040600
6 0.662490 0.518750 0.053100 0.040600
7 0.607780 0.515590 0.056210 0.040600
9 0.546850 0.509360 0.046880 0.034380
9 0.668710 0.568730 0.049990 0.039050
11 0.600000 0.562460 0.053100 0.039050
11 0.734360 0.574960 0.060930 0.039050
8 0.737470 0.531240 0.065600 0.039050
8 0.470270 0.553080 0.054660 0.040600
10 0.540630 0.562460 0.053100 0.040600
