6 0.606230 0.449990 0.057770 0.037490
9 0.609340 0.406230 0.043720 0.032780
9 0.349970 0.437490 0.048430 0.037490
6 0.481210 0.399950 0.045270 0.037490
7 0.414050 0.387460 0.051540 0.045270
11 0.543740 0.446880 0.045270 0.035930
11 0.417170 0.440600 0.042160 0.035930
8 0.553080 0.403110 0.065600 0.040600
8 0.479650 0.443720 0.053100 0.046880
10 0.345300 0.384340 0.051540 0.042160
5 0.535910 0.590620 0.048430 0.039050
5 0.407780 0.587460 0.048430 0.037490
3 0.343740 0.581230 0.042160 0.032780
1 0.404670 0.637490 0.049990 0.043720
0 0.468710 0.640600 0.045270 0.039050
3 0.596840 0.637490 0.042160 0.032780
0 0.600000 0.603110 0.046880 0.035930
4 0.326530 0.634380 0.060930 0.053100
2 0.474980 0.587460 0.057770 0.037490
2 0.532800 0.640600 0.059330 0.040600
