10 0.290590 0.478100 0.103090 0.045270
11 0.346850 0.471870 0.079650 0.040600
11 0.471870 0.462490 0.081210 0.043720
6 0.743740 0.423440 0.071870 0.048430
6 0.415610 0.512470 0.078100 0.043720
9 0.412500 0.465600 0.060930 0.039050
9 0.310920 0.524970 0.065600 0.035930
7 0.346850 0.521860 0.092150 0.045270
8 0.468710 0.506250 0.095310 0.046880
8 0.743740 0.368730 0.087480 0.051540
0 0.318750 0.615610 0.090590 0.045270
0 0.781230 0.590620 0.062490 0.051540
1 0.615610 0.543740 0.078100 0.053100
2 0.609340 0.603110 0.093710 0.051540
2 0.365580 0.618720 0.093710 0.051540
3 0.382790 0.665600 0.062490 0.039050
3 0.709360 0.593730 0.057770 0.045270
4 0.684370 0.546850 0.084370 0.049990
5 0.771850 0.540630 0.067150 0.046880
5 0.318750 0.665600 0.081210 0.043720
