8 0.193730 0.465600 0.112470 0.046880
11 0.200000 0.423440 0.093710 0.043720
6 0.434380 0.378120 0.082760 0.049990
8 0.421840 0.320300 0.090590 0.070270
10 0.487480 0.309360 0.096860 0.059330
11 0.564020 0.293710 0.078100 0.053100
6 0.645270 0.343740 0.070270 0.051540
9 0.515590 0.368730 0.057770 0.040600
9 0.643720 0.284370 0.060930 0.046880
7 0.562460 0.353120 0.087480 0.057770
2 0.476540 0.649990 0.087480 0.062490
3 0.484370 0.693710 0.064040 0.043720
0 0.409340 0.645270 0.087480 0.049990
0 0.359350 0.699980 0.092150 0.056210
5 0.421840 0.699980 0.084370 0.053100
5 0.353120 0.651540 0.085920 0.049990
4 0.284370 0.665600 0.110920 0.059330
3 0.312470 0.704650 0.064040 0.042160
1 0.228110 0.662490 0.115590 0.059330
2 0.237490 0.714030 0.107800 0.065600
