9 0.615610 0.424990 0.054660 0.037490
9 0.490590 0.484370 0.056210 0.034380
8 0.392170 0.435930 0.096860 0.037490
8 0.703090 0.484370 0.068710 0.046880
6 0.409340 0.484370 0.085920 0.037490
6 0.628110 0.481210 0.068710 0.043720
10 0.464040 0.424990 0.093710 0.040600
11 0.537470 0.434380 0.074980 0.040600
11 0.690590 0.423440 0.073430 0.042160
7 0.539020 0.485920 0.085920 0.040600
3 0.478100 0.589060 0.062490 0.037490
3 0.284370 0.581230 0.062490 0.034380
0 0.404670 0.534360 0.081210 0.037490
0 0.342180 0.581230 0.082760 0.037490
2 0.474980 0.540630 0.087480 0.045270
2 0.212500 0.581230 0.096860 0.049990
1 0.209340 0.526530 0.096860 0.037490
4 0.278100 0.531240 0.103090 0.040600
5 0.346850 0.531240 0.081210 0.039050
5 0.409340 0.584340 0.078100 0.037490
