8 0.643720 0.568730 0.084370 0.039050
8 0.378120 0.528080 0.070270 0.042160
6 0.643720 0.521860 0.085920 0.040600
6 0.445270 0.524970 0.079650 0.039050
9 0.581230 0.523410 0.057770 0.035930
9 0.437490 0.581230 0.059330 0.037490
11 0.382790 0.585900 0.065600 0.042160
11 0.521860 0.574960 0.074980 0.040600
10 0.593730 0.574960 0.093710 0.039050
7 0.521860 0.524970 0.085920 0.039050
1 0.649990 0.470270 0.096860 0.035930
2 0.643720 0.415610 0.099980 0.045270
2 0.378120 0.468710 0.078100 0.045270
4 0.584340 0.474980 0.095310 0.042160
5 0.514030 0.478100 0.074980 0.042160
5 0.453100 0.415610 0.074980 0.040600
0 0.443720 0.471870 0.074980 0.039050
0 0.507800 0.423440 0.074980 0.042160
3 0.562460 0.418720 0.057770 0.035930
3 0.360910 0.414050 0.056210 0.042160
