1 0.284370 0.646830 0.076540 0.064040
2 0.304650 0.706250 0.078100 0.060930
2 0.587460 0.643720 0.101530 0.051540
3 0.576520 0.696860 0.060930 0.043720
0 0.634380 0.634380 0.084370 0.049990
5 0.648430 0.687480 0.082760 0.053100
5 0.704650 0.626550 0.085920 0.051540
3 0.762460 0.662490 0.065600 0.042160
0 0.709360 0.674980 0.089040 0.049990
4 0.768730 0.617170 0.104650 0.059330
7 0.253100 0.414050 0.070270 0.056210
11 0.234380 0.354680 0.068710 0.057770
10 0.323410 0.346850 0.085920 0.062490
8 0.399950 0.334360 0.084370 0.062490
6 0.415610 0.396840 0.076540 0.048430
9 0.332800 0.410890 0.051540 0.040600
11 0.662490 0.371850 0.092150 0.048430
9 0.724970 0.370290 0.065600 0.039050
6 0.740580 0.418720 0.084370 0.040600
8 0.687480 0.428110 0.092150 0.053100
