1 0.282760 0.562460 0.101530 0.049990
2 0.287480 0.603110 0.098420 0.054660
2 0.531240 0.521860 0.078100 0.051540
3 0.368730 0.596840 0.064040 0.043720
3 0.559350 0.573400 0.060930 0.045270
4 0.346850 0.549970 0.098420 0.054660
0 0.418720 0.584340 0.081210 0.051540
0 0.468710 0.523410 0.074980 0.049990
5 0.409340 0.537470 0.078100 0.046880
5 0.482760 0.584340 0.076540 0.048430
6 0.395280 0.490590 0.079650 0.048430
6 0.593730 0.459330 0.067150 0.048430
9 0.596840 0.403110 0.054660 0.045270
9 0.474980 0.478100 0.060930 0.042160
8 0.381230 0.443720 0.098420 0.048430
8 0.662490 0.443720 0.085920 0.056210
11 0.662490 0.389060 0.068710 0.049990
11 0.521860 0.418720 0.070270 0.046880
10 0.446880 0.426550 0.093710 0.053100
7 0.524970 0.468710 0.084370 0.049990
