8 0.749970 0.403110 0.098420 0.039050
6 0.745300 0.364020 0.084370 0.042160
9 0.687480 0.406230 0.060930 0.034380
9 0.562460 0.412500 0.054660 0.037490
6 0.628110 0.409340 0.076540 0.035930
11 0.562460 0.360910 0.070270 0.040600
10 0.690590 0.353120 0.098420 0.051540
7 0.624990 0.357790 0.081210 0.048430
8 0.309360 0.471870 0.068710 0.046880
11 0.306250 0.418720 0.060930 0.046880
5 0.306250 0.584340 0.060930 0.040600
0 0.387460 0.624990 0.064040 0.043720
0 0.315590 0.635930 0.056210 0.043720
3 0.374960 0.568730 0.048430 0.037490
5 0.440600 0.568730 0.060930 0.039050
4 0.464040 0.620280 0.081210 0.048430
2 0.528080 0.557790 0.082760 0.043720
1 0.534360 0.620280 0.078100 0.049990
3 0.749970 0.537470 0.060930 0.034380
2 0.759350 0.493710 0.095310 0.037490
