6 0.443720 0.606230 0.048430 0.040600
6 0.629660 0.631220 0.048430 0.039050
8 0.437490 0.656210 0.060930 0.046880
8 0.693710 0.642160 0.060930 0.049990
9 0.506250 0.615610 0.042160 0.035930
9 0.624990 0.681210 0.045270 0.039050
10 0.499980 0.664040 0.053100 0.049990
7 0.568730 0.621840 0.046880 0.043720
11 0.571850 0.671870 0.048430 0.043720
11 0.706250 0.690590 0.054660 0.040600
3 0.606230 0.343740 0.045270 0.037490
2 0.609340 0.390620 0.054660 0.045270
0 0.539020 0.384340 0.048430 0.043720
5 0.543740 0.337470 0.048430 0.046880
5 0.478100 0.373400 0.048430 0.046880
0 0.478100 0.328080 0.048430 0.046880
3 0.420280 0.318750 0.045270 0.037490
2 0.359350 0.306250 0.062490 0.054660
4 0.410890 0.362460 0.062490 0.054660
1 0.343740 0.353120 0.056210 0.049990
