2 0.574960 0.682760 0.051540 0.079650
2 0.601560 0.406230 0.049990 0.096860
1 0.549970 0.403110 0.046880 0.096860
4 0.549970 0.478100 0.046880 0.087480
5 0.556240 0.546850 0.042160 0.071870
5 0.620280 0.618720 0.048430 0.068710
3 0.639050 0.695310 0.043720 0.054660
3 0.609340 0.490590 0.037490 0.054660
0 0.567180 0.618720 0.045270 0.065600
0 0.610890 0.543740 0.045270 0.074980
8 0.443720 0.299980 0.040600 0.092150
8 0.509360 0.548410 0.045270 0.081210
9 0.459330 0.499980 0.039050 0.059330
9 0.496860 0.378120 0.035930 0.059330
6 0.489040 0.304650 0.043720 0.084370
6 0.496860 0.487480 0.039050 0.064040
10 0.439050 0.362460 0.045270 0.093710
7 0.499980 0.418720 0.040600 0.092150
11 0.454660 0.428110 0.042160 0.078100
11 0.453100 0.562460 0.043720 0.068710
