0 0.640600 0.584340 0.053100 0.042160
0 0.582790 0.635930 0.048430 0.040600
3 0.646830 0.626550 0.046880 0.034380
1 0.571850 0.584340 0.049990 0.040600
2 0.512470 0.646830 0.056210 0.040600
2 0.385900 0.656210 0.065600 0.042160
3 0.453100 0.600000 0.046880 0.035930
5 0.459330 0.649990 0.049990 0.045270
4 0.509360 0.595280 0.053100 0.042160
5 0.387460 0.604670 0.049990 0.039050
8 0.612500 0.345300 0.053100 0.048430
8 0.543740 0.293710 0.051540 0.062490
10 0.617170 0.293710 0.067150 0.057770
11 0.551520 0.356240 0.053100 0.045270
11 0.481210 0.309360 0.049990 0.048430
9 0.482760 0.362460 0.043720 0.035930
9 0.371850 0.374960 0.046880 0.037490
6 0.428110 0.365580 0.049990 0.045270
6 0.365580 0.318750 0.053100 0.048430
7 0.418720 0.315590 0.051540 0.053100
