8 0.564020 0.418720 0.042160 0.053100
8 0.496860 0.671870 0.040600 0.059330
9 0.553080 0.617170 0.035930 0.045270
9 0.515590 0.468710 0.034380 0.045270
7 0.509360 0.540630 0.037490 0.046880
6 0.518750 0.412500 0.037490 0.048430
6 0.501530 0.610890 0.039050 0.049990
11 0.549970 0.674980 0.039050 0.059330
11 0.553080 0.540630 0.039050 0.049990
10 0.562460 0.478100 0.037490 0.048430
1 0.471870 0.403110 0.037490 0.056210
4 0.465600 0.473430 0.043720 0.049990
5 0.465600 0.535910 0.037490 0.049990
5 0.403110 0.590620 0.039050 0.049990
0 0.454660 0.603110 0.037490 0.051540
0 0.415610 0.534360 0.039050 0.053100
3 0.414050 0.476540 0.037490 0.043720
3 0.396840 0.665600 0.035930 0.045270
2 0.445270 0.674980 0.042160 0.062490
2 0.415610 0.401560 0.048430 0.065600
