6 0.553080 0.379670 0.078100 0.046880
8 0.565620 0.324970 0.098420 0.056210
9 0.481210 0.365580 0.056210 0.040600
10 0.503090 0.312470 0.081210 0.059330
11 0.415610 0.295310 0.068710 0.051540
11 0.264040 0.264040 0.064040 0.049990
7 0.424990 0.353120 0.079650 0.053100
9 0.353120 0.279650 0.054660 0.045270
6 0.346850 0.337470 0.067150 0.045270
8 0.274980 0.320300 0.062490 0.054660
1 0.637490 0.643720 0.087480 0.057770
2 0.620280 0.693710 0.090590 0.060930
4 0.574960 0.637490 0.096860 0.059330
3 0.553080 0.684370 0.060930 0.043720
5 0.499980 0.628110 0.071870 0.051540
0 0.499980 0.674980 0.074980 0.053100
0 0.437490 0.618720 0.067150 0.048430
5 0.434380 0.668710 0.071870 0.054660
3 0.354680 0.662490 0.054660 0.043720
2 0.370290 0.615610 0.082760 0.054660
