8 0.537470 0.459330 0.087480 0.035930
8 0.478100 0.449990 0.079650 0.040600
11 0.524970 0.412500 0.067150 0.039050
11 0.253100 0.396840 0.059330 0.039050
6 0.462490 0.406230 0.071870 0.037490
9 0.399950 0.456210 0.053100 0.034380
9 0.253100 0.453100 0.048430 0.034380
6 0.334360 0.453100 0.065600 0.037490
7 0.332800 0.395280 0.067150 0.045270
10 0.399950 0.398400 0.073430 0.046880
1 0.715590 0.549970 0.096860 0.034380
2 0.707800 0.498420 0.082760 0.031220
4 0.653100 0.546850 0.093710 0.035930
5 0.648430 0.501530 0.070270 0.031220
0 0.589060 0.553080 0.070270 0.031220
0 0.517190 0.553080 0.068710 0.034380
3 0.581230 0.503090 0.053100 0.031220
5 0.521860 0.503090 0.065600 0.035930
2 0.460930 0.503090 0.067150 0.037490
3 0.449990 0.553080 0.049990 0.034380
