5 0.574960 0.753120 0.043720 0.054660
7 0.496860 0.346850 0.046880 0.057770
10 0.443720 0.285920 0.045270 0.070270
0 0.587460 0.290590 0.040600 0.057770
2 0.612500 0.607780 0.049990 0.056210
8 0.504650 0.484370 0.049990 0.065600
5 0.639050 0.276540 0.048430 0.059330
3 0.645270 0.346850 0.042160 0.051540
0 0.624990 0.751520 0.045270 0.057770
2 0.596840 0.346850 0.043720 0.060930
1 0.559350 0.621840 0.045270 0.054660
6 0.471870 0.746850 0.040600 0.053100
3 0.615610 0.684370 0.040600 0.048430
11 0.446880 0.349970 0.037490 0.057770
8 0.424990 0.765580 0.045270 0.060930
4 0.571850 0.684370 0.046880 0.054660
6 0.499980 0.418720 0.037490 0.046880
11 0.459330 0.490590 0.040600 0.051540
9 0.453100 0.420280 0.039050 0.042160
9 0.493710 0.287480 0.035930 0.049990
