2 0.418720 0.676540 0.060930 0.076540
4 0.478100 0.748410 0.054660 0.085920
10 0.649990 0.718750 0.065600 0.090590
6 0.574960 0.653100 0.053100 0.078100
1 0.470270 0.665600 0.048430 0.076540
5 0.337470 0.362460 0.046880 0.085920
0 0.337470 0.306250 0.048430 0.087480
8 0.490590 0.399950 0.046880 0.089040
11 0.518750 0.281210 0.049990 0.087480
7 0.471870 0.282760 0.048430 0.096860
3 0.346850 0.423440 0.043720 0.064040
0 0.387460 0.353120 0.048430 0.085920
5 0.379670 0.296860 0.039050 0.074980
2 0.389060 0.409340 0.054660 0.098420
11 0.539020 0.395280 0.046880 0.089040
5 0.428110 0.762460 0.046880 0.057770
8 0.634380 0.646830 0.053100 0.071870
9 0.590620 0.740580 0.043720 0.057770
6 0.482760 0.337470 0.043720 0.084370
9 0.531240 0.343740 0.037490 0.059330
