8 0.406230 0.337470 0.109360 0.054660
8 0.487480 0.259370 0.101530 0.081210
10 0.399950 0.262490 0.118750 0.073430
11 0.484370 0.321860 0.093710 0.057770
9 0.556240 0.343740 0.071870 0.048430
9 0.724970 0.324970 0.068710 0.051540
6 0.631220 0.326530 0.089040 0.062490
6 0.724970 0.254660 0.085920 0.076540
7 0.631220 0.256210 0.101530 0.074980
11 0.564020 0.262490 0.092150 0.071870
1 0.178120 0.645270 0.120300 0.062490
5 0.193730 0.595280 0.098420 0.043720
5 0.453100 0.621840 0.093710 0.053100
0 0.318750 0.656210 0.103090 0.049990
3 0.399950 0.681210 0.074980 0.045270
3 0.331240 0.603110 0.074980 0.042160
0 0.390620 0.612500 0.096860 0.049990
4 0.246880 0.603110 0.115590 0.054660
2 0.243720 0.662490 0.107800 0.070270
2 0.456210 0.693710 0.109360 0.067150
