2 0.681210 0.526530 0.073430 0.039050
2 0.396840 0.523410 0.081210 0.040600
1 0.387460 0.574960 0.098420 0.034380
4 0.456210 0.574960 0.093710 0.043720
5 0.470270 0.524970 0.068710 0.037490
5 0.606230 0.520300 0.068710 0.039050
3 0.540630 0.528080 0.056210 0.032780
0 0.528080 0.578120 0.074980 0.037490
0 0.612500 0.576520 0.068710 0.040600
3 0.687480 0.585900 0.053100 0.037490
8 0.212500 0.473430 0.096860 0.040600
8 0.271870 0.468710 0.089040 0.037490
9 0.337470 0.470270 0.057770 0.032780
6 0.390620 0.471870 0.084370 0.037490
11 0.218720 0.426550 0.087480 0.034380
11 0.465600 0.415610 0.078100 0.040600
9 0.465600 0.470270 0.056210 0.034380
7 0.396840 0.421840 0.096860 0.040600
10 0.324970 0.418720 0.098420 0.043720
6 0.271870 0.426550 0.087480 0.032780
