4 0.373400 0.767180 0.051540 0.054660
0 0.434380 0.862490 0.042160 0.049990
0 0.603110 0.781230 0.042160 0.046880
2 0.421840 0.796840 0.045270 0.051540
2 0.562460 0.810890 0.045270 0.046880
5 0.454660 0.753120 0.040600 0.042160
5 0.528080 0.774960 0.039050 0.042160
3 0.590620 0.740580 0.037490 0.031220
3 0.645270 0.787460 0.039050 0.034380
1 0.503090 0.814050 0.045270 0.053100
11 0.598400 0.664040 0.043720 0.040600
11 0.562460 0.357790 0.042160 0.034380
9 0.668710 0.404670 0.039050 0.028110
9 0.503090 0.246880 0.034380 0.032780
6 0.514030 0.274980 0.040600 0.037490
6 0.737470 0.357790 0.049990 0.039050
8 0.424990 0.281210 0.053100 0.035930
8 0.734360 0.403110 0.048430 0.045270
7 0.684370 0.353120 0.057770 0.043720
10 0.621840 0.353120 0.048430 0.042160
