6 0.696860 0.284370 0.048430 0.048430
6 0.437490 0.371850 0.045270 0.039050
8 0.632780 0.279650 0.054660 0.051540
8 0.379670 0.367180 0.049990 0.035930
9 0.562460 0.284370 0.037490 0.034380
9 0.328080 0.364020 0.042160 0.032780
7 0.493710 0.374960 0.048430 0.045270
10 0.548410 0.379670 0.045270 0.042160
11 0.604670 0.395280 0.043720 0.039050
11 0.346850 0.670270 0.045270 0.045270
3 0.349970 0.787460 0.040600 0.037490
3 0.407780 0.746850 0.040600 0.034380
0 0.449990 0.884370 0.046880 0.060930
0 0.543740 0.885920 0.045270 0.054660
5 0.464040 0.790620 0.043720 0.046880
5 0.537470 0.779670 0.045270 0.048430
4 0.615610 0.804670 0.056210 0.057770
2 0.521860 0.818720 0.045270 0.054660
2 0.424990 0.820280 0.045270 0.051540
1 0.631220 0.865600 0.046880 0.062490
