8 0.329690 0.637490 0.062490 0.048430
6 0.321860 0.584340 0.056210 0.039050
10 0.399950 0.634380 0.053100 0.048430
9 0.403110 0.571850 0.046880 0.034380
11 0.462490 0.624990 0.051540 0.045270
11 0.600000 0.615610 0.053100 0.046880
6 0.521860 0.568730 0.048430 0.037490
9 0.540630 0.617170 0.043720 0.035930
7 0.460930 0.574960 0.046880 0.037490
8 0.589060 0.560910 0.048430 0.039050
1 0.442160 0.421840 0.046880 0.048430
2 0.443720 0.365580 0.051540 0.057770
2 0.715590 0.393730 0.059330 0.046880
4 0.515590 0.418720 0.051540 0.048430
3 0.512470 0.368730 0.043720 0.037490
5 0.581230 0.412500 0.049990 0.045270
5 0.637490 0.356240 0.049990 0.045270
0 0.582790 0.357790 0.049990 0.043720
0 0.646830 0.409340 0.049990 0.039050
3 0.709360 0.348410 0.048430 0.035930
