2 0.574960 0.495310 0.037490 0.045270
2 0.556240 0.746850 0.039050 0.067150
1 0.624990 0.498420 0.049990 0.046880
4 0.618720 0.560910 0.045270 0.046880
5 0.568730 0.560910 0.037490 0.043720
5 0.560910 0.681210 0.037490 0.051540
3 0.559350 0.621840 0.031220 0.042160
0 0.606230 0.685920 0.037490 0.046880
3 0.606230 0.753120 0.035930 0.045270
0 0.610890 0.623440 0.037490 0.046880
8 0.443720 0.303090 0.045270 0.051540
8 0.443720 0.359350 0.046880 0.056210
11 0.403110 0.281210 0.040600 0.059330
6 0.399950 0.359350 0.037490 0.046880
9 0.435930 0.424990 0.031220 0.039050
9 0.429660 0.546850 0.032780 0.042160
6 0.440600 0.479650 0.034380 0.045270
10 0.396840 0.415610 0.046880 0.056210
7 0.387460 0.478100 0.043720 0.043720
11 0.384340 0.543740 0.039050 0.046880
