2 0.632780 0.406230 0.062490 0.039050
2 0.493710 0.454660 0.051540 0.035930
3 0.370290 0.399950 0.045270 0.034380
3 0.554680 0.453100 0.043720 0.035930
0 0.378120 0.446880 0.048430 0.035930
0 0.431220 0.401560 0.048430 0.035930
1 0.437490 0.449990 0.045270 0.035930
5 0.618720 0.456210 0.045270 0.035930
5 0.562460 0.407780 0.046880 0.035930
4 0.503090 0.403110 0.048430 0.045270
8 0.371850 0.593730 0.049990 0.042160
8 0.434380 0.643720 0.048430 0.045270
11 0.432780 0.590620 0.046880 0.037490
11 0.496860 0.643720 0.045270 0.042160
10 0.362460 0.642160 0.057770 0.045270
9 0.493710 0.592170 0.043720 0.032780
9 0.634380 0.596840 0.042160 0.031220
6 0.556240 0.593730 0.045270 0.032780
6 0.621840 0.649990 0.051540 0.039050
7 0.562460 0.646830 0.051540 0.046880
