2 0.637490 0.596840 0.059330 0.087480
2 0.612500 0.301530 0.064040 0.103090
3 0.618720 0.193730 0.042160 0.076540
0 0.674980 0.189060 0.053100 0.104650
0 0.671870 0.249990 0.054660 0.101530
3 0.662490 0.328080 0.046880 0.073430
5 0.618720 0.249990 0.049990 0.089040
5 0.624990 0.689040 0.059330 0.078100
1 0.699980 0.612500 0.068710 0.090590
4 0.696860 0.695310 0.079650 0.090590
8 0.404670 0.489040 0.067150 0.101530
8 0.384340 0.568730 0.067150 0.098420
9 0.376520 0.660930 0.048430 0.062490
6 0.328080 0.564020 0.065600 0.089040
10 0.312470 0.634380 0.071870 0.095310
11 0.346850 0.487480 0.067150 0.085920
6 0.414050 0.157790 0.059330 0.104650
9 0.401560 0.228110 0.045270 0.076540
7 0.362460 0.143740 0.073430 0.123410
11 0.346850 0.209340 0.064040 0.099980
