5 0.485920 0.284370 0.035930 0.059330
0 0.437490 0.290590 0.037490 0.054660
3 0.435930 0.359350 0.032780 0.042160
2 0.484370 0.353120 0.034380 0.054660
2 0.435930 0.618720 0.035930 0.048430
1 0.385900 0.621840 0.042160 0.045270
4 0.384340 0.690590 0.046880 0.056210
5 0.439050 0.689040 0.032780 0.049990
3 0.442160 0.762460 0.031220 0.045270
0 0.384340 0.749970 0.039050 0.051540
8 0.539020 0.687480 0.039050 0.049990
11 0.581230 0.684370 0.039050 0.048430
8 0.531240 0.746850 0.039050 0.051540
6 0.593730 0.762460 0.035930 0.051540
9 0.581230 0.289040 0.031220 0.046880
6 0.584340 0.356240 0.034380 0.051540
9 0.584340 0.418720 0.029660 0.043720
10 0.640600 0.284370 0.048430 0.078100
7 0.632780 0.353120 0.048430 0.054660
11 0.634380 0.423440 0.040600 0.045270
