2 0.470270 0.256210 0.035930 0.079650
5 0.517190 0.264040 0.034380 0.059330
0 0.465600 0.528080 0.035930 0.045270
0 0.424990 0.598400 0.035930 0.046880
3 0.420280 0.531240 0.031220 0.042160
3 0.471870 0.721860 0.032780 0.045270
1 0.467150 0.590620 0.032780 0.054660
4 0.415610 0.665600 0.043720 0.060930
2 0.468710 0.662490 0.035930 0.051540
5 0.421840 0.732800 0.037490 0.057770
9 0.612500 0.268710 0.031220 0.048430
9 0.609340 0.409340 0.031220 0.043720
6 0.607780 0.326530 0.035930 0.048430
6 0.660930 0.396840 0.039050 0.048430
11 0.662490 0.259370 0.040600 0.060930
7 0.662490 0.331240 0.046880 0.054660
10 0.562460 0.671870 0.040600 0.065600
8 0.618720 0.740580 0.042160 0.078100
8 0.615610 0.665600 0.048430 0.054660
11 0.560910 0.731240 0.034380 0.054660
