1 0.709360 0.653100 0.078100 0.067150
2 0.687480 0.714030 0.079650 0.064040
2 0.407780 0.640600 0.101530 0.054660
3 0.415610 0.693710 0.060930 0.045270
0 0.362460 0.629660 0.084370 0.053100
5 0.345300 0.681210 0.084370 0.054660
5 0.290590 0.618720 0.087480 0.054660
3 0.232780 0.653100 0.067150 0.043720
0 0.284370 0.665600 0.089040 0.053100
4 0.228110 0.607780 0.106250 0.062490
7 0.749970 0.421840 0.071870 0.057770
11 0.771850 0.364020 0.070270 0.059330
10 0.681210 0.353120 0.087480 0.065600
8 0.604670 0.337470 0.085920 0.064040
6 0.589060 0.399950 0.078100 0.051540
9 0.670270 0.417170 0.053100 0.042160
11 0.342180 0.365580 0.092150 0.049990
9 0.279650 0.362460 0.067150 0.040600
6 0.260930 0.409340 0.084370 0.043720
8 0.315590 0.421840 0.093710 0.054660
