9 0.253100 0.374960 0.065600 0.035930
9 0.626550 0.406230 0.059330 0.037490
8 0.484370 0.409340 0.087480 0.045270
8 0.553080 0.409340 0.079650 0.042160
11 0.481210 0.351520 0.082760 0.049990
11 0.243720 0.324970 0.087480 0.045270
6 0.553080 0.353120 0.073430 0.048430
6 0.703090 0.396840 0.065600 0.042160
7 0.699980 0.340630 0.078100 0.056210
10 0.621840 0.342180 0.093710 0.054660
2 0.699980 0.637490 0.090590 0.054660
2 0.420280 0.571850 0.085920 0.039050
1 0.699980 0.703090 0.079650 0.054660
3 0.434380 0.626550 0.062490 0.039050
0 0.359350 0.631220 0.087480 0.042160
0 0.296860 0.618720 0.089040 0.039050
3 0.312470 0.565620 0.064040 0.034380
5 0.246880 0.571850 0.081210 0.035930
4 0.228110 0.621840 0.106250 0.045270
4 0.365580 0.562460 0.078100 0.035930
