8 0.374960 0.243720 0.043720 0.093710
8 0.418720 0.510920 0.043720 0.070270
6 0.428110 0.243720 0.037490 0.084370
9 0.431220 0.329690 0.032780 0.056210
9 0.365580 0.459330 0.037490 0.054660
11 0.368730 0.371850 0.042160 0.073430
11 0.359350 0.515590 0.043720 0.060930
10 0.368730 0.306250 0.045270 0.092150
7 0.420280 0.371850 0.035930 0.084370
6 0.421840 0.435930 0.037490 0.074980
1 0.584340 0.370290 0.049990 0.082760
2 0.643720 0.382790 0.059330 0.078100
4 0.581230 0.443720 0.046880 0.087480
3 0.634380 0.462490 0.035930 0.051540
5 0.581230 0.521860 0.042160 0.064040
5 0.640600 0.589060 0.046880 0.062490
0 0.639050 0.532800 0.042160 0.059330
0 0.581230 0.593730 0.039050 0.059330
2 0.590620 0.665600 0.046880 0.067150
3 0.643720 0.676540 0.039050 0.051540
