9 0.649990 0.451540 0.043720 0.029660
9 0.406230 0.453100 0.040600 0.029660
6 0.656210 0.503090 0.049990 0.032780
6 0.528080 0.449990 0.043720 0.034380
8 0.587460 0.449990 0.043720 0.040600
8 0.534360 0.499980 0.051540 0.035930
7 0.468710 0.446880 0.045270 0.037490
11 0.478100 0.499980 0.043720 0.031220
11 0.600000 0.498420 0.043720 0.031220
10 0.407780 0.493710 0.046880 0.035930
0 0.654660 0.549970 0.048430 0.034380
3 0.662490 0.604670 0.040600 0.031220
3 0.403110 0.542180 0.042160 0.031220
0 0.531240 0.590620 0.043720 0.032780
2 0.592170 0.553080 0.043720 0.034380
2 0.534360 0.539020 0.043720 0.034380
1 0.478100 0.590620 0.043720 0.043720
5 0.468710 0.545300 0.043720 0.031220
5 0.603110 0.603110 0.046880 0.039050
4 0.406230 0.590620 0.049990 0.045270
