8 0.317190 0.640600 0.096860 0.057770
6 0.328080 0.589060 0.085920 0.048430
6 0.515590 0.618720 0.073430 0.049990
9 0.399950 0.593730 0.060930 0.040600
9 0.521860 0.678100 0.057770 0.043720
11 0.446880 0.662490 0.079650 0.051540
7 0.449990 0.610890 0.090590 0.054660
11 0.584340 0.687480 0.076540 0.053100
8 0.587460 0.624990 0.081210 0.048430
10 0.371850 0.651540 0.099980 0.056210
3 0.646830 0.303090 0.057770 0.046880
3 0.439050 0.293710 0.060930 0.045270
1 0.362460 0.335910 0.093710 0.053100
2 0.364020 0.284370 0.107800 0.065600
2 0.631220 0.354680 0.078100 0.064040
4 0.421840 0.335910 0.103090 0.065600
5 0.498420 0.343740 0.076540 0.053100
5 0.568730 0.296860 0.074980 0.056210
0 0.565620 0.354680 0.070270 0.053100
0 0.499980 0.293710 0.081210 0.059330
