8 0.740580 0.579670 0.067150 0.051540
10 0.674980 0.565620 0.064040 0.043720
11 0.600000 0.559350 0.057770 0.043720
11 0.459330 0.548410 0.051540 0.042160
8 0.478100 0.499980 0.051540 0.042160
6 0.734360 0.524970 0.065600 0.042160
6 0.540630 0.509360 0.049990 0.040600
9 0.531240 0.556240 0.046880 0.039050
9 0.671870 0.528080 0.049990 0.037490
7 0.609340 0.515590 0.062490 0.040600
2 0.753120 0.434380 0.070270 0.048430
1 0.485920 0.449990 0.051540 0.048430
5 0.354680 0.434380 0.054660 0.046880
5 0.295310 0.370290 0.060930 0.046880
3 0.420280 0.393730 0.049990 0.040600
3 0.754680 0.384340 0.054660 0.043720
2 0.493710 0.393730 0.056210 0.056210
0 0.287480 0.426550 0.060930 0.045270
0 0.357790 0.384340 0.054660 0.046880
4 0.418720 0.437490 0.056210 0.045270
