2 0.506250 0.265600 0.045270 0.073430
3 0.457770 0.268710 0.037490 0.048430
0 0.454660 0.321860 0.040600 0.051540
1 0.418720 0.512470 0.037490 0.048430
5 0.499980 0.335910 0.040600 0.054660
5 0.474980 0.457770 0.037490 0.046880
3 0.481210 0.399950 0.037490 0.043720
0 0.437490 0.393730 0.037490 0.048430
2 0.464040 0.521860 0.043720 0.046880
4 0.431220 0.449990 0.045270 0.051540
8 0.478100 0.723410 0.049990 0.064040
8 0.490590 0.656210 0.043720 0.054660
11 0.567180 0.474980 0.040600 0.046880
11 0.521860 0.726530 0.039050 0.060930
9 0.518750 0.474980 0.037490 0.045270
6 0.509360 0.534360 0.037490 0.048430
6 0.532800 0.664040 0.037490 0.048430
9 0.499980 0.593730 0.034380 0.043720
10 0.546850 0.603110 0.046880 0.057770
7 0.554680 0.532800 0.043720 0.046880
