5 0.703090 0.390620 0.060930 0.045270
5 0.643720 0.445270 0.054660 0.040600
0 0.362460 0.431220 0.054660 0.043720
0 0.290590 0.396840 0.060930 0.045270
3 0.365580 0.381230 0.048430 0.040600
1 0.299980 0.437490 0.071870 0.054660
4 0.226550 0.396840 0.078100 0.059330
2 0.229660 0.449990 0.076540 0.051540
2 0.634380 0.390620 0.053100 0.054660
3 0.703090 0.445270 0.049990 0.039050
9 0.643720 0.546850 0.048430 0.040600
7 0.724970 0.590620 0.065600 0.051540
6 0.714030 0.534360 0.057770 0.043720
6 0.659370 0.593730 0.051540 0.046880
10 0.379670 0.528080 0.067150 0.042160
8 0.389060 0.584340 0.070270 0.043720
8 0.318750 0.585900 0.076540 0.043720
11 0.312470 0.537470 0.057770 0.042160
11 0.256210 0.600000 0.060930 0.045270
9 0.246880 0.545300 0.049990 0.037490
