3 0.384340 0.535910 0.042160 0.034380
3 0.557790 0.468710 0.042160 0.034380
0 0.381230 0.484370 0.045270 0.035930
0 0.440600 0.528080 0.045270 0.037490
1 0.440600 0.484370 0.046880 0.040600
5 0.573400 0.521860 0.043720 0.035930
5 0.628110 0.515590 0.048430 0.034380
2 0.617170 0.467150 0.045270 0.037490
2 0.504650 0.478100 0.046880 0.040600
4 0.501530 0.524970 0.046880 0.037490
10 0.370290 0.440600 0.056210 0.043720
8 0.374960 0.390620 0.053100 0.039050
8 0.435930 0.379670 0.053100 0.042160
11 0.443720 0.434380 0.045270 0.034380
11 0.496860 0.385900 0.045270 0.037490
9 0.512470 0.431220 0.042160 0.032780
9 0.628110 0.424990 0.042160 0.031220
6 0.614050 0.378120 0.048430 0.035930
6 0.559350 0.424990 0.045270 0.034380
7 0.556240 0.381230 0.049990 0.042160
