3 0.593730 0.467150 0.045270 0.034380
3 0.346850 0.465600 0.048430 0.037490
0 0.576520 0.509360 0.048430 0.039050
0 0.531240 0.451540 0.049990 0.040600
4 0.476540 0.443720 0.049990 0.042160
2 0.459330 0.487480 0.051540 0.040600
2 0.259370 0.456210 0.070270 0.045270
5 0.418720 0.435930 0.048430 0.039050
5 0.349970 0.421840 0.054660 0.042160
1 0.526530 0.498420 0.054660 0.039050
8 0.382790 0.571850 0.059330 0.051540
8 0.628110 0.607780 0.067150 0.046880
11 0.693710 0.615610 0.057770 0.040600
11 0.570290 0.553080 0.054660 0.039050
6 0.506250 0.540630 0.048430 0.037490
6 0.453100 0.534360 0.049990 0.040600
9 0.556240 0.595280 0.045270 0.034380
9 0.440600 0.576520 0.045270 0.034380
7 0.487480 0.581230 0.046880 0.040600
10 0.646830 0.562460 0.065600 0.046880
