2 0.626550 0.646830 0.064040 0.078100
4 0.589060 0.732800 0.057770 0.087480
10 0.415610 0.751520 0.068710 0.092150
6 0.470270 0.667150 0.054660 0.079650
1 0.574960 0.651540 0.051540 0.078100
5 0.618720 0.323410 0.049990 0.085920
0 0.603110 0.268710 0.051540 0.087480
8 0.481210 0.399950 0.049990 0.089040
11 0.421840 0.293710 0.053100 0.087480
7 0.468710 0.284370 0.051540 0.098420
3 0.628110 0.384340 0.046880 0.064040
0 0.568730 0.328080 0.051540 0.085920
5 0.559350 0.270270 0.042160 0.076540
2 0.581230 0.381230 0.057770 0.099980
11 0.434380 0.409340 0.049990 0.089040
5 0.642160 0.731240 0.048430 0.059330
8 0.409340 0.678100 0.054660 0.073430
9 0.478100 0.756240 0.045270 0.057770
6 0.471870 0.339020 0.046880 0.085920
9 0.426550 0.357790 0.039050 0.060930
