11 0.356240 0.553080 0.045270 0.051540
11 0.390620 0.296860 0.046880 0.054660
8 0.440600 0.309360 0.045270 0.053100
8 0.424990 0.373400 0.048430 0.049990
6 0.384340 0.368730 0.045270 0.049990
6 0.412500 0.506250 0.039050 0.048430
9 0.428110 0.443720 0.034380 0.042160
9 0.403110 0.562460 0.032780 0.043720
10 0.374960 0.440600 0.045270 0.051540
7 0.362460 0.496860 0.046880 0.051540
2 0.568730 0.399950 0.043720 0.060930
2 0.540630 0.649990 0.049990 0.059330
3 0.581230 0.653100 0.035930 0.045270
3 0.553080 0.518750 0.035930 0.043720
0 0.590620 0.590620 0.042160 0.049990
0 0.603110 0.532800 0.040600 0.048430
4 0.610890 0.470270 0.048430 0.049990
1 0.618720 0.412500 0.049990 0.049990
5 0.562460 0.462490 0.037490 0.045270
5 0.546850 0.587460 0.040600 0.048430
