1 0.670270 0.356240 0.059330 0.042160
4 0.737470 0.353120 0.070270 0.048430
2 0.665600 0.406230 0.062490 0.039050
5 0.731240 0.406230 0.053100 0.037490
2 0.406230 0.456210 0.048430 0.039050
5 0.353120 0.456210 0.051540 0.035930
3 0.412500 0.410890 0.040600 0.032780
3 0.284370 0.462490 0.046880 0.032780
0 0.281210 0.414050 0.056210 0.035930
0 0.346850 0.409340 0.049990 0.037490
6 0.287480 0.653100 0.056210 0.042160
6 0.667150 0.646830 0.046880 0.042160
7 0.281210 0.701530 0.064040 0.054660
9 0.353120 0.649990 0.040600 0.031220
9 0.731240 0.595280 0.042160 0.031220
11 0.349970 0.699980 0.051540 0.046880
11 0.606230 0.646830 0.046880 0.045270
8 0.604670 0.600000 0.048430 0.043720
8 0.668710 0.603110 0.046880 0.042160
10 0.734360 0.646830 0.062490 0.045270
