0 0.609340 0.674980 0.099980 0.054660
0 0.531240 0.685920 0.104650 0.057770
3 0.449990 0.706250 0.074980 0.049990
3 0.574960 0.615610 0.073430 0.040600
1 0.731240 0.654660 0.131240 0.062490
2 0.724970 0.596840 0.126530 0.054660
4 0.674980 0.665600 0.121860 0.060930
5 0.653100 0.606230 0.096860 0.048430
5 0.534360 0.624990 0.095310 0.051540
2 0.471870 0.637490 0.115590 0.057770
8 0.639050 0.337470 0.107800 0.065600
8 0.562460 0.328080 0.107800 0.074980
9 0.484370 0.334360 0.074980 0.046880
9 0.326530 0.335910 0.074980 0.049990
6 0.421840 0.337470 0.098420 0.060930
6 0.562460 0.271870 0.110920 0.059330
11 0.624990 0.278100 0.104650 0.064040
11 0.328080 0.270270 0.093710 0.065600
7 0.428110 0.271870 0.112470 0.071870
10 0.499980 0.262490 0.124970 0.081210
