8 0.456210 0.465600 0.043720 0.090590
8 0.453100 0.526530 0.046880 0.082760
11 0.412500 0.482760 0.045270 0.070270
11 0.418720 0.756240 0.043720 0.062490
6 0.410890 0.543740 0.043720 0.074980
9 0.465600 0.603110 0.039050 0.056210
9 0.474980 0.749970 0.039050 0.051540
6 0.467150 0.670270 0.043720 0.068710
7 0.409340 0.674980 0.051540 0.070270
10 0.407780 0.609340 0.053100 0.076540
1 0.531240 0.279650 0.042160 0.099980
2 0.481210 0.293710 0.039050 0.085920
4 0.534360 0.343740 0.043720 0.096860
5 0.487480 0.353120 0.037490 0.073430
0 0.543740 0.406230 0.037490 0.073430
0 0.549970 0.478100 0.040600 0.071870
3 0.496860 0.418720 0.035930 0.056210
5 0.499980 0.478100 0.042160 0.068710
2 0.506250 0.537470 0.043720 0.070270
3 0.556240 0.546850 0.039050 0.053100
