6 0.293710 0.709360 0.049990 0.049990
6 0.556240 0.631220 0.046880 0.040600
8 0.359350 0.715590 0.056210 0.053100
8 0.615610 0.637490 0.049990 0.037490
9 0.428110 0.714030 0.039050 0.035930
9 0.665600 0.640600 0.042160 0.032780
7 0.503090 0.624990 0.048430 0.046880
10 0.446880 0.618720 0.046880 0.043720
11 0.392170 0.600000 0.045270 0.039050
11 0.657770 0.334360 0.045270 0.045270
3 0.659370 0.218720 0.042160 0.039050
3 0.600000 0.256210 0.042160 0.035930
0 0.562460 0.117190 0.048430 0.060930
0 0.471870 0.112470 0.046880 0.054660
5 0.546850 0.212500 0.045270 0.048430
5 0.471870 0.218720 0.046880 0.048430
4 0.393730 0.190620 0.057770 0.059330
2 0.487480 0.181230 0.046880 0.054660
2 0.585900 0.181230 0.046880 0.051540
1 0.381230 0.131240 0.048430 0.062490
