6 0.324970 0.265600 0.043720 0.043720
6 0.574960 0.378120 0.042160 0.034380
8 0.390620 0.267150 0.049990 0.046880
8 0.634380 0.381230 0.046880 0.031220
9 0.459330 0.278100 0.034380 0.031220
9 0.684370 0.382790 0.039050 0.028110
7 0.518750 0.376520 0.043720 0.040600
10 0.464040 0.374960 0.042160 0.037490
11 0.406230 0.384340 0.040600 0.034380
11 0.634380 0.684370 0.040600 0.040600
3 0.618720 0.801560 0.037490 0.034380
3 0.565620 0.756240 0.037490 0.031220
0 0.509360 0.887480 0.040600 0.056210
0 0.417170 0.879650 0.040600 0.049990
5 0.506250 0.792170 0.039050 0.043720
5 0.432780 0.774960 0.040600 0.043720
4 0.353120 0.790620 0.051540 0.053100
2 0.443720 0.815610 0.040600 0.049990
2 0.540630 0.826550 0.040600 0.046880
1 0.331240 0.849990 0.040600 0.057770
