9 0.334360 0.278100 0.043720 0.070270
9 0.431220 0.640600 0.045270 0.064040
8 0.409340 0.499980 0.056210 0.093710
8 0.418720 0.567180 0.053100 0.084370
11 0.349970 0.506250 0.060930 0.087480
11 0.284370 0.278100 0.056210 0.093710
6 0.365580 0.578120 0.057770 0.078100
6 0.434380 0.718750 0.049990 0.071870
7 0.378120 0.724970 0.065600 0.084370
10 0.365580 0.646830 0.067150 0.099980
2 0.670270 0.673430 0.065600 0.096860
2 0.556240 0.409340 0.049990 0.090590
1 0.734360 0.662490 0.064040 0.085920
3 0.612500 0.412500 0.046880 0.067150
0 0.603110 0.339020 0.053100 0.092150
0 0.581230 0.279650 0.051540 0.093710
3 0.531240 0.303090 0.042160 0.068710
5 0.528080 0.237490 0.046880 0.085920
4 0.571850 0.212500 0.059330 0.112470
4 0.537470 0.357790 0.046880 0.082760
