1 0.318750 0.399950 0.060930 0.048430
2 0.324970 0.346850 0.073430 0.043720
1 0.593730 0.365580 0.057770 0.042160
3 0.590620 0.317190 0.046880 0.037490
0 0.645270 0.368730 0.048430 0.040600
0 0.724970 0.318750 0.054660 0.043720
5 0.659370 0.315590 0.048430 0.045270
5 0.728080 0.365580 0.054660 0.045270
3 0.793730 0.321860 0.049990 0.039050
4 0.793730 0.365580 0.076540 0.049990
8 0.721860 0.562460 0.057770 0.043720
11 0.703090 0.618720 0.060930 0.042160
9 0.781230 0.620280 0.048430 0.034380
6 0.784340 0.568730 0.057770 0.037490
6 0.453100 0.603110 0.048430 0.040600
11 0.304650 0.643720 0.053100 0.043720
7 0.306250 0.593730 0.064040 0.043720
9 0.387460 0.595280 0.043720 0.032780
10 0.371850 0.649990 0.054660 0.046880
8 0.437490 0.657770 0.060930 0.048430
