2 0.642160 0.420280 0.065600 0.045270
2 0.496860 0.453100 0.054660 0.040600
3 0.381230 0.387460 0.048430 0.039050
3 0.559350 0.459330 0.046880 0.040600
0 0.384340 0.434380 0.051540 0.040600
0 0.443720 0.395280 0.051540 0.040600
1 0.442160 0.443720 0.048430 0.040600
5 0.623440 0.468710 0.048430 0.040600
5 0.571850 0.415610 0.049990 0.040600
4 0.512470 0.403110 0.053100 0.049990
8 0.362460 0.579670 0.053100 0.046880
8 0.420280 0.634380 0.053100 0.049990
11 0.423440 0.582790 0.049990 0.042160
11 0.481210 0.640600 0.048430 0.046880
10 0.348410 0.628110 0.062490 0.051540
9 0.484370 0.590620 0.046880 0.037490
9 0.624990 0.610890 0.043720 0.034380
6 0.546850 0.598400 0.048430 0.037490
6 0.606230 0.660930 0.054660 0.043720
7 0.546850 0.651540 0.056210 0.051540
