0 0.306250 0.631220 0.057770 0.042160
1 0.298420 0.578120 0.073430 0.045270
2 0.354680 0.573400 0.059330 0.040600
2 0.496860 0.609340 0.054660 0.046880
5 0.437490 0.624990 0.051540 0.042160
5 0.503090 0.559350 0.049990 0.039050
3 0.429660 0.562460 0.046880 0.037490
4 0.359350 0.624990 0.068710 0.051540
0 0.770290 0.578120 0.062490 0.043720
3 0.779670 0.628110 0.051540 0.040600
8 0.481210 0.409340 0.051540 0.048430
8 0.543740 0.349970 0.062490 0.054660
10 0.478100 0.356240 0.054660 0.053100
11 0.549970 0.406230 0.051540 0.042160
11 0.609340 0.346850 0.054660 0.053100
9 0.621840 0.399950 0.045270 0.037490
9 0.749970 0.384340 0.049990 0.037490
6 0.678100 0.393730 0.051540 0.042160
6 0.732800 0.334360 0.060930 0.049990
7 0.674980 0.337470 0.067150 0.054660
