0 0.603110 0.631220 0.046880 0.070270
5 0.612500 0.704650 0.046880 0.067150
2 0.593730 0.228110 0.042160 0.092150
0 0.543740 0.706250 0.046880 0.065600
2 0.607780 0.474980 0.056210 0.092150
3 0.645270 0.240600 0.039050 0.067150
4 0.549970 0.535910 0.046880 0.107800
11 0.435930 0.490590 0.046880 0.081210
6 0.499980 0.229660 0.034380 0.089040
8 0.446880 0.221840 0.046880 0.095310
5 0.546850 0.628110 0.045270 0.068710
7 0.495310 0.345300 0.035930 0.103090
10 0.449990 0.284370 0.043720 0.095310
3 0.601560 0.565620 0.039050 0.057770
1 0.548410 0.468710 0.040600 0.089040
11 0.446880 0.349970 0.037490 0.082760
8 0.490590 0.478100 0.040600 0.079650
9 0.492150 0.293710 0.034380 0.065600
6 0.487480 0.412500 0.039050 0.078100
9 0.440600 0.424990 0.035930 0.059330
