6 0.732800 0.335910 0.045270 0.043720
8 0.734360 0.399950 0.049990 0.053100
9 0.728080 0.465600 0.035930 0.039050
9 0.637490 0.648430 0.031220 0.039050
8 0.637490 0.589060 0.040600 0.048430
6 0.634380 0.537470 0.039050 0.045270
7 0.631220 0.468710 0.040600 0.042160
10 0.632780 0.415610 0.042160 0.049990
11 0.628110 0.359350 0.035930 0.042160
11 0.346850 0.653100 0.040600 0.048430
3 0.271870 0.590620 0.031220 0.039050
3 0.231220 0.646830 0.034380 0.040600
0 0.143740 0.543740 0.053100 0.043720
0 0.145300 0.456210 0.048430 0.043720
1 0.171850 0.368730 0.057770 0.046880
4 0.231220 0.387460 0.053100 0.053100
5 0.249990 0.465600 0.042160 0.040600
5 0.234380 0.535910 0.042160 0.042160
2 0.209340 0.476540 0.046880 0.042160
2 0.203110 0.571850 0.045270 0.043720
