8 0.699980 0.457770 0.068710 0.043720
8 0.643720 0.399950 0.071870 0.046880
10 0.712470 0.407780 0.062490 0.049990
11 0.578120 0.393730 0.049990 0.046880
11 0.631220 0.446880 0.053100 0.039050
9 0.556240 0.446880 0.045270 0.032780
9 0.424990 0.431220 0.046880 0.035930
6 0.499980 0.443720 0.046880 0.037490
6 0.443720 0.381230 0.049990 0.042160
7 0.499980 0.390620 0.051540 0.048430
3 0.553080 0.640600 0.046880 0.037490
3 0.362460 0.568730 0.046880 0.037490
0 0.556240 0.589060 0.048430 0.040600
0 0.484370 0.639050 0.049990 0.042160
1 0.490590 0.581230 0.051540 0.042160
4 0.415610 0.632780 0.057770 0.051540
2 0.420280 0.574960 0.051540 0.045270
2 0.281210 0.612500 0.064040 0.046880
5 0.296860 0.562460 0.054660 0.042160
5 0.356240 0.621840 0.056210 0.045270
