3 0.614050 0.459330 0.043720 0.035930
3 0.443720 0.534360 0.043720 0.035930
0 0.618720 0.510920 0.046880 0.037490
0 0.557790 0.468710 0.046880 0.039050
1 0.559350 0.512470 0.046880 0.042160
5 0.424990 0.481210 0.045270 0.037490
5 0.371850 0.490590 0.049990 0.035930
2 0.384340 0.537470 0.046880 0.039050
2 0.496860 0.523410 0.046880 0.042160
4 0.496860 0.474980 0.048430 0.039050
10 0.631220 0.553080 0.057770 0.045270
8 0.629660 0.604670 0.053100 0.040600
8 0.568730 0.618720 0.053100 0.043720
11 0.559350 0.564020 0.046880 0.035930
11 0.507800 0.614050 0.046880 0.039050
9 0.490590 0.570290 0.043720 0.034380
9 0.374960 0.579670 0.043720 0.032780
6 0.390620 0.626550 0.049990 0.037490
6 0.443720 0.578120 0.046880 0.035930
7 0.448430 0.621840 0.049990 0.043720
