11 0.574960 0.365580 0.046880 0.040600
11 0.315590 0.359350 0.049990 0.042160
8 0.320300 0.412500 0.048430 0.040600
8 0.387460 0.406230 0.045270 0.043720
6 0.389060 0.365580 0.045270 0.040600
6 0.518750 0.415610 0.043720 0.032780
9 0.456210 0.418720 0.039050 0.029660
9 0.576520 0.414050 0.040600 0.028110
10 0.459330 0.367180 0.046880 0.040600
7 0.517190 0.364020 0.046880 0.042160
2 0.390620 0.551520 0.056210 0.037490
2 0.640600 0.562460 0.054660 0.043720
3 0.637490 0.604670 0.040600 0.031220
3 0.509360 0.556240 0.039050 0.031220
0 0.574960 0.603110 0.045270 0.037490
0 0.515590 0.606230 0.043720 0.034380
4 0.453100 0.604670 0.045270 0.043720
1 0.396840 0.603110 0.043720 0.043720
5 0.453100 0.556240 0.040600 0.032780
5 0.579670 0.559350 0.043720 0.034380
