8 0.464040 0.518750 0.045270 0.071870
8 0.443720 0.593730 0.042160 0.074980
11 0.415610 0.512470 0.045270 0.068710
6 0.407780 0.592170 0.039050 0.059330
9 0.449990 0.662490 0.035930 0.049990
6 0.448430 0.731240 0.040600 0.059330
10 0.393730 0.637490 0.048430 0.078100
7 0.389060 0.731240 0.048430 0.062490
9 0.440600 0.293710 0.035930 0.059330
11 0.396840 0.285920 0.039050 0.073430
2 0.553080 0.724970 0.042160 0.065600
1 0.614050 0.731240 0.053100 0.059330
3 0.565620 0.487480 0.034380 0.051540
2 0.518750 0.462490 0.039050 0.068710
0 0.567180 0.412500 0.039050 0.070270
0 0.565620 0.353120 0.037490 0.073430
3 0.529690 0.353120 0.031220 0.056210
5 0.523410 0.406230 0.039050 0.068710
4 0.571850 0.287480 0.042160 0.095310
5 0.529690 0.296860 0.035930 0.071870
