1 0.278100 0.634380 0.107800 0.049990
5 0.290590 0.581230 0.082760 0.040600
5 0.554680 0.596840 0.073430 0.043720
4 0.346850 0.584340 0.104650 0.042160
2 0.345300 0.637490 0.089040 0.049990
2 0.549970 0.660930 0.071870 0.056210
3 0.478100 0.645270 0.060930 0.039050
3 0.431220 0.587460 0.060930 0.035930
0 0.403110 0.642160 0.079650 0.043720
0 0.478100 0.589060 0.076540 0.040600
8 0.346850 0.334360 0.085920 0.059330
8 0.424990 0.268710 0.084370 0.065600
10 0.356240 0.274980 0.098420 0.065600
11 0.421840 0.328080 0.079650 0.049990
11 0.490590 0.265600 0.082760 0.056210
9 0.493710 0.324970 0.060930 0.039050
9 0.645270 0.317190 0.057770 0.042160
6 0.562460 0.323410 0.073430 0.053100
6 0.649990 0.256210 0.065600 0.062490
7 0.556240 0.262490 0.082760 0.064040
