2 0.265600 0.474980 0.068710 0.035930
3 0.274980 0.424990 0.043720 0.031220
0 0.331240 0.431220 0.046880 0.035930
1 0.521860 0.420280 0.043720 0.031220
5 0.337470 0.478100 0.049990 0.034380
5 0.462490 0.468710 0.042160 0.031220
3 0.403110 0.468710 0.039050 0.031220
0 0.403110 0.423440 0.043720 0.031220
2 0.524970 0.467150 0.042160 0.037490
4 0.460930 0.424990 0.045270 0.040600
8 0.724970 0.509360 0.057770 0.043720
8 0.656210 0.512470 0.049990 0.037490
11 0.465600 0.562460 0.042160 0.034380
11 0.721860 0.553080 0.056210 0.032780
9 0.471870 0.515590 0.040600 0.031220
6 0.532800 0.512470 0.043720 0.031220
6 0.657770 0.554680 0.043720 0.031220
9 0.593730 0.512470 0.040600 0.028110
10 0.596840 0.559350 0.053100 0.040600
7 0.524970 0.559350 0.042160 0.037490
