11 0.268710 0.370290 0.056210 0.043720
11 0.343740 0.320300 0.046880 0.042160
8 0.265600 0.315590 0.051540 0.060930
8 0.724970 0.409340 0.065600 0.039050
10 0.732800 0.359350 0.068710 0.043720
9 0.465600 0.370290 0.040600 0.031220
9 0.343740 0.367180 0.043720 0.034380
7 0.404670 0.314030 0.049990 0.049990
6 0.462490 0.318750 0.046880 0.042160
6 0.403110 0.370290 0.046880 0.039050
0 0.471870 0.607780 0.046880 0.039050
0 0.537470 0.653100 0.046880 0.042160
3 0.471870 0.653100 0.043720 0.032780
1 0.540630 0.606230 0.049990 0.042160
4 0.595280 0.601560 0.049990 0.045270
2 0.600000 0.653100 0.053100 0.039050
2 0.734360 0.653100 0.060930 0.048430
5 0.668710 0.656210 0.053100 0.043720
5 0.718750 0.606230 0.053100 0.039050
3 0.671870 0.600000 0.043720 0.032780
