1 0.609340 0.399950 0.057770 0.048430
2 0.615610 0.349970 0.068710 0.046880
4 0.535910 0.406230 0.051540 0.046880
3 0.543740 0.359350 0.043720 0.034380
5 0.471870 0.418720 0.048430 0.039050
5 0.398400 0.371850 0.046880 0.040600
0 0.474980 0.368730 0.049990 0.045270
0 0.412500 0.420280 0.049990 0.039050
3 0.343740 0.379670 0.046880 0.034380
2 0.346850 0.424990 0.060930 0.039050
8 0.359350 0.565620 0.068710 0.040600
9 0.417170 0.617170 0.043720 0.035930
7 0.485920 0.559350 0.046880 0.034380
9 0.537470 0.556240 0.043720 0.032780
11 0.348410 0.623440 0.059330 0.042160
6 0.434380 0.565620 0.046880 0.034380
11 0.493710 0.612500 0.048430 0.037490
6 0.624990 0.549970 0.049990 0.042160
8 0.628110 0.604670 0.067150 0.046880
10 0.560910 0.606230 0.049990 0.043720
