11 0.600000 0.242160 0.035930 0.081210
11 0.593730 0.360910 0.037490 0.081210
7 0.549970 0.228110 0.035930 0.096860
9 0.598400 0.298420 0.032780 0.056210
6 0.546850 0.296860 0.035930 0.084370
8 0.546850 0.343740 0.037490 0.084370
8 0.662490 0.621840 0.046880 0.070270
6 0.603110 0.621840 0.042160 0.064040
10 0.665600 0.696860 0.051540 0.079650
9 0.603110 0.698420 0.034380 0.046880
1 0.384340 0.615610 0.053100 0.079650
2 0.324970 0.617170 0.062490 0.076540
4 0.378120 0.693710 0.057770 0.073430
3 0.323410 0.706250 0.040600 0.049990
5 0.353120 0.243720 0.042160 0.079650
0 0.309360 0.246880 0.043720 0.082760
0 0.351520 0.299980 0.042160 0.082760
5 0.303090 0.296860 0.045270 0.078100
2 0.343740 0.349970 0.049990 0.085920
3 0.295310 0.359350 0.039050 0.056210
