11 0.359350 0.699980 0.053100 0.068710
1 0.543740 0.709360 0.046880 0.070270
2 0.598400 0.715590 0.057770 0.082760
3 0.656210 0.424990 0.042160 0.060930
8 0.371850 0.549970 0.057770 0.082760
5 0.649990 0.353120 0.046880 0.085920
8 0.496860 0.274980 0.053100 0.096860
2 0.603110 0.424990 0.059330 0.082760
0 0.596840 0.356240 0.043720 0.079650
10 0.365580 0.623440 0.051540 0.089040
5 0.600000 0.281210 0.046880 0.092150
3 0.656210 0.234380 0.040600 0.073430
0 0.649990 0.284370 0.043720 0.093710
4 0.609340 0.212500 0.040600 0.096860
6 0.501530 0.209340 0.037490 0.082760
6 0.429660 0.553080 0.045270 0.064040
11 0.443720 0.278100 0.039050 0.085920
7 0.420280 0.710920 0.045270 0.064040
9 0.449990 0.218720 0.032780 0.065600
9 0.428110 0.635930 0.037490 0.049990
