7 0.324970 0.439050 0.049990 0.051540
8 0.324970 0.574960 0.048430 0.048430
10 0.329690 0.378120 0.053100 0.065600
6 0.331240 0.518750 0.045270 0.049990
0 0.893710 0.568730 0.062490 0.048430
8 0.210890 0.432780 0.059330 0.056210
1 0.843720 0.371850 0.064040 0.053100
11 0.335910 0.321860 0.043720 0.056210
4 0.785900 0.395280 0.059330 0.059330
9 0.331240 0.642160 0.042160 0.046880
2 0.829660 0.603110 0.056210 0.049990
11 0.668710 0.768730 0.043720 0.053100
0 0.881210 0.467150 0.056210 0.048430
2 0.812500 0.493710 0.056210 0.049990
6 0.212500 0.360910 0.059330 0.049990
3 0.800000 0.690590 0.040600 0.043720
5 0.787460 0.562460 0.049990 0.043720
9 0.221840 0.504650 0.037490 0.040600
5 0.765580 0.481210 0.046880 0.046880
3 0.749970 0.624990 0.034380 0.043720
