1 0.585900 0.378120 0.045270 0.056210
2 0.634380 0.365580 0.042160 0.067150
4 0.590620 0.453100 0.043720 0.049990
3 0.632780 0.440600 0.032780 0.042160
5 0.584340 0.518750 0.037490 0.046880
5 0.639050 0.584340 0.039050 0.045270
0 0.634380 0.509360 0.042160 0.048430
0 0.589060 0.576520 0.035930 0.048430
3 0.637490 0.640600 0.032780 0.045270
2 0.592170 0.643720 0.035930 0.059330
8 0.453100 0.646830 0.035930 0.067150
9 0.393730 0.596840 0.034380 0.042160
7 0.442160 0.521860 0.032780 0.045270
9 0.440600 0.470270 0.031220 0.042160
11 0.396840 0.665600 0.039050 0.057770
6 0.443720 0.571850 0.032780 0.045270
11 0.389060 0.521860 0.035930 0.046880
6 0.434380 0.381230 0.039050 0.048430
8 0.381230 0.385900 0.043720 0.065600
10 0.387460 0.453100 0.040600 0.048430
