8 0.309360 0.424990 0.068710 0.042160
8 0.374960 0.374960 0.071870 0.045270
10 0.306250 0.371850 0.060930 0.048430
11 0.440600 0.381230 0.048430 0.045270
11 0.381230 0.424990 0.051540 0.037490
9 0.453100 0.439050 0.043720 0.031220
9 0.587460 0.446880 0.045270 0.034380
6 0.509360 0.443720 0.045270 0.035930
6 0.578120 0.393730 0.049990 0.040600
7 0.518750 0.390620 0.049990 0.046880
3 0.424990 0.628110 0.045270 0.035930
3 0.621840 0.590620 0.045270 0.035930
0 0.429660 0.578120 0.048430 0.039050
0 0.492150 0.640600 0.049990 0.040600
1 0.495310 0.582790 0.051540 0.040600
4 0.559350 0.645270 0.056210 0.049990
2 0.565620 0.587460 0.049990 0.043720
2 0.696860 0.648430 0.062490 0.045270
5 0.689040 0.596840 0.054660 0.040600
5 0.621840 0.645270 0.054660 0.043720
