10 0.740580 0.374960 0.103090 0.051540
9 0.721860 0.431220 0.056210 0.031220
11 0.668710 0.384340 0.081210 0.042160
11 0.549970 0.390620 0.081210 0.043720
9 0.604670 0.389060 0.057770 0.035930
7 0.684370 0.431220 0.092150 0.042160
6 0.617170 0.437490 0.079650 0.040600
8 0.548410 0.437490 0.078100 0.049990
6 0.262490 0.409340 0.065600 0.045270
8 0.260930 0.345300 0.078100 0.053100
1 0.431220 0.609340 0.078100 0.046880
2 0.435930 0.662490 0.079650 0.057770
4 0.360910 0.620280 0.081210 0.057770
3 0.353120 0.670270 0.053100 0.042160
5 0.285920 0.631220 0.060930 0.048430
3 0.278100 0.682760 0.059330 0.048430
0 0.749970 0.621840 0.084370 0.046880
5 0.749970 0.671870 0.081210 0.049990
3 0.684370 0.678100 0.062490 0.042160
2 0.687480 0.631220 0.085920 0.054660
