1 0.723410 0.340630 0.073430 0.053100
2 0.718750 0.287480 0.071870 0.062490
4 0.656210 0.340630 0.068710 0.056210
3 0.639050 0.303090 0.045270 0.042160
5 0.584340 0.356240 0.051540 0.048430
0 0.578120 0.309360 0.051540 0.048430
0 0.523410 0.365580 0.051540 0.045270
5 0.515590 0.315590 0.048430 0.048430
2 0.456210 0.365580 0.048430 0.053100
3 0.460930 0.321860 0.045270 0.039050
6 0.487480 0.609340 0.049990 0.039050
6 0.292150 0.631220 0.059330 0.042160
8 0.490590 0.662490 0.051540 0.057770
10 0.423440 0.668710 0.057770 0.046880
9 0.417170 0.615610 0.045270 0.035930
9 0.296860 0.678100 0.046880 0.035930
11 0.359350 0.674980 0.053100 0.042160
7 0.356240 0.628110 0.060930 0.046880
8 0.749970 0.539020 0.081210 0.045270
11 0.746850 0.581230 0.065600 0.039050
