0 0.489040 0.315590 0.035930 0.049990
0 0.474980 0.767180 0.035930 0.053100
3 0.428110 0.771850 0.034380 0.046880
3 0.531240 0.443720 0.031220 0.040600
1 0.526530 0.315590 0.039050 0.065600
4 0.478100 0.381230 0.037490 0.053100
2 0.526530 0.378120 0.039050 0.060930
2 0.528080 0.506250 0.035930 0.053100
5 0.481210 0.449990 0.032780 0.043720
5 0.478100 0.503090 0.034380 0.043720
10 0.574960 0.509360 0.043720 0.046880
8 0.628110 0.514030 0.048430 0.048430
8 0.618720 0.581230 0.040600 0.049990
11 0.568730 0.578120 0.035930 0.045270
11 0.612500 0.637490 0.039050 0.046880
9 0.570290 0.642160 0.031220 0.043720
9 0.568730 0.765580 0.034380 0.045270
6 0.571850 0.710920 0.039050 0.048430
6 0.618720 0.768730 0.042160 0.053100
7 0.615610 0.718750 0.042160 0.057770
