11 0.306250 0.321860 0.060930 0.046880
10 0.368730 0.318750 0.070270 0.056210
7 0.434380 0.315590 0.054660 0.051540
6 0.512470 0.321860 0.051540 0.048430
6 0.348410 0.193730 0.054660 0.057770
8 0.421840 0.193730 0.059330 0.064040
8 0.574960 0.317190 0.053100 0.051540
9 0.645270 0.324970 0.046880 0.039050
9 0.499980 0.209340 0.046880 0.042160
11 0.779670 0.679650 0.057770 0.046880
5 0.473430 0.784340 0.048430 0.053100
5 0.559350 0.807780 0.048430 0.053100
3 0.626550 0.767180 0.046880 0.040600
3 0.692150 0.818720 0.049990 0.045270
2 0.600000 0.848430 0.056210 0.059330
2 0.487480 0.834330 0.051540 0.062490
0 0.456210 0.907800 0.051540 0.060930
0 0.564020 0.918750 0.051540 0.070270
4 0.379670 0.801560 0.064040 0.064040
1 0.356240 0.870270 0.051540 0.071870
