5 0.378120 0.521860 0.049990 0.070270
0 0.378120 0.460930 0.046880 0.074980
11 0.640600 0.581230 0.046880 0.064040
2 0.365580 0.321860 0.054660 0.096860
2 0.429660 0.587460 0.049990 0.064040
7 0.581230 0.576520 0.045270 0.076540
6 0.581230 0.443720 0.040600 0.076540
11 0.654660 0.729690 0.053100 0.059330
4 0.421840 0.378120 0.040600 0.095310
8 0.642160 0.446880 0.053100 0.076540
3 0.371850 0.589060 0.040600 0.054660
5 0.428110 0.459330 0.040600 0.067150
1 0.418720 0.315590 0.040600 0.095310
0 0.424990 0.503090 0.043720 0.085920
10 0.643720 0.503090 0.046880 0.082760
6 0.592170 0.654660 0.042160 0.060930
9 0.581230 0.512470 0.035930 0.051540
8 0.596840 0.731240 0.045270 0.054660
3 0.376520 0.403110 0.037490 0.057770
9 0.646830 0.654660 0.039050 0.051540
