8 0.403110 0.207780 0.043720 0.112470
11 0.362460 0.223440 0.040600 0.093710
6 0.368730 0.460930 0.046880 0.081210
8 0.309360 0.460930 0.068710 0.089040
10 0.310920 0.528080 0.056210 0.095310
11 0.312470 0.604670 0.049990 0.076540
6 0.376520 0.674980 0.049990 0.068710
9 0.374960 0.540630 0.039050 0.057770
9 0.320300 0.685920 0.045270 0.059330
7 0.368730 0.590620 0.056210 0.087480
2 0.642160 0.446880 0.059330 0.085920
3 0.687480 0.443720 0.042160 0.062490
0 0.621840 0.381230 0.048430 0.085920
0 0.667150 0.320300 0.053100 0.090590
5 0.678100 0.381230 0.049990 0.082760
5 0.618720 0.324970 0.046880 0.084370
4 0.615610 0.254660 0.056210 0.109360
3 0.662490 0.274980 0.039050 0.064040
1 0.603110 0.200000 0.056210 0.114030
2 0.654660 0.198400 0.062490 0.106250
