11 0.584340 0.659370 0.065600 0.048430
9 0.590620 0.603110 0.053100 0.035930
9 0.446880 0.600000 0.056210 0.035930
6 0.512470 0.600000 0.065600 0.042160
6 0.376520 0.649990 0.074980 0.042160
10 0.440600 0.662490 0.095310 0.054660
7 0.504650 0.662490 0.079650 0.054660
11 0.315590 0.649990 0.079650 0.048430
8 0.306250 0.598400 0.093710 0.045270
8 0.371850 0.596840 0.095310 0.051540
2 0.249990 0.449990 0.087480 0.042160
2 0.499980 0.437490 0.078100 0.039050
1 0.242160 0.390620 0.093710 0.045270
4 0.303090 0.396840 0.103090 0.045270
5 0.307800 0.446880 0.078100 0.039050
5 0.440600 0.443720 0.071870 0.039050
0 0.371850 0.387460 0.079650 0.039050
3 0.384340 0.443720 0.059330 0.034380
3 0.515590 0.385900 0.056210 0.037490
0 0.424990 0.390620 0.078100 0.039050
