9 0.348410 0.543740 0.045270 0.031220
9 0.590620 0.549970 0.042160 0.031220
6 0.343740 0.492150 0.051540 0.034380
6 0.470270 0.549970 0.045270 0.035930
8 0.410890 0.546850 0.045270 0.042160
8 0.465600 0.499980 0.053100 0.037490
7 0.529690 0.553080 0.046880 0.037490
11 0.521860 0.499980 0.045270 0.032780
11 0.399950 0.496860 0.045270 0.032780
10 0.592170 0.509360 0.048430 0.037490
0 0.346850 0.445270 0.049990 0.035930
3 0.342180 0.390620 0.042160 0.032780
3 0.598400 0.462490 0.043720 0.032780
0 0.471870 0.409340 0.045270 0.034380
2 0.409340 0.443720 0.045270 0.035930
2 0.467150 0.459330 0.045270 0.035930
1 0.524970 0.412500 0.045270 0.045270
5 0.534360 0.456210 0.045270 0.032780
5 0.399950 0.393730 0.048430 0.040600
4 0.596840 0.412500 0.051540 0.046880
