1 0.556240 0.259370 0.035930 0.060930
2 0.612500 0.262490 0.051540 0.065600
2 0.562460 0.540630 0.042160 0.048430
3 0.606230 0.334360 0.034380 0.046880
0 0.603110 0.404670 0.039050 0.049990
3 0.606230 0.531240 0.034380 0.045270
0 0.559350 0.465600 0.035930 0.046880
5 0.606230 0.471870 0.037490 0.046880
5 0.556240 0.406230 0.035930 0.045270
4 0.560910 0.342180 0.042160 0.056210
6 0.512470 0.471870 0.034380 0.048430
6 0.509360 0.668710 0.035930 0.049990
9 0.462490 0.653100 0.034380 0.043720
9 0.509360 0.543740 0.032780 0.043720
10 0.459330 0.534360 0.037490 0.048430
8 0.467150 0.459330 0.037490 0.051540
8 0.510920 0.734360 0.039050 0.051540
11 0.462490 0.724970 0.032780 0.051540
11 0.468710 0.590620 0.034380 0.046880
7 0.512470 0.600000 0.031220 0.048430
